10.5233  -1156.83 
10.4992  -1217.31 
10.6086  -1372.97 
7.91435  2013.22 
9.65352  -670.645 
8.58217  1236.78 
7.91435  2013.22 
7.84825  2027.56 
9.13075  489.829 
9.49041  -46.6267 
9.66844  -686.961 
8.89019  329.65 
9.59598  -605.405 
9.5945  -604.147 
9.74537  -773.224 
9.59598  -605.405 
7.84078  2035.72 
7.93264  1933.14 
9.59598  -605.405 
8.35195  1476.91 
8.80793  953.169 
8.89701  822.95 
8.32956  1501.38 
9.15018  467.873 
8.90746  811.342 
8.9493  763.98 
9.73791  -765.067 
8.88804  833.299 
8.33703  1493.23 
8.42515  1394.73 
9.59225  -601.326 
7.85944  2015.32 
8.81166  949.09 
7.86317  2011.24 
8.95303  759.901 
9.76402  -793.619 
9.59598  -605.405 
9.01651  616.881 
8.25541  1615.29 
9.6184  -630.811 
8.33329  1497.31 
7.7457  2173.77 
9.64978  -666.566 
7.87436  1999.01 
10.1867  -1313.61 
9.6759  -695.118 
9.65352  -670.645 
8.92827  287.299 
7.87436  1999.01 
8.94184  772.138 
10.183  -1309.53 
9.66098  -678.803 
8.71608  1055.75 
9.29163  -132.302 
9.65725  -674.724 
9.65725  -674.724 
8.65463  1155.22 
9.67963  -699.197 
9.64605  -662.488 
8.2905  1576.39 
8.33329  1497.31 
9.64605  -662.488 
6.85826  3197.69 
8.75564  1012.14 
8.35719  1470.64 
10.1591  -1282.86 
8.74593  1023.12 
9.64978  -666.566 
7.7741  2141.46 
10.4982  -1076.42 
10.3694  -961.553 
10.5618  -1258.66 
10.2413  -1129.96 
10.3221  -1254.08 
10.2899  -1108.58 
8.88646  333.729 
9.29537  -136.381 
10.102  -1952.55 
9.21172  -42.589 
10.244  -2116.88 
10.1537  -2015.56 
8.40888  855.823 
8.43873  823.192 
9.84522  -829.873 
9.76834  -1537.29 
8.4238  839.507 
10.0993  -1215.74 
8.80281  427.521 
9.84895  -833.952 
10.1761  -2040.96 
9.43001  -318.042 
10.191  -2057.28 
10.1417  -2001.76 
8.36331  907.264 
10.2134  -2081.75 
9.79142  -768.712 
9.77208  -1541.37 
9.2879  -128.223 
8.86781  354.123 
10.1531  -1276.9 
10.1985  -2065.44 
8.41634  847.665 
8.40888  855.823 
10.1873  -2053.2 
8.40515  859.902 
10.1494  -1272.82 
10.1798  -2045.04 
8.87527  345.966 
10.1798  -2045.04 
9.77208  -1541.37 
10.1761  -2040.96 
10.1761  -2040.96 
9.85642  -842.11 
9.77208  -1541.37 
10.1761  -2040.96 
8.88646  333.729 
9.43374  -322.121 
8.96265  248.095 
9.28417  -124.144 
8.45818  800.303 
10.1568  -1280.98 
9.29163  -132.302 
10.1531  -1276.9 
8.41634  847.665 
10.1761  -2040.96 
10.1634  -2026.53 
10.1718  -1297.29 
8.90814  308.952 
9.76088  -1529.13 
8.88646  333.729 
10.1798  -2045.04 
8.88273  337.808 
10.1604  -2023.08 
9.26925  -107.829 
8.86407  358.202 
8.92753  287.929 
10.1798  -2045.04 
10.1531  -1276.9 
10.1904  -1317.69 
10.1836  -2049.12 
10.1949  -1323.33 
10.3868  -1487.27 
10.3778  -1362.36 
10.4093  -1384.54 
10.4839  -1072.49 
10.6203  -1166.56 
10.3889  -1083.56 
7.93264  1933.14 
9.70279  -725.233 
9.72298  -748.751 
9.67217  -691.04 
9.68336  -703.276 
9.09344  530.618 
8.37211  1454.33 
9.70578  -728.682 
9.06804  559.473 
8.35568  1472.83 
9.69234  -713.625 
9.72671  -752.83 
8.94557  768.059 
9.67963  -699.197 
7.93264  1933.14 
8.30715  1526.79 
9.67217  -691.04 
8.35719  1470.64 
7.85944  2015.32 
9.73791  -765.067 
8.1882  1690.57 
7.86317  2011.24 
9.69607  -717.704 
8.40276  1419.2 
9.65352  -670.645 
9.6871  -707.355 
9.10463  518.381 
9.66098  -678.803 
9.72819  -754.088 
9.6916  -712.996 
9.66471  -682.882 
9.76402  -793.619 
7.87436  1999.01 
8.71608  1055.75 
9.74537  -773.224 
9.66844  -686.961 
8.35941  1468.75 
9.7252  -750.639 
7.92891  1937.22 
9.64081  -656.217 
9.75283  -781.382 
9.03241  664.286 
8.731  1039.43 
9.76402  -793.619 
9.08746  537.517 
7.86317  2011.24 
9.76776  -797.697 
9.73417  -760.988 
9.66098  -678.803 
9.76029  -789.54 
8.41022  1411.04 
9.66844  -686.961 
9.75656  -785.461 
9.72671  -752.83 
9.70279  -725.233 
9.75283  -781.382 
9.71401  -738.402 
7.85198  2023.48 
9.76029  -789.54 
8.40276  1419.2 
9.59971  -609.484 
9.73791  -765.067 
9.73417  -760.988 
7.8669  2007.16 
9.69681  -718.333 
8.75715  1009.95 
10.5771  -1249.85 
10.7592  -1414.53 
10.4955  -1325.93 
11.4045  -966.335 
10.5457  -1299.49 
11.3143  -1712.48 
9.09148  595.922 
7.85571  2019.4 
9.05382  576.092 
9.14195  477.592 
9.66098  -678.803 
9.05009  580.171 
9.16561  506.578 
9.67217  -691.04 
7.8669  2007.16 
8.8154  945.011 
7.88707  1984.58 
9.03836  658.32 
8.41917  1401.63 
9.71401  -738.402 
9.74537  -773.224 
9.81632  -852.588 
8.72727  1043.51 
9.10837  514.302 
8.43634  1382.49 
8.77658  987.991 
9.73417  -760.988 
9.77522  -805.855 
9.07177  555.394 
8.36314  1464.68 
9.76029  -789.54 
9.6759  -695.118 
9.05382  576.092 
9.76029  -789.54 
8.71608  1055.75 
8.74966  1019.04 
9.77149  -801.776 
9.62663  -640.531 
9.15442  518.815 
8.82286  936.854 
8.96423  747.664 
8.37958  1446.17 
7.94383  1920.9 
7.83705  2039.79 
9.07923  547.237 
9.12702  493.908 
9.64978  -666.566 
7.89453  1976.42 
7.93039  1935.96 
8.96423  747.664 
9.10463  518.381 
9.6871  -707.355 
9.07504  614.429 
8.96796  743.586 
8.96796  743.586 
8.34449  1485.07 
9.05009  580.171 
7.8781  1994.93 
7.90276  1966.7 
8.34449  1485.07 
9.0389  592.408 
8.35719  1470.64 
7.8781  1994.93 
7.93637  1929.06 
7.93264  1933.14 
9.70578  -728.682 
8.73847  1031.27 
7.89977  1970.15 
9.74537  -773.224 
9.6871  -707.355 
7.88707  1984.58 
8.80793  953.169 
10.6398  -1060.38 
10.4413  -1038.96 
10.5484  -1091.79 
10.8154  -1382.29 
10.5959  -1131.29 
10.6125  -1270.78 
9.64454  -660.296 
7.92181  2005.06 
8.73847  1031.27 
9.67217  -691.04 
8.65855  1120.99 
9.66471  -682.882 
9.67963  -699.197 
8.28595  1583.89 
9.04263  588.329 
9.67963  -699.197 
7.90689  2021.37 
9.04636  584.25 
9.6871  -707.355 
8.87684  845.535 
8.97542  735.428 
9.68336  -703.276 
8.85819  865.93 
9.65725  -674.724 
9.67217  -691.04 
8.88058  841.456 
9.04636  584.25 
9.69083  -711.434 
7.4293  2543.47 
8.9493  763.98 
9.66844  -686.961 
10.1162  -1321.92 
9.62737  -641.16 
9.7491  -777.303 
10.12  -1326 
9.66098  -678.803 
9.68336  -703.276 
9.49146  -417.518 
9.64978  -666.566 
9.69456  -715.513 
8.30833  1559.42 
8.35195  1476.91 
9.69083  -711.434 
8.86192  861.851 
8.72727  1043.51 
9.74537  -773.224 
10.12  -1326 
9.66844  -686.961 
9.6871  -707.355 
9.49892  -425.676 
9.67217  -691.04 
9.67963  -699.197 
8.30833  1559.42 
9.66471  -682.882 
9.71025  -733.39 
8.3046  1563.5 
7.87436  1999.01 
9.69456  -715.513 
7.43677  2535.31 
9.64605  -662.488 
9.69083  -711.434 
9.64978  -666.566 
8.36539  1461.85 
9.74164  -769.145 
9.66098  -678.803 
9.14323  531.051 
9.70726  -729.941 
8.98587  652.007 
9.73044  -756.909 
9.75656  -785.461 
8.31387  1519.26 
9.6998  -721.783 
10.7628  -1218.45 
10.5694  -1025.11 
10.5462  -1182.65 
10.2839  -1183.49 
10.3619  -1266.97 
10.2667  -1209.75 
7.56998  2401.23 
8.51491  737.558 
8.91708  299.536 
8.87154  350.044 
10.2381  -2109.98 
10.1568  -1280.98 
10.1798  -2045.04 
8.98504  223.622 
10.2224  -2092.1 
10.1836  -2049.12 
10.1904  -1317.69 
10.1761  -2040.96 
10.1718  -1297.29 
10.1985  -2065.44 
10.1606  -1285.06 
8.43499  827.271 
10.248  -1382.93 
8.40515  859.902 
8.4238  839.507 
10.2353  -1368.5 
10.1567  -2019.01 
8.42753  835.429 
9.93035  -924.923 
10.1223  -1979.8 
9.27671  -115.987 
8.89765  321.492 
8.41634  847.665 
10.1947  -2061.36 
10.2022  -2069.51 
10.1568  -1280.98 
10.0993  -1215.74 
10.1985  -2065.44 
9.24757  -83.0521 
10.1606  -1285.06 
9.8788  -866.583 
9.76834  -1537.29 
10.1664  -2029.98 
8.81296  857.989 
8.89392  325.571 
8.45069  809.393 
10.1755  -1301.37 
10.1873  -2053.2 
9.26925  -107.829 
10.1634  -2026.53 
9.25654  -93.4011 
8.90885  309.256 
8.43126  831.35 
8.38871  878.409 
9.84895  -833.952 
10.2022  -2069.51 
9.21545  -46.6678 
10.2059  -2073.59 
10.1755  -1301.37 
10.1537  -2015.56 
10.1568  -1280.98 
10.1947  -2061.36 
10.144  -2004.58 
9.27671  -115.987 
10.1761  -2040.96 
9.77208  -1541.37 
9.87507  -862.504 
9.86015  -846.189 
8.41634  847.665 
7.25965  2761.23 
10.1643  -1289.13 
8.87154  350.044 
10.44  -1579.72 
10.4423  -1501.66 
10.3329  -1399.63 
10.6301  -1130.28 
10.6919  -297.378 
10.5545  -1089.68 
9.77522  -805.855 
9.12329  497.987 
9.73417  -760.988 
9.7491  -777.303 
8.41395  1406.96 
9.68336  -703.276 
9.74537  -773.224 
8.64717  1163.38 
9.67963  -699.197 
9.72893  -754.718 
8.19939  1678.34 
9.67963  -699.197 
9.75283  -781.382 
9.7491  -777.303 
9.70279  -725.233 
9.69456  -715.513 
9.75656  -785.461 
9.72446  -750.01 
9.74537  -773.224 
8.41769  1402.88 
9.68336  -703.276 
9.72893  -754.718 
7.63443  2370.12 
9.66471  -682.882 
9.68336  -703.276 
8.41769  1402.88 
9.6759  -695.118 
9.69083  -711.434 
9.6759  -695.118 
9.67217  -691.04 
9.72893  -754.718 
9.74537  -773.224 
9.66844  -686.961 
9.75283  -781.382 
8.79301  969.485 
9.66098  -678.803 
9.73566  -762.246 
8.79674  965.406 
9.66098  -678.803 
9.6871  -707.355 
9.717  -741.852 
9.64978  -666.566 
9.70054  -722.412 
7.71807  2204.51 
9.65725  -674.724 
9.6759  -695.118 
9.74537  -773.224 
9.67963  -699.197 
9.68336  -703.276 
9.74164  -769.145 
9.66098  -678.803 
9.6759  -695.118 
9.74164  -769.145 
9.67963  -699.197 
9.7125  -736.211 
8.40649  1415.12 
9.66098  -678.803 
9.69083  -711.434 
8.19193  1686.5 
7.91919  1948.19 
9.68336  -703.276 
9.73044  -756.909 
9.6759  -695.118 
9.67217  -691.04 
9.03241  664.286 
9.6759  -695.118 
10.6903  -1338.71 
11.627  -1844.47 
10.6956  -1355.91 
10.7083  -1214.02 
10.5397  -1147.15 
10.4708  -1144.95 
9.51385  -441.991 
9.62663  -640.531 
8.31464  1517.7 
9.50265  -429.755 
8.71235  1059.83 
9.58479  -593.169 
9.51385  -441.991 
8.91569  801.622 
9.60421  -615.125 
9.50265  -429.755 
8.90672  811.971 
8.66678  1111.27 
10.1311  -1338.23 
9.03517  596.487 
8.85446  870.008 
9.62213  -634.89 
9.65352  -670.645 
9.65725  -674.724 
9.61242  -623.912 
8.33703  1493.23 
8.87684  845.535 
9.51758  -446.07 
9.63708  -652.139 
9.58106  -589.09 
8.73188  362.325 
9.66098  -678.803 
7.86317  2011.24 
9.66471  -682.882 
9.64978  -666.566 
7.84825  2027.56 
9.61615  -627.991 
9.67217  -691.04 
9.58479  -593.169 
9.51758  -446.07 
8.71981  1051.67 
8.34449  1485.07 
9.63483  -649.318 
8.76236  1004.61 
8.32956  1501.38 
9.66098  -678.803 
7.85571  2019.4 
7.85571  2019.4 
9.64827  -664.375 
9.65352  -670.645 
7.91546  1952.27 
9.66098  -678.803 
7.85944  2015.32 
7.86317  2011.24 
9.67217  -691.04 
7.90948  1959.17 
9.65352  -670.645 
9.64155  -656.847 
8.63617  1217.27 
9.67963  -699.197 
9.67217  -691.04 
9.03144  600.566 
7.8781  1994.93 
9.67217  -691.04 
8.77433  990.812 
8.36465  1462.48 
9.69083  -711.434 
9.66844  -686.961 
7.87436  1999.01 
9.69083  -711.434 
7.08903  3083.46 
8.96049  751.743 
10.714  -1127.03 
10.4975  -1031.28 
10.4345  -1087.75 
10.4143  -1128.79 
10.3311  -1166.3 
10.5829  -1168.41 
9.68487  -705.468 
8.90885  309.256 
9.69234  -713.625 
8.33703  1493.23 
10.1531  -1276.9 
9.6759  -695.118 
7.92144  1945.37 
10.1643  -1289.13 
9.73044  -756.909 
8.33703  1493.23 
10.1836  -2049.12 
9.75656  -785.461 
9.13576  539.209 
9.28417  -124.144 
9.74164  -769.145 
9.04263  588.329 
10.1947  -2061.36 
9.74537  -773.224 
9.6886  -709.546 
10.1606  -1285.06 
9.73791  -765.067 
8.33329  1497.31 
8.4238  839.507 
9.73791  -765.067 
8.8042  957.248 
9.74537  -773.224 
9.74164  -769.145 
9.05906  569.822 
9.75656  -785.461 
10.1148  -1971.64 
9.70729  -730.874 
9.44494  -334.357 
9.73417  -760.988 
9.04263  588.329 
9.44494  -334.357 
9.72147  -746.56 
9.04263  588.329 
10.1798  -2045.04 
9.7491  -777.303 
9.65352  -670.645 
10.1412  -1263.1 
9.73417  -760.988 
7.9162  1951.64 
8.42007  843.586 
9.74537  -773.224 
9.66844  -686.961 
8.88646  333.729 
9.72446  -750.01 
9.67217  -691.04 
8.88273  337.808 
9.6759  -695.118 
9.66844  -686.961 
9.79896  -1571.48 
9.76029  -789.54 
8.40649  1415.12 
9.77954  -1549.53 
9.71475  -739.031 
8.73474  1035.35 
8.879  341.887 
9.76402  -793.619 
9.04138  653.937 
8.78928  973.563 
9.7491  -777.303 
8.35195  1476.91 
10.1404  -1262.47 
7.93264  1933.14 
10.5367  -1270.07 
10.5179  -1578.64 
10.6956  -1398.66 
10.7765  -1539.21 
10.6461  -1762.98 
10.6432  -1455.02 
9.76776  -797.697 
10.1867  -1313.61 
9.78943  -822.474 
9.77954  -1549.53 
9.85642  -842.11 
10.1792  -1305.45 
9.05469  115.358 
7.76793  2058.52 
9.80512  -840.352 
9.75656  -785.461 
7.29108  2579.98 
9.76029  -789.54 
9.7252  -750.639 
7.31051  2558.03 
9.78943  -822.474 
9.75656  -785.461 
10.1755  -1301.37 
9.80512  -840.352 
9.75656  -785.461 
9.78327  -1553.6 
9.75656  -785.461 
9.7491  -777.303 
9.76402  -793.619 
9.75656  -785.461 
9.7491  -777.303 
8.81166  949.09 
10.1755  -1301.37 
9.74164  -769.145 
9.26401  -101.559 
10.1755  -1301.37 
9.7491  -777.303 
9.74537  -773.224 
9.76776  -797.697 
9.81258  -848.51 
8.18446  1694.65 
9.77522  -805.855 
9.75283  -781.382 
7.76364  2153.07 
9.76402  -793.619 
9.75656  -785.461 
9.78271  -814.946 
10.183  -1309.53 
9.76776  -797.697 
8.177  1702.81 
10.1755  -1301.37 
9.76776  -797.697 
8.21135  1664.54 
10.183  -1309.53 
9.78419  -816.204 
8.1882  1690.57 
9.79914  -833.453 
10.1792  -1305.45 
9.26999  -108.458 
9.82529  -862.937 
9.79091  -823.733 
7.78307  2131.11 
9.82529  -862.937 
9.74164  -769.145 
9.77599  -807.417 
10.2171  -2085.83 
9.76402  -793.619 
9.26028  -97.48 
9.76402  -793.619 
9.82529  -862.937 
9.74164  -769.145 
9.78419  -816.204 
10.6526  -1244.86 
11.3569  -1151.35 
10.6226  -1310.31 
10.7974  -1129.73 
10.5756  -1526.73 
10.3808  -1405.81 
9.08223  87.4139 
10.1836  -2049.12 
8.87154  350.044 
9.43766  -356.357 
9.10837  514.302 
9.79142  -768.712 
9.45258  -372.672 
9.05906  569.822 
9.75715  -1525.05 
9.51012  -437.912 
9.13203  543.288 
8.80281  427.521 
9.43766  -356.357 
9.75656  -785.461 
8.34015  933.3 
9.50639  -433.833 
7.47735  2601.74 
9.75342  -1520.97 
9.52877  -458.307 
7.92891  1937.22 
9.76834  -1537.29 
9.51385  -441.991 
9.1009  522.46 
9.72671  -752.83 
9.52877  -458.307 
7.92144  1945.37 
8.84015  385.8 
9.52504  -454.228 
9.09717  526.539 
8.8297  397.407 
9.59377  -531.704 
9.71028  -734.323 
7.69942  2224.9 
9.53623  -466.464 
9.67217  -691.04 
9.43747  -326.2 
9.5325  -462.385 
7.89829  1971.41 
8.32896  945.536 
9.53623  -466.464 
8.75117  1016.85 
8.87154  350.044 
9.37547  -256.251 
9.71028  -734.323 
7.69942  2224.9 
9.70202  -723.671 
8.93811  776.216 
9.68413  -704.838 
9.69083  -711.434 
9.66098  -678.803 
9.76088  -1529.13 
9.72518  -749.706 
8.36018  1467.19 
9.76461  -1533.21 
9.77522  -805.855 
7.7218  2200.43 
9.66844  -686.961 
9.70202  -723.671 
9.06385  626.666 
9.78769  -764.633 
9.77522  -805.855 
9.71401  -738.402 
9.73044  -756.909 
9.77149  -801.776 
9.10837  514.302 
9.74223  -1508.74 
10.4646  371.171 
10.4172  -1102.19 
10.2202  -1087.52 
10.3843  -1086 
10.4225  -1296.7 
10.4285  -1157.17 
9.14696  526.972 
8.9477  265.343 
8.8042  957.248 
8.19193  1686.5 
8.90512  313.335 
7.9401  1924.98 
7.7457  2173.77 
10.1718  -1297.29 
9.03241  664.286 
9.71401  -738.402 
8.43499  827.271 
7.9401  1924.98 
8.20685  1670.18 
8.90512  313.335 
9.73417  -760.988 
7.74869  2170.32 
10.2291  -2099.63 
9.13949  535.13 
9.14323  531.051 
10.2022  -2069.51 
7.9401  1924.98 
9.75656  -785.461 
10.2328  -2103.71 
9.73417  -760.988 
8.19939  1678.34 
10.2022  -2069.51 
9.73417  -760.988 
9.75283  -781.382 
10.2545  -2128.48 
9.70729  -730.874 
8.41395  1406.96 
10.1904  -1317.69 
8.74818  1020.3 
7.94756  1916.82 
10.2059  -2073.59 
8.38633  1437.71 
8.19939  1678.34 
7.78063  2044.09 
8.96049  751.743 
8.36912  1457.78 
10.1904  -1317.69 
8.36092  1466.56 
8.76162  1005.24 
8.50745  745.715 
9.0571  635.127 
8.58217  1236.78 
9.30283  -144.539 
8.55979  1261.25 
9.12329  497.987 
10.2022  -2069.51 
8.76014  1006.5 
9.71475  -739.031 
9.30656  -148.618 
9.66844  -686.961 
9.72073  -745.931 
10.1671  -2030.61 
9.05906  569.822 
9.04263  588.329 
8.90885  309.256 
8.72354  1047.59 
8.80047  961.327 
10.1947  -2061.36 
9.13576  539.209 
9.67217  -691.04 
10.1606  -1285.06 
9.72671  -752.83 
11.3748  -1201.17 
10.5307  -1604.05 
11.7164  -1846.77 
10.8289  -1431.03 
10.3868  -1402.71 
10.5052  -1248.77 
9.67217  -691.04 
9.44494  -334.357 
8.731  1039.43 
9.64454  -660.296 
8.35134  921.063 
7.82509  2053.59 
9.66098  -678.803 
9.21545  -46.6678 
9.61692  -629.553 
9.68336  -703.276 
9.42628  -313.963 
7.86317  2011.24 
9.66844  -686.961 
8.40515  859.902 
9.64232  -658.409 
9.6871  -707.355 
9.72671  -752.83 
8.34449  1485.07 
9.67963  -699.197 
9.26925  -107.829 
9.66098  -678.803 
9.66844  -686.961 
9.71552  -740.593 
9.58106  -589.09 
9.67217  -691.04 
9.73044  -756.909 
8.9493  763.98 
9.69515  -1455.1 
9.77208  -1541.37 
8.93811  776.216 
9.68336  -703.276 
9.73417  -760.988 
8.94557  768.059 
9.67963  -699.197 
9.76088  -1529.13 
9.03241  664.286 
9.69083  -711.434 
8.87527  345.966 
8.70862  1063.91 
9.68336  -703.276 
7.70315  2220.83 
8.34076  1489.15 
9.70054  -722.412 
9.43374  -322.121 
9.66471  -682.882 
9.67963  -699.197 
9.42255  -309.884 
7.85571  2019.4 
9.70261  -1463.26 
8.34761  925.142 
9.62888  -643.352 
9.75283  -781.382 
10.0967  -1946.28 
9.00905  625.039 
9.73267  -758.796 
9.77208  -1541.37 
8.28775  1547.81 
9.76402  -793.619 
8.78182  981.721 
8.3221  1509.54 
9.71697  -740.919 
9.77581  -1545.45 
9.66844  -686.961 
8.38926  1436.12 
9.75715  -1525.05 
8.36616  1460.29 
10.7507  -1167.29 
10.2824  -1114.93 
10.3716  -969.814 
10.3416  -1096.15 
10.6487  -1377.05 
11.2799  -1535.09 
9.75656  -785.461 
10.1867  -1313.61 
8.57844  1240.86 
8.23152  1641.95 
8.30169  1564.15 
9.70655  -730.244 
9.74164  -769.145 
10.1755  -1301.37 
9.6886  -709.546 
9.72671  -752.83 
10.1792  -1305.45 
7.71807  2204.51 
9.06234  628.857 
9.79316  -826.553 
9.73791  -765.067 
9.71028  -734.323 
9.84826  -1627 
9.13576  539.209 
9.28044  -120.066 
9.78718  -819.654 
9.72298  -748.751 
8.57844  1240.86 
9.76402  -793.619 
9.13576  539.209 
9.10463  518.381 
10.1718  -1297.29 
9.73044  -756.909 
7.7218  2200.43 
9.76776  -797.697 
8.1882  1690.57 
7.71807  2204.51 
9.82529  -862.937 
8.1882  1690.57 
7.7218  2200.43 
9.76402  -793.619 
9.10837  514.302 
9.10837  514.302 
9.76029  -789.54 
9.75656  -785.461 
9.74164  -769.145 
9.74537  -773.224 
9.11583  506.144 
8.73847  1031.27 
9.73791  -765.067 
7.74197  2177.85 
8.1882  1690.57 
9.74164  -769.145 
7.74869  2170.32 
9.13203  543.288 
9.69234  -713.625 
8.19939  1678.34 
9.13949  535.13 
9.7491  -777.303 
9.80213  -836.902 
9.11583  506.144 
9.68336  -703.276 
9.74537  -773.224 
9.10837  514.302 
9.67963  -699.197 
9.773  -803.968 
8.57471  1244.94 
9.66098  -678.803 
8.82286  936.854 
9.73044  -756.909 
9.67217  -691.04 
8.22254  1652.3 
11.3937  -1331.72 
10.5937  -1354.84 
10.5884  -1471.21 
10.5341  -1121.44 
10.4966  -1203.24 
10.3483  -1154.5 
9.74537  -773.224 
9.14696  526.972 
8.40515  859.902 
7.90948  1959.17 
8.58591  1232.7 
8.41261  851.744 
9.67217  -691.04 
8.8154  945.011 
8.40515  859.902 
9.66844  -686.961 
8.41395  1406.96 
9.75656  -785.461 
8.73474  1035.35 
9.73791  -765.067 
8.41634  847.665 
9.68336  -703.276 
9.67963  -699.197 
8.84912  375.451 
8.9493  763.98 
8.78031  983.912 
9.73044  -756.909 
7.85944  2015.32 
9.66098  -678.803 
9.20425  -34.4312 
8.35568  1472.83 
9.70279  -725.233 
9.73791  -765.067 
8.71981  1051.67 
9.73417  -760.988 
8.17327  1706.89 
7.8669  2007.16 
9.73791  -765.067 
9.77581  -1545.45 
7.87436  1999.01 
8.20685  1670.18 
8.35134  921.063 
8.94184  772.138 
8.81166  949.09 
8.96049  751.743 
8.35195  1476.91 
9.03463  662.399 
8.54261  1280.39 
7.87063  2003.08 
9.07251  554.765 
9.03517  596.487 
8.35568  1472.83 
9.15069  522.893 
8.76014  1006.5 
8.94184  772.138 
9.70803  -731.503 
9.66844  -686.961 
9.71176  -735.582 
9.04138  653.937 
9.72671  -752.83 
7.92891  1937.22 
9.66471  -682.882 
9.73044  -756.909 
9.68336  -703.276 
8.39678  1426.1 
9.71925  -744.672 
8.34076  1489.15 
8.37137  1454.96 
8.19193  1686.5 
8.69592  1078.33 
9.6759  -695.118 
9.74164  -769.145 
10.5906  -1324.03 
10.5651  -1366.94 
10.425  -1370.61 
10.4303  -1499.62 
10.4723  -1556.21 
10.4259  -1433.16 
9.89524  -885.09 
8.90512  313.335 
9.82953  -811.996 
10.2097  -2077.67 
9.86761  -854.346 
9.11583  506.144 
10.1985  -2065.44 
10.2157  -2084.57 
9.77208  -1541.37 
10.191  -2057.28 
10.1531  -1276.9 
10.1514  -2012.74 
10.2128  -1343.09 
9.2879  -128.223 
8.30402  1414.91 
10.1755  -1301.37 
9.2879  -128.223 
8.8042  957.248 
9.88253  -870.662 
10.1873  -2053.2 
8.39617  870.251 
10.2059  -2073.59 
8.43499  827.271 
10.1484  -2009.29 
8.90139  317.414 
9.30656  -148.618 
7.74496  2174.4 
10.2022  -2069.51 
8.43126  831.35 
8.89765  321.492 
8.48729  768.301 
9.27671  -115.987 
8.38347  884.679 
9.30656  -148.618 
9.8788  -866.583 
10.1798  -2045.04 
8.51118  741.637 
10.1947  -2061.36 
10.1947  -2061.36 
9.87507  -862.504 
8.95368  258.444 
8.89019  329.65 
9.35139  -199.43 
10.2635  -2138.83 
8.89765  321.492 
8.50372  749.794 
9.9072  -898.888 
8.43126  831.35 
10.2425  -2114.69 
8.94995  262.523 
8.40888  855.823 
10.2171  -2085.83 
8.45516  804.685 
10.2291  -2099.63 
10.2515  -2125.03 
8.49626  757.952 
9.26028  -97.48 
9.94753  -944.059 
9.9326  -927.744 
8.43873  823.192 
10.2097  -2077.67 
8.49626  757.952 
9.2879  -128.223 
8.52611  725.321 
10.2194  -2088.65 
8.95069  261.893 
10.3422  -1360.3 
10.3768  -1316.91 
10.4142  -1292.37 
10.4468  -1352.74 
10.5906  -1580.4 
10.4903  -1140.59 
9.1009  522.46 
10.191  -2057.28 
8.33329  1497.31 
9.66471  -682.882 
8.89765  321.492 
10.1125  -1317.84 
8.36841  1457.47 
8.42753  835.429 
10.12  -1326 
9.03916  655.825 
9.85642  -842.11 
10.12  -1326 
7.70315  2220.83 
9.30656  -148.618 
9.59225  -601.326 
8.731  1039.43 
8.45889  800.606 
9.62737  -641.16 
9.66098  -678.803 
9.86388  -850.267 
8.3094  1523.97 
7.92891  1937.22 
10.2136  -1343.72 
9.59225  -601.326 
9.67815  -697.939 
10.2552  -2129.11 
10.12  -1326 
9.03144  600.566 
8.43873  823.192 
10.1274  -1334.15 
9.68114  -701.389 
8.42753  835.429 
8.69292  1081.78 
8.33703  1493.23 
10.2022  -2069.51 
9.0068  627.859 
8.35571  1471.9 
10.1643  -1289.13 
9.66098  -678.803 
8.36542  1460.92 
8.44246  819.113 
9.64978  -666.566 
9.67217  -691.04 
10.1718  -1297.29 
9.65352  -670.645 
8.75043  1017.48 
8.92004  297.019 
9.61168  -623.283 
9.66098  -678.803 
8.89392  325.571 
9.66471  -682.882 
9.67815  -697.939 
8.43873  823.192 
9.03144  600.566 
8.57098  1249.02 
10.191  -2057.28 
9.64978  -666.566 
7.88633  1985.21 
9.30656  -148.618 
9.04263  588.329 
9.02397  608.723 
8.90139  317.414 
8.35195  1476.91 
8.79301  969.485 
10.2022  -2069.51 
9.66844  -686.961 
10.3177  -1044.87 
10.4577  -1262.96 
10.454  -999.759 
10.418  -1061 
10.3543  -1122.33 
10.3325  -1040.2 
8.96049  751.743 
9.75656  -785.461 
9.7491  -777.303 
8.78031  983.912 
9.46809  -360.393 
8.58591  1232.7 
9.72671  -752.83 
9.7491  -777.303 
9.74164  -769.145 
9.08148  544.416 
9.12702  493.908 
9.10837  514.302 
9.04263  588.329 
10.1441  -1266.55 
8.79301  969.485 
9.66844  -686.961 
8.57844  1240.86 
9.1009  522.46 
8.95303  759.901 
9.7491  -777.303 
9.69832  -720.525 
8.72727  1043.51 
7.93264  1933.14 
9.68561  -706.097 
8.34076  1489.15 
8.5971  1220.46 
8.39305  1430.18 
6.15254  4106.32 
9.74537  -773.224 
8.73847  1031.27 
8.34822  1480.99 
7.72927  2192.27 
8.34076  1489.15 
8.36092  1466.56 
8.80793  953.169 
7.90276  1966.7 
8.34076  1489.15 
7.7218  2200.43 
8.731  1039.43 
9.04636  584.25 
7.71807  2204.51 
9.67217  -691.04 
9.03144  600.566 
9.75656  -785.461 
9.02024  612.802 
9.69234  -713.625 
8.58964  1228.62 
9.66471  -682.882 
9.71401  -738.402 
9.1009  522.46 
8.95676  755.822 
8.731  1039.43 
8.8154  945.011 
8.94184  772.138 
9.6759  -695.118 
7.74123  2178.48 
9.66844  -686.961 
9.67217  -691.04 
8.5971  1220.46 
8.34822  1480.99 
9.65352  -670.645 
7.71434  2208.59 
8.97169  739.507 
9.66098  -678.803 
9.78327  -1553.6 
8.34076  1489.15 
10.5119  -1340.81 
10.4909  -1406.61 
10.3913  -1214.67 
10.471  -1299.72 
10.5894  -1186.66 
10.5423  -1253.86 
8.20312  1674.26 
9.75283  -781.382 
9.5385  -13.8446 
10.1606  -1285.06 
8.82286  936.854 
9.76402  -793.619 
9.79168  -825.295 
9.15069  522.893 
9.79615  -830.003 
8.89392  325.571 
9.74164  -769.145 
7.72553  2196.35 
10.1546  -1278.16 
9.11956  502.066 
9.77972  -811.496 
8.19939  1678.34 
8.81166  949.09 
8.29143  1665.6 
10.1643  -1289.13 
9.73791  -765.067 
8.50972  1390.15 
7.7457  2173.77 
8.8042  957.248 
7.95129  1912.74 
8.58964  1228.62 
9.6998  -721.783 
9.76029  -789.54 
7.72553  2196.35 
9.66844  -686.961 
7.733  2188.2 
8.82659  932.775 
8.97169  739.507 
9.13448  485.75 
9.76029  -789.54 
7.95502  1908.66 
9.81258  -848.51 
7.71807  2204.51 
7.94383  1920.9 
7.733  2188.2 
9.75283  -781.382 
9.72147  -746.56 
8.86544  888.862 
8.19193  1686.5 
9.72147  -746.56 
9.74537  -773.224 
9.1121  510.223 
9.73791  -765.067 
8.43261  1386.57 
8.57844  1240.86 
9.75283  -781.382 
8.80047  961.327 
8.19566  1682.42 
8.22178  1653.86 
10.1755  -1301.37 
9.12702  493.908 
9.69607  -717.704 
9.16561  506.578 
9.76029  -789.54 
8.79674  965.406 
7.95502  1908.66 
9.77898  -810.867 
9.11583  506.144 
9.76029  -789.54 
8.19939  1678.34 
9.07877  610.35 
7.95129  1912.74 
10.5261  -1426.49 
10.658  -1390.35 
10.6452  -1464.94 
10.3823  -1268.88 
10.4789  -1267.31 
10.422  -1205.35 
7.70315  2220.83 
7.85571  2019.4 
9.0389  592.408 
8.16581  1715.05 
9.00381  631.309 
9.65725  -674.724 
8.36767  1458.1 
8.92241  794.094 
9.67217  -691.04 
9.71327  -737.773 
9.64605  -662.488 
8.94184  772.138 
9.19306  -22.1947 
9.64232  -658.409 
8.95676  755.822 
9.68114  -701.389 
10.1125  -1317.84 
7.84825  2027.56 
9.0389  592.408 
9.59524  -604.776 
9.01651  616.881 
8.17327  1706.89 
9.58852  -597.248 
7.8669  2007.16 
8.3714  1454.02 
9.64978  -666.566 
9.57733  -585.011 
7.908  1960.43 
9.64605  -662.488 
8.72354  1047.59 
8.94557  768.059 
7.80268  2079 
8.94557  768.059 
8.3587  1468.45 
7.4293  2543.47 
8.3221  1509.54 
9.66471  -682.882 
7.85571  2019.4 
9.65725  -674.724 
9.65725  -674.724 
9.58479  -593.169 
8.33703  1493.23 
8.72354  1047.59 
9.66844  -686.961 
7.85571  2019.4 
9.66471  -682.882 
8.31091  1521.78 
9.02771  604.645 
9.66471  -682.882 
8.6862  1089.31 
9.69533  -717.075 
9.04263  588.329 
9.65725  -674.724 
8.71981  1051.67 
7.92518  1941.29 
9.63335  -648.06 
9.66098  -678.803 
8.73474  1035.35 
8.9493  763.98 
7.86317  2011.24 
8.3714  1454.02 
8.75789  1009.32 
8.73474  1035.35 
9.66471  -682.882 
9.66844  -686.961 
8.34076  1489.15 
10.2622  -1023.17 
10.3632  -1018.12 
10.337  -1038.59 
10.5756  -1209.42 
10.4947  -1026.18 
10.3695  -1293.47 
9.02771  604.645 
8.28221  1587.97 
9.03392  662.095 
9.66098  -678.803 
8.80664  924.27 
9.71925  -744.672 
8.35091  1511.43 
7.90316  2025.45 
9.08971  534.696 
9.0436  652.05 
9.4713  -394.932 
7.8953  1974.86 
9.05382  576.092 
9.60869  -619.833 
8.38784  1435.52 
9.66844  -686.961 
7.44796  2523.07 
9.65352  -670.645 
8.72354  1047.59 
7.44423  2527.15 
8.72727  1043.51 
9.03144  600.566 
8.85819  865.93 
9.63859  -654.33 
9.65352  -670.645 
8.91942  797.544 
9.63859  -654.33 
9.63782  -652.768 
8.69666  1077.7 
8.945  763.09 
8.96423  747.664 
6.56889  3652.61 
8.69369  1080.22 
8.33329  1497.31 
9.04636  584.25 
9.60871  -620.766 
8.30789  1526.16 
8.96423  747.664 
8.945  763.09 
7.87436  1999.01 
8.37585  1450.25 
8.93438  780.295 
7.84825  2027.56 
8.97169  739.507 
8.92691  788.453 
9.66098  -678.803 
8.37286  1453.7 
9.56986  -576.853 
10.1311  -1338.23 
9.67963  -699.197 
8.31837  1513.62 
9.66098  -678.803 
9.67963  -699.197 
9.63113  -646.172 
8.32059  1511.73 
9.73791  -765.067 
8.88208  839.265 
8.9493  763.98 
9.70279  -725.233 
9.61469  -627.665 
8.94557  768.059 
8.8154  945.011 
7.85198  2023.48 
9.66471  -682.882 
8.43261  1386.57 
8.68099  1094.65 
10.5235  -1095.22 
10.5183  -1161.65 
10.1985  -942.689 
10.4854  -1086.5 
10.2966  -1114.24 
10.4502  -1120.19 
9.03241  664.286 
9.75656  -785.461 
9.07655  612.238 
8.7549  1012.77 
8.37376  895.657 
9.71774  -742.481 
9.74164  -769.145 
8.80047  961.327 
9.06878  558.844 
8.33329  1497.31 
8.18446  1694.65 
9.06878  558.844 
9.69234  -713.625 
9.75656  -785.461 
9.69832  -720.525 
9.66098  -678.803 
9.72671  -752.83 
9.07131  618.508 
8.96423  747.664 
9.68114  -701.389 
9.14323  531.051 
9.66098  -678.803 
8.39157  1431.44 
9.04263  588.329 
9.62663  -640.531 
9.67815  -697.939 
7.90575  1963.25 
9.62962  -643.981 
9.06505  562.923 
7.85198  2023.48 
7.86317  2011.24 
8.82263  992.504 
9.67217  -691.04 
7.87063  2003.08 
7.92891  1937.22 
8.38334  1441.16 
9.65725  -674.724 
8.35346  1474.72 
8.79301  969.485 
9.66844  -686.961 
9.71327  -737.773 
7.86317  2011.24 
9.0389  592.408 
8.96423  747.664 
9.67217  -691.04 
8.70862  1063.91 
9.66471  -682.882 
9.73044  -756.909 
8.71235  1059.83 
7.70688  2216.75 
8.32956  1501.38 
7.8669  2007.16 
8.76612  999.599 
9.00307  631.938 
9.65725  -674.724 
9.08373  541.596 
9.66844  -686.961 
8.95676  755.822 
8.9493  763.98 
9.67963  -699.197 
10.6427  -2606.47 
9.0516  577.98 
8.34822  1480.99 
9.69832  -720.525 
9.66098  -678.803 
8.73474  1035.35 
10.7723  -378.391 
10.3494  -1210.01 
10.5022  -1270.76 
10.4067  -1075.97 
10.3978  -1056.61 
10.5312  -1204.42 
9.67217  -691.04 
7.85944  2015.32 
7.72927  2192.27 
9.73044  -756.909 
9.61618  -628.924 
9.73791  -765.067 
7.93264  1933.14 
8.34076  1489.15 
9.06952  558.215 
8.33329  1497.31 
9.64978  -666.566 
9.70803  -731.503 
8.35195  1476.91 
9.65352  -670.645 
9.73791  -765.067 
7.88781  1983.95 
8.94184  772.138 
9.73791  -765.067 
9.65725  -674.724 
8.71235  1059.83 
7.89379  1977.05 
8.731  1039.43 
9.02024  612.802 
8.77059  994.891 
6.66447  3545.95 
8.3221  1509.54 
8.34822  1480.99 
9.73417  -760.988 
9.64605  -662.488 
8.96423  747.664 
8.97542  735.428 
9.66098  -678.803 
8.97169  739.507 
8.731  1039.43 
8.39903  1423.28 
6.61742  3598.65 
9.66844  -686.961 
7.92891  1937.22 
9.73791  -765.067 
8.3221  1509.54 
8.75789  1009.32 
8.97169  739.507 
8.71981  1051.67 
8.34822  1480.99 
8.96796  743.586 
9.66098  -678.803 
7.93637  1929.06 
8.97169  739.507 
8.32956  1501.38 
8.80793  953.169 
9.66844  -686.961 
9.64605  -662.488 
8.58591  1232.7 
8.97169  739.507 
8.731  1039.43 
7.71807  2204.51 
7.58139  2429.72 
9.04636  584.25 
9.1121  510.223 
9.70578  -728.682 
7.84078  2035.72 
8.23898  1633.8 
8.41022  1411.04 
8.87684  845.535 
9.75656  -785.461 
8.83755  976.188 
10.4198  -1135.27 
10.6213  -1494.65 
10.6259  -1427.65 
10.4836  -1403.99 
11.5313  -1377.76 
10.3644  -1339.12 
9.11583  506.144 
8.34076  1489.15 
9.75342  -1520.97 
8.18446  1694.65 
9.66098  -678.803 
9.20052  -30.3524 
9.7491  -777.303 
8.3587  1468.45 
9.73044  -756.909 
9.84895  -833.952 
9.65352  -670.645 
8.40515  859.902 
9.73791  -765.067 
8.33329  1497.31 
8.41634  847.665 
8.23152  1641.95 
9.63859  -654.33 
9.79515  -772.791 
9.75656  -785.461 
9.66471  -682.882 
9.43374  -322.121 
8.83556  922.426 
8.731  1039.43 
9.86761  -854.346 
9.75656  -785.461 
9.09717  526.539 
9.85268  -838.031 
8.22778  1646.03 
9.68561  -706.097 
8.56352  1257.17 
9.74537  -773.224 
9.6759  -695.118 
9.7491  -777.303 
10.1522  -2013.37 
9.10837  514.302 
10.1454  -2005.84 
10.1718  -1297.29 
9.72298  -748.751 
8.87154  350.044 
9.2991  -140.46 
9.73044  -756.909 
8.41261  851.744 
8.41261  851.744 
8.18446  1694.65 
10.1671  -2030.61 
8.88646  333.729 
9.75656  -785.461 
10.191  -2057.28 
9.7491  -777.303 
7.9401  1924.98 
9.8258  -807.917 
8.20312  1674.26 
9.73044  -756.909 
9.77208  -1541.37 
10.1836  -2049.12 
7.62323  2382.35 
9.26925  -107.829 
8.90512  313.335 
9.77972  -811.496 
9.20052  -30.3524 
10.1792  -1305.45 
8.58964  1228.62 
9.86388  -850.267 
8.2905  1576.39 
9.75656  -785.461 
8.42007  843.586 
10.451  -1273.62 
11.589  -1493.99 
10.3071  -1196.84 
10.5883  -1371.16 
10.5449  -1128.86 
10.3621  -1081.69 
3.30152  -857.064 
9.48773  -413.439 
8.65707  1122.25 
9.94007  -935.902 
7.41438  2559.78 
8.31837  1513.62 
9.08402  604.08 
9.49892  -425.676 
9.64232  -658.409 
8.42142  1398.81 
9.45261  -373.605 
8.90225  816.68 
9.73417  -760.988 
7.83554  2041.99 
9.61917  -632.374 
8.43634  1382.49 
7.42557  2547.55 
8.93065  784.374 
8.21804  1657.94 
7.91808  2009.14 
9.61393  -626.103 
9.78718  -819.654 
9.61242  -623.912 
9.58106  -589.09 
9.1009  522.46 
9.02771  604.645 
8.87684  845.535 
8.80047  961.327 
7.47112  2497.04 
9.63261  -647.431 
9.76402  -793.619 
8.97169  739.507 
8.29148  1543.74 
9.1121  510.223 
8.70412  1069.55 
9.64232  -658.409 
8.80047  961.327 
8.34076  1489.15 
9.58106  -589.09 
8.81166  949.09 
7.08378  3089.73 
9.57733  -585.011 
9.73791  -765.067 
9.72221  -747.189 
8.99336  642.916 
8.97169  739.507 
9.07399  553.507 
9.63859  -654.33 
9.73791  -765.067 
6.16672  4090.63 
7.84078  2035.72 
9.74164  -769.145 
9.6998  -721.783 
8.32583  1505.46 
9.11956  502.066 
9.76402  -793.619 
8.71235  1059.83 
9.14323  531.051 
9.74164  -769.145 
8.31464  1517.7 
8.8042  957.248 
9.72221  -747.189 
8.87684  845.535 
8.8154  945.011 
8.43634  1382.49 
8.95676  755.822 
10.5033  -1174.4 
10.2397  320.42 
10.3063  -947.915 
10.2839  -1068 
10.2854  -1076.57 
11.3411  -1506.17 
9.76461  -1533.21 
8.83716  389.249 
8.37439  1450.57 
9.71925  -744.672 
9.77112  -741.462 
7.09728  3072.81 
7.70688  2216.75 
9.73044  -756.909 
7.8669  2007.16 
9.08598  538.775 
8.56352  1257.17 
7.8669  2007.16 
7.69942  2224.9 
8.81774  411.206 
9.6916  -712.996 
9.70954  -733.694 
8.82147  407.127 
9.65352  -670.645 
9.71925  -744.672 
8.55606  1265.33 
7.82697  2231.09 
7.70315  2220.83 
7.92518  1941.29 
9.62589  -639.902 
9.73044  -756.909 
8.76612  999.599 
7.92144  1945.37 
8.16581  1715.05 
8.38784  1435.52 
9.66098  -678.803 
8.16208  1719.13 
8.39157  1431.44 
8.71235  1059.83 
9.64978  -666.566 
9.66844  -686.961 
7.92144  1945.37 
9.69385  -715.817 
7.91398  1953.53 
9.65352  -670.645 
9.42255  -309.884 
7.92144  1945.37 
8.34076  1489.15 
9.09344  530.618 
8.95303  759.901 
9.66098  -678.803 
8.36767  1458.1 
9.64978  -666.566 
9.68561  -706.097 
7.92144  1945.37 
9.66471  -682.882 
8.91122  806.33 
9.70655  -730.244 
7.89755  1972.04 
9.59749  -607.597 
9.20052  -30.3524 
9.69609  -718.637 
9.02397  608.723 
9.09717  526.539 
9.03517  596.487 
6.1518  4106.95 
8.34761  925.142 
9.67368  -693.231 
8.02016  1950.6 
7.70688  2216.75 
9.03517  596.487 
8.34674  1482.25 
10.3913  -1339.29 
10.3786  -1290.3 
10.4071  -1239.03 
10.4824  -1197.56 
10.5094  -1138.66 
10.4427  -1158.35 
9.74537  -773.224 
8.58591  1232.7 
8.80793  953.169 
9.1121  510.223 
7.9401  1924.98 
9.74537  -773.224 
9.73417  -760.988 
9.76402  -793.619 
9.13949  535.13 
9.75283  -781.382 
9.80885  -844.431 
9.08746  537.517 
7.7218  2200.43 
7.9401  1924.98 
9.73791  -765.067 
9.12329  497.987 
9.11583  506.144 
9.67963  -699.197 
9.74537  -773.224 
9.15815  514.736 
8.73847  1031.27 
8.41769  1402.88 
9.13949  535.13 
7.91546  1952.27 
9.11583  506.144 
8.42888  1390.65 
9.67217  -691.04 
7.72553  2196.35 
9.10463  518.381 
8.97169  739.507 
9.10837  514.302 
7.89154  1979.87 
9.04511  649.859 
7.9401  1924.98 
8.97542  735.428 
7.9162  1951.64 
9.74164  -769.145 
8.37585  1450.25 
8.96423  747.664 
8.41022  1411.04 
9.7491  -777.303 
9.66844  -686.961 
8.58217  1236.78 
7.9401  1924.98 
8.72727  1043.51 
7.75467  2163.42 
8.35568  1472.83 
9.05009  580.171 
9.74164  -769.145 
7.87436  1999.01 
8.72354  1047.59 
7.72927  2192.27 
7.8908  1980.5 
9.70803  -731.503 
9.72073  -745.931 
9.05009  580.171 
7.89752  1972.97 
7.72553  2196.35 
9.05382  576.092 
9.75656  -785.461 
8.58591  1232.7 
9.76029  -789.54 
7.91247  1955.72 
9.74537  -773.224 
9.67963  -699.197 
8.41395  1406.96 
10.5816  -1390.93 
10.5921  -1317.98 
10.5471  -1395.25 
10.5533  -1351.38 
10.3135  -1189.49 
10.3367  -1452.83 
9.14696  526.972 
8.71608  1055.75 
9.28417  -124.144 
9.7491  -777.303 
9.66471  -682.882 
8.86407  358.202 
9.74537  -773.224 
8.94557  768.059 
8.43126  831.35 
9.72671  -752.83 
7.91398  1953.53 
8.89765  321.492 
9.68487  -705.468 
9.67442  -693.86 
9.80338  -782.511 
7.7218  2200.43 
8.53962  1283.84 
10.1873  -2053.2 
9.74537  -773.224 
8.76239  1003.68 
9.85268  -838.031 
9.74537  -773.224 
8.56352  1257.17 
10.1761  -2040.96 
9.74164  -769.145 
9.0389  592.408 
9.28417  -124.144 
9.7491  -777.303 
9.71925  -744.672 
9.29163  -132.302 
9.73044  -756.909 
9.71626  -741.223 
9.28044  -120.066 
8.82286  936.854 
9.20425  -34.4312 
8.42007  843.586 
8.81166  949.09 
8.78555  977.642 
10.1718  -1297.29 
9.7491  -777.303 
8.177  1702.81 
9.2879  -128.223 
8.58964  1228.62 
8.40515  859.902 
10.1947  -2061.36 
7.72927  2192.27 
8.55979  1261.25 
8.86034  362.281 
9.75283  -781.382 
10.135  -1994.23 
10.1761  -2040.96 
8.65836  1151.15 
8.87154  350.044 
10.1798  -2045.04 
9.75656  -785.461 
10.1836  -2049.12 
8.47236  784.616 
9.75283  -781.382 
9.77954  -1549.53 
9.34319  -190.643 
7.79799  2114.8 
9.76588  -735.192 
10.1531  -1276.9 
8.82659  932.775 
10.1604  -2023.08 
8.89765  321.492 
10.4803  -1143.96 
10.3244  -1209.65 
10.233  -1203.86 
