147.374  2.04616 
65.8759  1.88022 
-83.2998  1.99914 
154.785  8.12243 
65.7343  7.32753 
-107.354  7.00779 
160.922  8.15679 
105.756  7.24463 
-139.819  7.28133 
170.1  7.84114 
22.2315  7.74237 
-139.155  9.12502 
117.892  8.15294 
136.687  7.26737 
-101.339  7.34346 
114.896  7.52202 
111.572  6.91493 
-58.8012  7.15025 
115.238  7.40484 
5.81911  6.83611 
-98.1147  6.86662 
111.762  7.50063 
72.1768  7.61351 
-150.282  7.77464 
97.1293  7.04723 
53.2863  7.15287 
-84.9748  6.74522 
110.09  7.50312 
46.1424  7.03597 
-95.5316  6.61726 
118.75  7.00325 
53.7288  6.96037 
-110.922  7.04318 
17.2559  7.22677 
30.7092  6.7023 
-150.312  7.15235 
105.395  7.11712 
76.345  6.74941 
-186.055  7.02742 
91.9883  6.98792 
65.5126  7.13343 
-172.719  7.25508 
58.7257  7.2111 
21.2145  7.19973 
-258.438  7.232 
-16.1026  7.26551 
61.6864  7.04701 
-224.017  9.89911 
-19.535  7.16199 
75.1046  7.49766 
-252.324  7.62306 
22.2349  6.80041 
67.6159  7.5703 
-211.483  8.95028 
33.1068  7.78185 
53.4346  7.03005 
-211.416  7.78529 
-31.7709  7.94515 
80.7873  7.27939 
-263.473  7.66556 
50.5074  7.13455 
92.4197  7.42632 
-258.107  11.423 
-44.4566  7.2183 
29.5222  7.2343 
-208.31  8.35044 
-32.4699  7.76173 
84.7422  7.1555 
-181.252  7.89104 
-66.8491  1.9801 
91.0917  1.70439 
-208.937  2.11087 
1.48797  1.82785 
-134.249  1.9054 
7.15324  1.93086 
-46.6593  7.23582 
-120.687  6.98045 
-22.2401  7.36472 
10.8976  7.40717 
-159.63  7.73304 
-26.9967  7.71191 
-1.33294  6.78408 
-120.965  7.01272 
-39.0258  7.96614 
30.2457  6.96741 
-63.9927  7.21693 
0.266672  7.10989 
85.6985  6.34766 
-58.1663  6.88672 
-46.7706  7.30677 
42.4993  7.36916 
-91.5109  7.8889 
-27.0257  7.99927 
52.3763  6.58089 
-156.596  7.21346 
-1.01956  6.63099 
17.351  6.36943 
-102.147  6.9921 
5.36703  6.89301 
-31.7872  7.13514 
-119.515  7.13929 
-32.4837  8.10007 
-6.60771  6.5301 
-85.3555  7.16187 
-2.79934  7.08549 
-28.6071  7.02796 
-65.757  6.96144 
-10.8105  6.84818 
-51.1024  6.83177 
2.39816  6.25328 
-22.2758  8.92355 
-29.1373  7.25957 
-78.3841  6.93557 
-0.137224  6.73646 
-33.4982  7.30203 
-47.1315  7.44601 
28.8671  6.63814 
-132.188  7.16987 
-89.5766  7.36543 
-15.4612  8.92955 
-35.7611  7.40912 
-104.468  7.07979 
-48.1107  7.37557 
-16.8406  7.8283 
-51.8049  7.39297 
-29.3177  6.94592 
-67.9753  7.13049 
-20.8635  8.59602 
50.5149  7.93256 
-31.2182  7.33671 
-61.4806  7.4182 
-37.5079  7.20116 
-15.441  7.81723 
-45.6785  7.41652 
20.6359  7.2861 
-93.8416  8.27925 
-50.7584  7.35617 
-40.8995  7.43099 
-132.049  8.0285 
-64.9261  7.82454 
-99.9332  9.57328 
-79.7891  2.15523 
-9.54055  1.83108 
-4.26947  1.93153 
3.66852  1.88663 
-76.051  1.9897 
34.6881  1.89939 
-16.5285  7.15733 
-5.16633  7.16211 
37.5193  7.50506 
44.9954  7.38605 
16.3152  7.63687 
31.6208  7.03225 
12.5516  7.35984 
-3.62113  6.75108 
53.0307  7.10712 
39.0857  7.3338 
11.2969  6.84671 
23.1735  7.62567 
95.2647  7.04318 
25.0382  6.71364 
23.2305  7.31154 
123.86  6.81304 
38.1002  7.17206 
76.6765  6.85235 
74.8506  6.90664 
-42.4307  6.90542 
-16.2419  7.21441 
65.9565  7.25725 
-8.30327  6.86537 
25.0446  7.75773 
95.6241  6.42516 
-0.63801  6.52388 
-2.70156  6.64372 
77.4483  6.93133 
-41.8447  6.46217 
45.4918  6.85932 
71.7152  6.4798 
-128.608  7.2529 
80.913  7.03666 
93.1146  7.08866 
-67.4437  6.52891 
85.4541  7.23538 
36.1712  7.12847 
-45.186  6.93164 
23.9022  6.47795 
116.961  7.1362 
-95.8818  7.4796 
47.5253  6.75857 
65.7224  7.08903 
-123.01  7.01774 
26.0388  7.38972 
70.8864  7.72119 
-137.985  7.05821 
-1.24303  6.96839 
87.8827  7.60899 
-111.682  7.06074 
3.30703  6.96131 
64.4525  7.82195 
-88.1252  7.4635 
18.2201  6.76429 
-2.41258  6.39689 
-91.1636  7.44513 
22.6082  6.82386 
114.17  7.62646 
-105.603  6.88557 
17.8262  7.77617 
154.329  7.52589 
-45.5974  7.5788 
2.2482  6.6522 
71.8365  7.93574 
-20.462  7.69072 
39.2508  6.19408 
110.329  1.98392 
-69.5028  1.99585 
28.0285  1.91015 
-54.7435  2.0927 
33.1863  2.22603 
-23.0529  1.95025 
-54.4636  7.76153 
103.057  7.9218 
-17.7953  7.08494 
-141.008  7.48631 
86.7081  7.51337 
-6.22536  7.498 
-104.168  7.59178 
39.8197  7.09897 
21.2278  7.15232 
-89.1334  7.71784 
57.4711  7.71196 
-21.4597  7.6465 
-79.5368  7.82641 
9.53141  7.27175 
-66.1674  7.13496 
-189.958  7.95119 
66.3403  7.43035 
-59.682  7.23771 
-112.627  7.55822 
4.10119  6.83368 
-53.6981  7.33211 
-158.873  7.60562 
17.5478  7.17523 
-4.04525  7.05188 
-130.016  8.16693 
36.9899  7.03962 
-10.3503  7.77651 
-122.681  7.92425 
93.7243  7.02443 
-22.5245  7.26683 
-152.402  7.74984 
139.013  6.68976 
-87.0291  7.55789 
-132.328  7.67469 
46.2116  6.99915 
-31.5605  7.26238 
-109.296  7.56801 
158.062  7.16437 
-31.1884  7.43991 
-121.169  7.46692 
117.408  6.9319 
-13.638  7.08498 
-106.691  7.6211 
54.2086  6.94543 
-50.4653  7.53429 
-25.5787  7.324 
2.9254  6.94258 
19.0038  7.66479 
-0.143462  7.11124 
70.6557  7.50834 
10.6384  7.59395 
-14.4917  8.23243 
47.8299  7.25375 
43.6459  7.65893 
26.6572  7.24564 
66.2569  7.18553 
10.5882  7.50081 
-80.0857  7.29095 
2.23329  7.32437 
-23.0959  7.68867 
9.11528  7.78187 
47.9464  8.07075 
-68.9198  7.76189 
-20.1265  7.47201 
44.6899  7.79647 
-75.4086  7.67214 
39.0029  1.76764 
46.4806  2.16362 
-7.07359  1.85155 
-29.9923  1.87587 
156.373  1.88591 
20.1239  2.05436 
41.7074  7.72096 
123.56  7.00099 
-7.79131  7.39668 
-11.5069  6.78528 
99.9085  7.22274 
12.3708  7.27354 
-26.2233  7.41781 
169.796  7.65767 
5.94271  7.19675 
-22.7665  7.7986 
159.868  7.51723 
-8.47105  7.26752 
-54.3652  7.45638 
131.447  6.84034 
-25.0373  7.17455 
-46.9156  7.45527 
178.413  7.15921 
40.7078  7.15397 
-12.6791  7.57335 
115.711  7.01496 
-7.12059  7.03606 
-68.7543  7.1379 
151.799  6.81466 
39.8855  7.23439 
-6.30774  7.34641 
151.676  7.19504 
79.6688  6.83484 
-127.79  7.62491 
135.271  6.87216 
22.8525  6.70066 
-48.1531  7.26638 
158.47  6.75452 
56.0502  7.1215 
-83.2003  7.17389 
103.631  6.84166 
0.946136  6.63439 
-73.9629  6.88632 
167.663  6.93412 
17.2315  7.88041 
-122.76  7.05736 
136.085  7.05453 
15.9664  6.7648 
-67.5139  7.2421 
145.714  7.05217 
0.0443858  6.88753 
-43.6794  6.96312 
112.039  6.94207 
24.2112  7.30144 
-92.3943  7.52342 
118.808  7.01516 
1.35689  6.94354 
-83.5265  6.75964 
123.115  7.29876 
75.6178  8.21958 
-74.4931  7.2866 
60.2027  7.38877 
-16.4766  7.58146 
-112.688  6.94914 
25.6823  7.4498 
-71.0946  7.29565 
-100.699  7.24993 
79.2761  7.29573 
-62.9793  7.54951 
-169.359  7.46363 
67.6798  7.46812 
-44.3269  7.44761 
-135.791  1.8899 
24.8288  1.98554 
-133.668  2.00269 
-46.2614  2.0039 
-124.112  1.86406 
-101.912  1.91875 
-51.2262  7.50593 
-205.355  7.2734 
-84.01  7.80389 
9.80505  6.77441 
-159.171  7.87198 
-51.69  7.48334 
-46.3104  6.5859 
-211.989  7.81859 
-144.811  7.67273 
-52.4526  7.01046 
-148.185  6.68815 
-39.2478  7.63371 
-82.5311  7.10035 
-108.62  7.67269 
-57.3799  7.77753 
-73.2096  6.72119 
-207.016  7.65687 
5.45634  7.07508 
-31.5615  6.3437 
-194.796  7.49511 
-16.2713  6.93317 
-56.8279  6.07857 
-195.145  7.34266 
-9.28612  6.45708 
-62.7366  6.74042 
-84.0869  7.04383 
-44.5582  6.38589 
-84.266  7.83972 
-118.426  6.78743 
-57.7309  7.29825 
-0.405406  6.79496 
-110.485  6.99169 
-31.1978  7.50266 
-61.8952  7.03042 
-145.848  6.9151 
18.46  6.92539 
-26.1394  6.83646 
-98.159  7.40736 
-71.3985  6.9666 
-82.3793  6.89042 
-105.614  6.75264 
-71.5318  6.74077 
-34.4829  7.06887 
-37.8869  7.09387 
-35.4297  6.74216 
-95.3968  7.17352 
-83.3578  7.65291 
17.9312  7.39244 
-42.6359  6.79756 
-110.394  7.34855 
-2.85326  6.62133 
-110.359  7.38352 
-103.807  6.81312 
-13.5329  7.28244 
-37.9239  7.6205 
-84.5721  7.39882 
-7.80204  7.4851 
-53.9651  7.11421 
-52.8811  7.31617 
7.28786  6.93728 
-105.047  7.34064 
-79.3466  7.64133 
-18.3893  8.17807 
-148.605  7.85691 
-69.4981  8.00805 
2.41702  7.13135 
-178.263  2.11763 
-114.453  2.04275 
-45.527  1.95543 
-63.5662  2.03288 
-133.206  1.93646 
6.38517  1.96084 
-156.136  7.3908 
-64.5107  8.19385 
-18.0527  7.73684 
-92.3095  7.71748 
-5.16488  6.7302 
13.4887  8.03074 
-74.8569  7.50409 
-116.557  7.54973 
19.3024  7.20001 
-48.5941  6.92493 
-47.8336  6.91293 
21.9069  8.27218 
-100.79  7.03221 
-53.8126  6.84323 
-1.37813  6.57416 
-42.5052  7.17946 
-73.6888  6.69669 
-24.1887  6.95586 
-80.7646  7.04568 
-16.0867  6.93536 
4.19083  6.86742 
-58.7569  7.1613 
-18.8152  6.50537 
61.5065  6.78631 
-1.96901  6.67618 
-13.2426  6.98104 
37.5887  7.16311 
-27.299  7.35538 
57.3848  7.112 
42.9413  7.47678 
-54.5361  7.35927 
-28.1134  7.02472 
50.6913  6.8161 
-93.0601  7.62352 
5.9173  7.27724 
83.3554  6.63581 
-64.5289  7.14846 
-3.16595  6.329 
77.8786  7.10613 
-7.88159  7.69868 
21.9728  6.81059 
105.521  6.65242 
-32.2923  7.49508 
-25.3119  6.87444 
84.0185  6.70023 
26.2174  7.85644 
-28.2663  6.99493 
17.2571  6.64586 
4.82589  6.77347 
-26.4901  6.58591 
70.0074  6.81363 
26.4562  7.10141 
-23.1512  6.73173 
26.1642  6.75874 
-20.1428  7.13189 
15.7328  7.35639 
79.3154  7.02932 
-4.51147  6.83768 
-25.3319  7.22037 
27.3375  7.89652 
17.7212  7.5598 
9.04134  7.19132 
34.3351  6.87108 
47.4506  7.81037 
42.9658  7.22812 
28.3741  7.51106 
26.1343  1.79721 
22.6626  1.8168 
-9.95803  1.83179 
139.503  1.70444 
177.407  1.95242 
165.131  1.91773 
142.726  8.33796 
138.237  7.31341 
149.958  7.18002 
183.912  7.21545 
106.136  7.53545 
190.222  7.67568 
144.077  7.82395 
131.805  7.58809 
167.678  7.48561 
172.455  7.50886 
136.032  7.50755 
160.839  7.1571 
154.77  7.32385 
57.0608  7.81211 
244.784  7.27246 
102.377  7.46873 
81.6551  7.52265 
91.3088  7.93642 
108.132  7.42932 
68.2938  7.21835 
183.002  7.19378 
129.653  6.90335 
99.4133  7.50792 
197.182  7.32844 
120.21  7.26912 
59.1678  7.3168 
76.2623  7.34488 
42.8089  7.172 
93.8195  7.37269 
130.135  7.0576 
92.1548  7.19593 
25.1047  7.6804 
170.862  7.27536 
120.343  7.60154 
65.2168  7.76276 
60.7863  7.30436 
77.5364  7.35738 
-23.8555  7.05703 
105.701  6.9717 
47.1871  7.05348 
66.1852  7.45387 
93.9604  7.11931 
53.642  6.94251 
85.3271  7.14747 
-2.21276  7.15625 
46.2603  7.44236 
65.6977  7.2283 
73.6819  7.47905 
10.1397  7.26231 
-6.00639  7.51198 
88.8898  7.1248 
59.1028  7.12408 
91.1054  7.58171 
22.6542  7.34095 
11.0759  7.37504 
64.3644  7.56334 
42.8836  7.45953 
0.639046  7.21754 
-14.3396  7.51258 
31.727  7.86374 
-40.8358  8.13701 
43.6831  7.49908 
40.4944  7.57221 
-50.2147  7.86084 
49.3604  7.80171 
56.9492  8.05172 
-45.4361  1.78691 
37.3947  1.94759 
-15.0536  2.06016 
-43.3822  1.85415 
-99.3734  1.81906 
-66.4418  1.92596 
39.5965  7.23105 
-166.44  6.81988 
-12.9816  6.64854 
91.4498  6.68027 
-108.323  6.71744 
11.5026  6.50223 
44.5024  6.31105 
-139.661  7.35974 
-44.7957  5.76179 
95.3553  7.33756 
-127.724  6.98706 
-112.814  6.85104 
0.744322  6.68242 
-141.251  6.76606 
-72.3511  6.61784 
41.4843  6.56466 
-164.143  6.56836 
-74.3226  6.75614 
35.0835  6.31326 
-128.314  6.95317 
-63.0123  6.4323 
92.0753  6.59967 
-124.935  7.0367 
-58.965  6.19073 
-49.1232  6.68722 
-47.3658  6.53507 
-68.8043  6.73384 
24.456  6.73635 
-79.6784  6.56788 
-80.6869  6.54645 
7.48412  6.25715 
-69.1565  6.56304 
-42.9333  6.67062 
49.4979  6.85308 
-60.6236  6.60638 
-34.3061  6.90317 
41.1812  6.79226 
-118.78  6.40771 
-88.9345  6.42995 
91.9489  7.04125 
-104.286  6.39662 
-38.7189  6.74261 
8.44226  6.8228 
-106.282  6.73455 
-64.7656  6.52602 
52.0937  7.21214 
-99.3196  6.74094 
-35.0603  6.65496 
52.1578  6.77181 
-96.9996  6.97401 
22.5976  6.24135 
60.6178  6.72475 
-89.3741  7.11411 
-104.402  6.82365 
6.03103  6.80592 
-64.2583  6.73037 
-8.05713  7.08691 
49.6293  6.58094 
-75.0504  6.80146 
-117.794  6.92145 
29.5576  6.86272 
12.6213  6.93263 
-76.5926  6.73588 
48.4169  6.74843 
-83.7086  7.16663 
-36.2061  6.99914 
93.6024  1.95161 
-73.863  1.91541 
-21.5296  1.78585 
-137.53  1.91973 
-209.059  2.20719 
-80.2473  2.12563 
-121.668  7.44694 
-182.915  6.75827 
-119.508  6.74085 
-86.9576  7.26244 
-135.862  6.70989 
-181.821  7.20873 
-64.8782  7.09833 
-174.112  6.57748 
-137.387  6.70224 
-92.5304  7.41473 
-152.407  6.64058 
-96.1245  7.24987 
-42.0714  6.84386 
-194.009  6.79052 
-121.922  6.32631 
-98.8452  6.57294 
-165.803  7.17442 
-138.14  7.09084 
-102.786  6.64224 
-71.9336  6.60102 
-87.5132  7.1818 
-86.6985  6.59304 
-91.5345  6.66684 
-94.9916  6.38903 
-90.7101  6.84846 
-43.9927  6.56623 
-184.824  6.85917 
-61.1748  6.69832 
-109.761  6.55802 
-187.717  6.76761 
-87.2374  6.83972 
-41.3285  6.47128 
-126.04  6.86059 
-181.267  6.96392 
-15.1714  6.66826 
-151.509  6.90609 
-102.235  7.0988 
-76.7199  6.28957 
-124.725  6.3477 
-109.106  6.75166 
-111.061  6.55944 
-219.685  7.06057 
-142.188  7.19022 
11.1525  6.77633 
-199.019  6.61694 
-132.231  6.67656 
-49.785  6.54855 
-221.155  6.80558 
-160.041  7.3587 
-22.7686  7.17325 
-160.645  6.75389 
-209.445  7.24535 
-116.564  6.70798 
-175.962  6.9489 
-164.345  7.08384 
-108.09  6.8339 
-179.796  6.62572 
-68.2116  7.20116 
-98.0196  6.88124 
-244.798  7.02569 
-122.705  7.24203 
-104.48  6.92962 
-121.112  6.52448 
-179.68  7.9425 
-36.7658  7.49942 
-148.987  6.89668 
-133.406  1.94794 
-123.545  1.79489 
-201.656  1.7517 
217.542  2.13719 
-9.53171  1.72338 
-41.8922  1.89799 
253.254  6.63188 
-126.164  6.41311 
-38.0186  6.05997 
220.469  7.26127 
-13.019  6.81383 
-30.5532  6.37451 
179.592  6.68269 
41.3774  6.21624 
11.6267  6.08389 
127.052  6.81106 
26.0776  6.62466 
49.5349  6.70786 
210.01  6.62964 
-74.0345  6.03629 
28.5067  5.83137 
126.931  6.84942 
31.983  6.40705 
30.682  6.50378 
60.7183  6.1937 
35.9283  5.87112 
-13.9961  6.15389 
99.2933  6.45992 
13.1811  6.17424 
33.1773  5.68539 
57.9848  6.70593 
47.4413  5.86119 
-21.8824  6.28094 
73.5819  6.64458 
24.8485  5.90368 
-4.21681  6.09247 
-12.7877  6.98291 
32.4887  6.05949 
54.684  6.15924 
24.6947  6.65119 
71.0664  5.74453 
-19.8366  6.09243 
41.3519  6.82039 
81.33  6.32508 
67.5138  5.72575 
34.0645  6.70255 
45.2895  5.94551 
-45.6428  6.21537 
-59.2544  6.79833 
30.651  6.14774 
55.7286  5.76749 
-103.059  6.80958 
137.997  6.36778 
72.405  6.00923 
-84.7437  6.75459 
92.0621  5.58209 
-0.855743  5.79275 
-144.213  7.10262 
80.2878  6.51453 
-6.09752  6.09554 
-213.643  7.0055 
-39.9664  6.1971 
86.4694  6.41703 
-113.714  7.91366 
35.9445  6.40892 
-27.7056  6.50028 
-214.107  7.08232 
13.3414  6.14797 
11.6041  6.19141 
-206.049  6.93961 
-31.375  5.77982 
41.4587  5.55971 
-167.076  1.82061 
0.276504  1.92659 
8.44654  1.92801 
-6.28055  1.94069 
-155.412  1.97157 
-69.3177  1.93006 
-17.1848  6.67081 
-180.959  6.51423 
-24.2875  6.51965 
-19.119  6.47247 
-125.555  6.73313 
4.60702  6.0575 
-87.71  6.61252 
-126.004  6.36132 
55.1087  6.90124 
29.8247  6.5175 
-129.689  6.26484 
0.204598  6.3782 
-71.641  6.0838 
-137.694  6.15729 
-4.91973  5.98812 
-91.7597  7.11165 
-196.061  6.46577 
16.3778  6.74347 
1.37519  6.47398 
-146.1  6.32474 
3.03945  7.03106 
-69.0962  6.33761 
-203.483  6.69239 
0.983869  6.60841 
-50.5298  6.39155 
-148.345  6.03397 
-2.44628  6.29611 
-58.8648  6.96282 
-219.845  6.2198 
32.0277  6.39724 
-6.00409  6.36749 
-182.673  6.28084 
58.2232  5.83377 
-31.6636  6.45713 
-162.152  6.46406 
57.9144  6.73431 
-51.0767  6.49174 
-174.134  6.27589 
93.0522  6.27646 
42.1463  6.06658 
-174.33  6.24252 
80.9345  5.55504 
25.5908  6.35427 
-235.461  6.30865 
55.9765  6.26325 
-48.573  6.65372 
-175.454  6.14197 
44.7897  6.21469 
-51.7992  6.00014 
-143.569  5.89746 
60.5401  6.23774 
28.9703  6.66314 
-170.14  6.15771 
99.2721  6.71454 
18.6706  6.42833 
-65.1253  6.76349 
69.3618  6.21355 
86.9239  7.45784 
-126.254  6.46952 
116.194  6.21856 
2.41812  6.70176 
-111.003  6.39922 
38.0804  7.05864 
87.0483  6.51623 
-83.9229  6.8285 
44.5929  6.68095 
68.8703  2.04022 
-69.3126  1.76468 
23.8989  2.00083 
-18.718  1.90969 
-74.7719  1.85727 
101.787  1.81285 
8.70675  7.07576 
-48.0114  6.79729 
57.4617  7.06189 
65.5641  7.14484 
-11.0966  6.601 
162.873  6.3453 
44.2385  7.27884 
-44.8498  6.29324 
152.32  6.87383 
-18.0737  7.02449 
6.50499  5.91285 
82.44  6.4815 
24.0021  6.8303 
-50.7327  7.11667 
127.237  6.74084 
-25.158  7.05877 
16.7564  6.35118 
59.8358  6.3766 
-10.9777  7.20427 
-88.3391  6.7484 
75.7357  6.61839 
14.3691  6.89723 
53.198  6.62101 
185.055  6.13934 
1.62589  7.16154 
3.69485  6.07242 
79.6956  6.26783 
10.9384  7.01685 
-50.6979  6.27858 
115.329  6.65526 
-22.7698  5.76314 
-2.23755  6.06037 
98.5409  6.21277 
-15.7969  6.95044 
-19.2465  6.89254 
31.0677  6.41185 
-44.972  6.55764 
-63.2049  6.92328 
116.424  6.63804 
-37.8694  6.38509 
50.522  6.44863 
80.8234  6.65427 
-67.3271  6.74604 
-20.8942  6.63806 
69.4038  6.54474 
-25.5157  6.65172 
8.28831  6.31162 
117.805  6.64864 
-27.4575  7.18708 
13.0977  6.75387 
149.792  6.88664 
-139.686  6.94163 
-67.3352  6.38739 
140.699  6.51228 
-103.88  7.05182 
-43.5278  6.39627 
189.032  6.76816 
-162.25  7.22975 
35.0273  6.7852 
135.107  7.23407 
-101.273  7.05635 
-54.3052  7.17191 
59.2192  6.97478 
-114.794  7.08237 
-4.26032  6.55917 
55.1103  6.65361 
-118.869  1.95599 
-51.1862  1.90351 
108.425  1.79978 
-40.9153  1.81551 
-302.285  1.94513 
35.5931  1.82655 
-77.4262  6.9787 
-232.082  7.63394 
-34.1767  7.3386 
-81.5575  7.30256 
-261.414  7.29524 
39.8132  6.99558 
-33.7078  7.62922 
-207.062  7.56981 
44.9892  6.9791 
-1.55015  6.64474 
-209.226  7.865 
-19.2522  6.71218 
23.0533  6.43638 
-161.912  7.31961 
-24.1993  7.57037 
21.6368  6.2735 
-180.593  6.66833 
1.79517  6.78761 
-138.785  7.18773 
-158.928  7.1934 
24.5693  6.88684 
-36.6504  7.15131 
-119.814  6.88769 
17.6206  7.58572 
-13.3601  7.25727 
-186.644  7.43248 
-4.45269  6.7858 
-41.7203  6.26333 
-132.607  6.6197 
-20.3584  6.58926 
-24.4035  6.4113 
-183.179  7.14089 
-24.8106  6.23865 
-42.8952  5.43457 
-114.988  6.85113 
-18.4025  6.88412 
-10.5006  6.39237 
-116.965  6.36589 
-71.2989  6.43985 
-31.5339  6.60145 
-66.8505  7.00218 
-37.8029  6.41571 
50.9771  6.91662 
-47.019  6.59701 
-79.6169  6.4491 
-13.2371  6.54601 
-43.6851  6.46153 
-93.0156  6.80512 
23.5744  5.66351 
9.12866  6.65614 
-55.5914  6.89495 
7.40535  6.87529 
-66.6575  6.75493 
-122.941  7.10745 
-28.2996  6.56385 
12.8937  6.90862 
-44.393  6.94756 
-16.3183  7.15615 
30.9511  7.04684 
-94.3463  7.15776 
-17.6291  6.83233 
82.3482  7.20328 
-88.7032  6.57325 
13.3959  7.26408 
42.0947  7.0173 
-83.5564  6.94497 
-36.9384  1.81286 
-14.8367  1.99943 
-98.6385  1.86684 
-17.6312  2.15568 
-119.04  1.9825 
-59.8294  1.90779 
-65.2683  6.39381 
-34.98  6.81135 
-57.4842  6.95452 
-7.87042  6.33676 
-75.9679  6.40701 
-83.6399  7.02111 
30.2155  6.5352 
-82.2107  6.50326 
-66.0621  6.98065 
50.1838  6.44411 
-30.125  6.24226 
-61.1222  7.07367 
31.7114  6.16833 
-34.2807  6.56903 
-93.0298  6.68433 
9.94348  5.97063 
16.0486  6.36211 
-30.6273  6.22406 
73.9184  6.25495 
-10.1259  6.26492 
11.1931  6.42748 
71.2964  6.1259 
69.9195  6.1903 
-28.7078  6.59163 
30.9202  6.14707 
-8.22682  5.41445 
-7.85018  6.2678 
78.0726  6.33524 
-31.4745  6.66538 
32.3394  6.4788 
54.6108  6.21458 
-43.9491  6.28009 
-52.2777  6.07808 
35.656  6.11623 
-88.7642  5.99204 
-14.6028  6.25244 
111.354  6.48506 
-80.0982  6.43514 
81.5167  6.23511 
40.6123  6.20108 
3.75347  6.54917 
55.3942  5.89418 
55.8266  5.94415 
1.78998  6.1198 
100.594  6.26042 
35.0018  6.37513 
-48.231  6.7067 
58.368  6.02526 
103.355  6.91055 
8.84988  6.36727 
89.8555  6.03957 
3.58566  6.56303 
13.4709  6.70214 
22.9568  6.32593 
5.94066  6.64304 
73.9233  6.43206 
22.4419  6.17004 
25.534  6.70953 
7.94805  6.56884 
45.7957  5.97201 
85.0878  6.59497 
41.7151  6.77521 
-10.8509  6.3556 
139.928  6.66427 
45.3819  6.83592 
-12.6202  6.55008 
74.706  1.94159 
-10.5216  1.93908 
0.33162  1.93772 
-124.937  1.89472 
-168.252  1.9179 
-55.1805  1.88082 
-181.887  7.0212 
-107.258  6.77238 
-61.7588  6.39943 
-156.299  6.75259 
-129.416  6.41836 
-3.23126  6.45101 
-131.437  6.62162 
-157.663  6.5579 
-9.78582  6.95324 
-108.155  6.88875 
-57.5801  5.98229 
-58.5493  6.04076 
-187.025  6.72484 
-106.026  6.3507 
-32.5556  6.16377 
-128.398  6.64245 
-118.089  6.24936 
8.22861  5.599 
-164.849  6.90091 
-87.483  6.26765 
-42.1123  5.61622 
-153.067  6.38578 
-109.017  6.07455 
-57.2766  5.86564 
-121.139  6.31489 
-166.093  5.87792 
-35.3614  6.1618 
-149.599  6.01459 
-103.587  5.75287 
-109.228  6.3241 
-204.286  6.5762 
-86.1771  5.71364 
-27.4974  6.18988 
-184.537  6.42794 
-164.021  6.43281 
-88.7433  6.11018 
-252.9  6.56158 
-118.05  6.25221 
-125.307  6.37073 
-161.582  6.61599 
-165.807  6.58162 
-91.2036  6.92551 
-219.79  6.27134 
-202.987  5.95822 
-115.378  6.52202 
-225.448  6.59156 
-180.351  6.0959 
-112.187  6.56664 
-221.661  6.59254 
-164.793  6.94494 
-62.8354  6.23334 
-192.847  6.54474 
-136.067  6.46139 
-201.253  6.3203 
-214.21  6.37801 
-164.412  6.7811 
-78.4748  6.90768 
-260.741  6.65883 
-200.399  6.74295 
-147.288  6.72766 
-169.039  6.84998 
-176.514  6.78672 
-133.703  6.38396 
-275.898  6.31874 
-174.767  6.7207 
-184.285  7.00051 
-276.397  1.80169 
-196.089  1.88902 
-186.786  1.86466 
14.039  2.34108 
-201.381  1.99721 
186.255  1.99383 
22.8985  7.49727 
-137.081  7.10395 
114.809  7.48366 
99.9432  7.61865 
-129.503  7.20855 
209.921  7.26576 
99.3484  7.41473 
-135.8  7.5064 
191.685  7.00759 
75.6414  7.7612 
-122.915  7.47335 
191.973  7.15218 
47.3161  7.37728 
-202.215  7.07852 
157.121  7.0848 
94.2494  7.2731 
-199.736  7.20666 
128.343  6.82108 
110.612  7.62145 
-148.672  7.32987 
130.998  6.58275 
62.6125  7.14268 
-230.416  6.64237 
149.175  7.00101 
78.6696  7.14082 
-245.873  6.68549 
179.739  6.86656 
112.285  7.01091 
-182.844  6.44928 
160.421  6.18512 
76.7288  6.79041 
-151.988  6.91876 
120.471  7.08968 
120.486  6.30318 
-176.842  7.00168 
114.298  6.85621 
97.5129  6.95515 
-137.579  6.78899 
65.0758  6.65087 
87.6479  7.11169 
-188.401  6.44693 
96.2733  7.08312 
72.0845  6.60031 
-164.187  6.2629 
78.8975  7.03299 
58.5676  6.83267 
-198.138  6.61067 
127.78  7.1446 
104.417  6.42347 
-129.809  7.22469 
62.2608  7.74898 
66.7677  7.07614 
-178.553  6.98494 
61.3583  7.35017 
-19.2731  7.31536 
-149.212  6.81129 
89.418  7.28575 
95.8523  7.10439 
-207.345  7.61523 
32.2662  7.20863 
112.661  7.26947 
-141.846  7.12748 
28.9845  7.23428 
9.80521  6.72813 
-180.172  7.64008 
46.7182  8.11243 
42.9625  1.95288 
-162.52  2.04335 
47.1115  2.2308 
42.9033  2.10307 
-32.6097  2.12117 
12.5137  1.86404 
79.0037  7.44487 
-49.2848  7.38789 
-39.5292  7.6664 
21.0182  6.79115 
-73.7186  6.93544 
-53.8677  7.42333 
20.2116  7.32354 
-37.0351  7.08572 
-12.3888  7.2419 
30.4303  7.47707 
-49.0043  7.22101 
-9.85651  7.35189 
74.8586  7.37027 
-88.5573  7.19211 
8.5363  6.97436 
89.8165  7.1817 
-20.9334  6.81572 
16.2363  7.15682 
102.489  6.51227 
-43.2859  6.85343 
33.9043  6.86028 
94.222  6.708 
16.3662  6.45922 
49.889  6.80294 
105.573  6.42996 
-76.5984  7.15437 
43.4404  7.19276 
107.007  7.00887 
-23.929  7.15659 
62.3334  6.62182 
87.7374  7.10946 
-57.7872  6.63431 
102.698  7.00371 
79.0102  7.4661 
-14.1004  6.30204 
56.968  6.62265 
121.72  7.27264 
-17.1409  7.0898 
84.3613  7.22608 
68.9117  7.4685 
-14.3227  7.06316 
79.596  7.25581 
111.487  7.44573 
-51.4995  6.66819 
139.94  6.93825 
61.2134  7.63759 
-47.309  7.2721 
92.6363  7.2415 
41.577  7.74241 
24.2096  6.93123 
100.812  7.27277 
98.0958  7.88719 
-36.3724  7.58416 
138.771  6.72154 
84.4843  7.58418 
-31.4765  7.31025 
92.5952  7.63341 
97.4659  8.03561 
-60.7859  7.5035 
94.5226  7.48886 
134.797  8.19603 
8.21165  6.78187 
63.4745  7.56099 
122.523  8.09674 
-43.694  6.82521 
131.64  7.52166 
42.3114  2.29391 
-47.349  2.04712 
107.366  1.93275 
-174.003  1.9309 
-48.9767  2.17291 
-117.149  1.98934 
-38.3598  7.75073 
-59.9943  7.72261 
-128.854  8.07342 
-97.4048  7.96465 
-73.3621  7.35547 
-73.7412  8.04581 
-81.4226  7.24234 
-29.8579  7.2504 
-105.802  7.67458 
-89.7387  6.96422 
-20.7395  7.24107 
-50.5341  7.21593 
-91.5616  7.68853 
-43.9362  7.63826 
-96.4824  7.78054 
-24.7195  7.46721 
-54.4652  7.6205 
-85.3216  6.62847 
-112.266  7.50998 
-13.6064  7.05906 
-51.719  6.92955 
-58.9337  7.414 
-30.3595  7.02569 
-42.0989  7.33087 
-49.0427  7.34774 
18.3639  6.98867 
-73.2153  7.56328 
-25.8965  7.3879 
78.3942  7.12032 
-84.4821  6.77981 
-65.0273  7.74699 
36.4896  7.30709 
-83.6326  7.41438 
-46.5006  8.30193 
-77.4837  7.1973 
-131.902  7.04195 
1.04727  6.81505 
-32.1261  7.44994 
-97.37  6.80318 
-26.7193  7.87422 
4.90797  6.4237 
-118.849  6.72517 
4.72213  7.45068 
7.9425  7.51532 
-34.15  6.4698 
9.00915  8.32395 
-12.6305  7.56841 
-50.2403  6.96842 
-2.41674  8.30618 
-54.6025  6.84879 
-12.4595  7.49394 
2.74405  7.262 
-96.5835  7.35412 
-145.154  7.25908 
-25.2995  7.25564 
36.4103  7.98683 
-52.1049  7.41293 
-39.7002  8.20786 
3.07971  7.22331 
-49.0821  7.71161 
-46.3263  8.62533 
-26.6237  7.27992 
-60.0563  7.52399 
-0.861141  8.19723 
12.8146  7.99588 
-26.3727  7.51574 
-18.2896  2.32118 
-1.60621  2.04771 
-79.5589  2.07242 
96.0579  2.33185 
47.5664  2.0949 
134.054  1.75964 
64.6553  7.5974 
109.092  6.70962 
99.0579  7.05907 
69.6849  7.40065 
143.946  6.72239 
118.738  6.72542 
121.133  7.17561 
147.539  6.23831 
75.0248  6.59656 
62.8905  7.27626 
135.61  6.78457 
137.676  6.57537 
28.6146  7.39635 
134.968  6.79669 
92.8542  6.65888 
86.66  6.69013 
216.272  6.57443 
150.258  6.31013 
95.381  6.48093 
177.745  6.50697 
141.913  6.28266 
44.4524  6.80037 
179.175  6.79606 
98.7207  6.71847 
103.035  6.97298 
122.363  6.1755 
215  6.22618 
94.4776  6.91793 
124.957  6.80126 
90.7703  5.93459 
133.986  6.82351 
181.633  6.58222 
111.204  6.41361 
120.687  6.45899 
228.262  6.42412 
151.099  6.32454 
99.2625  6.92928 
119.573  6.61815 
100.76  6.52494 
121.503  6.54673 
182.077  6.71025 
103.099  6.03477 
116.376  6.06704 
65.9808  6.72715 
126.169  6.51143 
104.902  6.49851 
161.785  6.68508 
106.323  6.35836 
97.1644  6.85703 
149.879  6.45375 
38.6811  6.58548 
82.0862  6.33417 
84.5317  7.08998 
100.341  6.26288 
54.3456  6.34284 
129.697  6.92994 
87.539  6.61265 
79.5501  6.34023 
97.4917  7.3989 
111.942  6.76075 
99.0482  6.86433 
15.8465  7.35894 
61.7795  7.02721 
102.222  7.04029 
60.1015  6.83428 
97.195  7.29974 
75.6282  1.8301 
29.8817  2.09478 
49.2708  2.12316 
157.401  2.13528 
296.913  1.87094 
61.0484  1.93971 
124.284  8.37391 
251.55  8.12939 
100.133  7.07169 
108.519  8.3754 
303.928  7.40047 
74.4266  7.7689 
136.996  8.00437 
247.483  7.6007 
67.902  7.17827 
28.8484  8.33699 
277.854  7.84271 
141.369  7.79582 
39.9857  7.60262 
159.73  7.85602 
111.173  7.43791 
86.3864  7.51015 
172.907  7.54786 
158.581  6.8829 
92.4381  7.2763 
188.788  7.46786 
133.49  7.39388 
100.679  7.94678 
248.642  8.15904 
210.399  7.28441 
111.495  7.64689 
153.076  7.88805 
209.165  7.03385 
133.749  7.46133 
138.519  8.45803 
245.767  6.84593 
65.6897  7.79936 
148.378  7.28143 
236.834  6.96899 
112.791  7.78617 
49.7376  7.43547 
251.208  6.7528 
139.027  7.21546 
58.3928  8.1478 
257.896  7.35699 
48.6178  7.48577 
19.3468  8.13001 
206.942  7.28227 
114.502  7.53643 
34.942  7.85064 
219.442  7.34641 
96.4865  8.11008 
22.9386  8.40538 
293.596  6.93763 
179.31  7.69918 
46.7126  7.71255 
207.827  7.38858 
99.0815  7.51271 
45.0508  8.09752 
222.605  7.24001 
132.29  8.03375 
-11.6203  7.82131 
258.426  7.47719 
111.889  8.51441 
14.3634  8.43181 
249.244  7.73541 
119.432  7.86667 
-62.1937  9.41682 
224.305  6.83634 
86.3967  7.7497 
-63.7829  8.90684 
234.328  7.68622 
12.8443  2.15247 
-85.445  1.93511 
183.605  1.92708 
2.58938  1.79844 
-84.4209  1.89863 
-49.2269  2.23933 
16.7673  7.25112 
-69.2691  7.90649 
-3.42878  8.23279 
10.68  7.8315 
-49.781  7.55998 
-4.61269  8.19195 
-49.3233  6.63698 
-19.1411  7.96733 
5.01566  7.64997 
87.0026  7.18494 
-9.79512  7.02294 
0.890502  7.49433 
11.5136  6.82892 
-73.3854  7.79787 
9.59726  8.12944 
76.4946  6.73498 
4.25737  7.0957 
-0.741636  7.88703 
44.3987  6.97038 
53.8178  7.30798 
-35.2072  7.47588 
84.5169  6.64605 
46.9854  7.39352 
41.088  7.34837 
138.739  6.81467 
53.3478  7.24447 
23.572  6.98867 
137.111  6.90224 
41.9415  6.39601 
114.984  7.06839 
99.5002  7.23866 
12.7631  6.93654 
29.0168  6.82672 
93.1981  7.4486 
23.3182  7.20716 
18.8734  7.14505 
103.497  7.47361 
83.5635  6.92177 
-25.0247  6.77432 
71.8529  7.08055 
22.53  7.25397 
80.4873  7.18921 
76.6643  7.38426 
57.5231  7.61559 
37.3518  7.27069 
132.799  7.29222 
82.6042  7.24743 
-20.4025  6.86864 
130.722  7.47761 
22.7189  7.63071 
109.046  6.7538 
94.6645  7.47325 
37.8431  7.46809 
131.973  6.99107 
115.187  7.26103 
29.4839  7.39567 
56.4965  6.94587 
89.1791  7.84395 
106.778  7.53225 
17.7482  7.32809 
96.0595  7.75601 
60.2505  7.40933 
53.0473  7.61697 
42.8923  8.2066 
87.461  7.74509 
38.923  6.92685 
103.267  1.94914 
70.8956  1.92888 
45.206  1.86068 
-15.573  2.20141 
46.0806  2.10915 
-143.638  2.08385 
36.19  7.28525 
109.249  6.81554 
-113.314  7.54947 
-20.5069  7.41204 
168.755  6.97388 
-51.5001  7.69435 
-28.3442  7.48408 
85.7461  6.85992 
-8.63077  7.24722 
88.9964  7.51719 
113.866  6.92978 
-10.2722  7.05907 
30.6649  6.97041 
97.6978  6.84918 
-43.0801  7.33308 
16.6786  7.2873 
107.502  6.71476 
-45.0065  7.40728 
78.0674  7.07239 
113.224  6.24192 
21.8449  7.03424 
45.9397  6.8043 
107.808  6.57031 
-8.68413  6.82092 
-24.8627  7.14428 
122.345  6.42115 
44.3408  6.8543 
-33.1423  6.67979 
112.826  6.58778 
26.7426  6.31335 
8.01125  6.6991 
73.456  6.13841 
13.1143  7.23828 
52.0326  6.82945 
6.73678  6.57996 
35.4545  6.7481 
50.5062  7.16576 
4.02748  6.21379 
-47.7235  6.43357 
136.135  6.90505 
13.9541  6.71814 
12.4279  7.0232 
91.6916  7.27921 
42.8906  6.90416 
21.0353  6.39641 
89.6291  7.35602 
-26.7283  7.03607 
14.5914  6.9259 
114.091  7.96605 
-65.2617  7.04338 
43.2525  7.07294 
124.318  6.75935 
-83.5366  6.92249 
12.2686  6.95866 
64.4794  7.61306 
-57.7499  6.49378 
8.53798  6.81139 
54.9763  7.25952 
-56.1427  7.64234 
-16.7637  6.81724 
177.558  7.36657 
-124.93  7.18084 
-33.2699  6.7696 
200.076  7.99538 
-105.761  7.76875 
-47.2694  7.06978 
186.545  2.06599 
-139.673  1.99183 
-90.9821  1.8922 
-68.2031  2.08539 
92.0149  1.97829 
-36.6495  1.77315 
-53.6271  6.7688 
66.0721  7.52754 
-8.46335  6.57725 
-15.8346  7.09835 
74.1397  7.45538 
-30.2906  7.27967 
-65.1176  7.13512 
73.2612  6.5263 
-6.7602  6.52834 
-129.056  7.3356 
93.2649  6.74549 
-73.7398  7.70724 
-30.6105  7.69349 
89.9068  6.52047 
-117.461  6.70048 
-101.524  7.4344 
134.3  6.76687 
-91.2969  6.66147 
-89.5044  7.15034 
62.8808  6.80841 
-42.5728  5.76607 
-117.028  6.32287 
49.4401  7.20978 
-179.993  6.68529 
-91.4291  7.00819 
-20.383  6.15069 
-140.554  6.87299 
-97.1145  6.94155 
12.9268  6.45624 
-19.5175  6.50247 
-61.9679  6.33445 
23.3161  6.38394 
-81.0633  6.6506 
-134.062  7.13392 
-57.3659  6.69342 
-111.564  6.89554 
-179.696  6.79072 
-5.65924  6.73189 
-81.299  6.7628 
-213.721  6.14041 
-32.6822  7.27865 
-108.026  6.2448 
-134.2  6.94858 
-45.019  6.61215 
-119.15  6.58282 
-130.629  7.04326 
-109.067  7.20298 
-159.309  7.446 
-84.8012  6.85769 
-41.5094  7.20266 
-98.9238  7.01503 
-94.317  6.63992 
-34.6107  7.33887 
-68.5182  7.1942 
-159.407  7.54346 
-24.6835  7.13696 
-123.376  7.07894 
-178.348  7.02254 
-133.389  7.25755 
-38.9051  7.46214 
-206.082  7.35415 
-107.015  7.58953 
-170.451  7.00009 
-234.541  7.07008 
-101.353  7.17171 
-116.629  7.14513 
-229.731  2.15693 
-86.4973  2.02986 
-145.262  1.99276 
10.1863  1.87292 
225.407  2.02664 
241.735  1.90837 
16.6469  2.61344 
259.237  8.23407 
221.012  7.51877 
-39.1907  7.8271 
269.777  7.69161 
188.189  7.68246 
24.1097  7.99515 
217.163  7.10384 
170.835  7.49678 
-13.7543  8.10292 
289.861  7.14212 
205.488  7.55134 
8.20849  7.68669 
151.274  7.52728 
201.767  7.34167 
-43.2805  7.99657 
222.119  7.35534 
176.738  7.06301 
-84.4133  7.58671 
191.011  7.41968 
193.954  7.61984 
-103.874  7.62434 
137.361  7.51388 
237.112  7.07117 
14.6359  7.81631 
94.3771  7.2691 
222.781  7.1724 
0.912553  7.16422 
110.846  7.75916 
184.714  7.12509 
-77.7121  7.95209 
28.6023  7.37937 
219.678  7.44573 
-23.4714  7.19518 
107.175  7.52278 
164.276  6.92275 
-6.40448  7.42667 
86.1005  7.58365 
241.156  7.1823 
-34.6705  7.56537 
50.0229  7.54962 
245.411  7.20266 
-4.01916  7.07216 
-19.7926  7.66581 
185.625  7.45787 
51.5162  7.65592 
-6.93648  7.87069 
179.301  7.28503 
-5.34666  7.16379 
-26.6402  8.01212 
207.354  7.21707 
-14.4697  7.76489 
3.81004  7.51823 
160.062  7.12949 
-32.8807  7.00711 
-102.036  8.72148 
154.966  7.50263 
7.74294  7.17153 
-33.568  8.09554 
201.901  7.5432 
-12.1933  7.52423 
-16.6755  8.3148 
218.716  7.8084 
-48.4612  8.13518 
-74.8378  8.29696 
113.932  7.64438 
-58.07  1.86255 
-94.8346  1.96082 
145.708  2.11516 
17.433  1.85333 
-18.5618  1.87918 
44.7971  1.90424 
-19.6592  7.02773 
-38.3105  7.33557 
76.8781  7.49433 
35.8192  7.00892 
-72.762  7.62931 
119.874  7.29528 
22.4261  7.00992 
0.847386  7.88541 
100.922  7.52953 
43.7036  7.0849 
-0.20667  6.69159 
98.076  7.2672 
38.2314  7.10741 
-14.6949  7.38285 
40.8746  7.39542 
39.654  6.82522 
-23.5274  7.11515 
107.176  7.5194 
22.5173  6.87761 
20.5223  7.41564 
122.636  6.96049 
32.7845  7.42204 
51.5911  6.77686 
161.821  7.23227 
1.99814  6.66102 
48.8321  7.05278 
53.3672  6.96914 
43.4011  6.76507 
68.0738  7.17426 
79.7443  6.96922 
63.2227  6.79165 
56.5206  6.81541 
114.838  6.79738 
130.746  6.97887 
78.4125  6.61594 
45.418  6.57618 
63.9654  6.99233 
104.633  6.69684 
106.434  6.99066 
13.0772  7.13734 
71.4656  6.84406 
82.2829  6.29628 
37.5286  7.3661 
103.995  6.9994 
85.945  6.63703 
113.859  7.27143 
135.621  7.3143 
37.3471  6.73071 
80.6594  6.74569 
90.4042  7.18369 
163.787  7.03345 
62.8023  7.64595 
128.855  7.00465 
180.66  6.92289 
-2.41677  7.49762 
75.2147  6.95172 
106.212  7.15563 
31.6643  7.87496 
90.191  6.72061 
119.255  7.04128 
9.4171  7.57646 
89.2428  7.02285 
113.91  6.85637 
39.4753  8.13691 
81.4061  7.39618 
84.913  7.50055 
-12.4708  2.0173 
32.3245  1.88222 
50.9102  1.68602 
-94.8135  1.8341 
-86.2216  1.95267 
-86.2851  1.91784 
-59.51  7.29407 
-94.5728  7.19542 
-64.7763  7.57193 
-53.5895  6.78565 
-54.6619  7.46822 
-65.565  7.193 
-26.0868  6.40124 
-128.909  7.04735 
-18.5706  8.44432 
-76.8514  5.95542 
-171.815  7.14698 
0.644025  6.96927 
-59.7136  7.01412 
-56.344  6.97576 
-38.9836  7.37031 
-76.0527  6.92138 
-83.0926  7.21042 
17.1599  7.63768 
-54.3089  6.72602 
-87.5005  6.95347 
19.5602  7.56719 
-34.4781  6.81569 
-34.4734  6.93869 
3.81126  6.2405 
-59.7789  6.61907 
-92.2416  6.92337 
35.3942  6.67783 
-70.7794  6.87221 
-42.5049  7.29622 
15.3363  7.50169 
-37.0178  6.71707 
-7.6178  7.58987 
-9.92905  7.04286 
-10.2172  6.74459 
-1.09167  6.50125 
-10.728  6.50792 
-37.5886  6.41802 
-21.3849  6.88355 
24.0357  7.15396 
-10.3019  6.77367 
-83.7519  7.00158 
43.627  6.43753 
-67.7588  7.66885 
-69.9617  6.87106 
47.6501  6.42804 
-96.8862  7.15306 
21.074  7.34762 
21.162  7.40274 
-40.491  6.93414 
31.002  8.35576 
67.3724  7.5725 
-71.074  6.53902 
4.49185  7.0931 
-5.62008  6.62702 
14.8292  7.25865 
10.2074  7.61058 
15.4985  7.19189 
-64.2992  7.30895 
0.10142  7.02795 
-100.246  7.35422 
-64.5266  7.76551 
-107.458  7.41432 
4.66508  7.21381 
-40.7178  7.093 
11.9724  7.41491 
-32.5602  6.99013 
-50.3525  2.17579 
-24.7185  1.79615 
-85.1803  1.99175 
-21.4316  1.85993 
85.6478  1.90322 
-154.649  1.98396 
-42.5675  7.31806 
104.755  7.35534 
-147.876  7.08613 
-76.198  7.42815 
75.9502  7.03782 
-49.4902  7.21992 
-70.2213  7.45592 
104.964  6.71105 
-128.99  7.2302 
-11.6182  7.10826 
83.9793  6.88344 
-128.286  7.34767 
23.8492  7.09515 
63.4077  7.09443 
-63.8241  7.02688 
-73.4676  7.16272 
35.9927  6.96635 
-141.244  6.98947 
-68.4629  7.42893 
46.9006  7.00931 
-121.412  6.8046 
-72.3324  6.5815 
-7.38073  6.2709 
-106.157  6.98115 
-63.6566  7.08118 
65.7983  7.23604 
-144.093  6.67249 
-90.6519  6.77798 
17.883  6.64375 
-162.559  6.83755 
-35.04  6.63796 
21.0867  6.42051 
-141.056  6.41753 
-121.088  6.59599 
-47.2363  6.79785 
-108.548  6.54442 
-98.8506  6.66082 
2.05227  6.42709 
-159.035  6.86629 
-102.626  7.21931 
1.07672  7.16643 
-158.435  7.00413 
-116.327  6.8351 
-77.0139  7.60166 
-148.777  7.15318 
-130.886  6.98455 
-6.19592  6.74091 
-28.8682  6.99024 
-107.532  6.88673 
-86.3938  7.22052 
-104.08  6.56866 
-207.603  6.83972 
-79.0611  7.05934 
-108.132  6.47952 
-124.31  7.02753 
-135.578  7.27016 
-137.676  6.78024 
-106.636  7.25881 
-77.1596  7.10228 
-207.743  7.2383 
-212.631  7.21971 
-91.0436  6.94009 
-97.3303  6.85162 
-137.282  6.79418 
-107.801  7.41427 
-132.899  7.01409 
-100.287  1.94612 
-169.591  2.01986 
-153.769  2.09946 
