11.3682  -3863.74 
9.17206  460.192 
10.5524  -1367.95 
10.0499  -2151.93 
9.98696  -2229.38 
9.97079  -1125.64 
10.0267  -2144.96 
9.95478  -2191.13 
9.99018  -1148.48 
9.99675  -2136.78 
9.98772  -2274.57 
9.68451  -1093.34 
10.0641  -2194.92 
9.96976  -2159.31 
9.18516  -645.483 
10.0784  -2201.59 
9.97125  -2176.94 
9.15817  -608.011 
10.0394  -2189.38 
9.41221  -2542.01 
9.17991  -642.84 
10.0469  -2199.41 
9.99598  -2225.22 
9.88827  -1127.35 
10.0521  -2211.12 
10.0154  -2249.92 
9.96845  -1073.65 
10.0499  -2195.55 
10.1784  -2291.14 
9.96993  -1083.09 
10.0357  -2187.12 
9.99969  -2236.55 
9.97218  -1097.73 
10.0656  -2286.18 
10.0019  -2254.81 
9.98941  -1138.73 
10.0476  -2194.54 
9.98169  -2212.17 
10.0081  -1185.55 
10.0356  -2206.19 
9.99221  -2232.02 
9.99015  -1157.54 
10.0769  -2246.65 
10.0049  -2277.38 
10.0441  -1263.37 
10.1158  -2320.62 
9.98772  -2234.57 
9.7594  -1179.69 
10.1016  -2330.37 
9.98772  -2224.57 
9.63458  -989.108 
10.1165  -2282.18 
9.97571  -2225.27 
9.7811  -1145.4 
10.1008  -2277 
9.85615  -939.154 
8.68515  -721.61 
10.1397  -2343.71 
9.86287  -906.682 
8.70753  -767.897 
10.0859  -2256.12 
9.8532  -911.197 
9.52121  -1180.98 
10.109  -2354.9 
9.87788  -973.983 
9.62932  -1980.09 
10.1263  -2348.65 
9.85988  -921.419 
9.60387  -1947.56 
9.75267  -702.158 
9.82295  -417.318 
10.9116  -1719.48 
9.79338  -1914.02 
9.7138  344.502 
10.5465  -487.422 
9.76246  -1117.75 
9.79314  -1183.81 
9.78794  -1093.03 
9.74524  -1064.93 
9.78942  -1236.1 
9.76847  -1097.39 
9.73175  -1084.38 
9.80734  -1182.24 
9.76844  -1116.46 
9.72731  -1050.61 
9.77742  -1133.18 
9.7595  -1077.04 
9.71229  -983.307 
9.77217  -1120.54 
9.75127  -1117.32 
9.71902  -1029.02 
9.78639  -1153.53 
9.78345  -1095.57 
9.70405  -1017.21 
9.81634  -1213.52 
9.75276  -1073.14 
9.74299  -1062.11 
9.79165  -1164.36 
9.75127  -1067.32 
9.72201  -1094.29 
9.78115  -1159.08 
9.76474  -1101.5 
9.73025  -1080.38 
9.77218  -1136.91 
9.69207  -1050.67 
9.75049  -1107.58 
9.76321  -1116.56 
9.76319  -1083.82 
9.78418  -1129.83 
9.72643  -1033.5 
9.50624  -1040.98 
9.74898  -1117.2 
9.78263  -1140.33 
9.75649  -1067.22 
9.76324  -1117.5 
9.76914  -1101.6 
9.73926  -1038.03 
9.78942  -1224.29 
9.77591  -1152.81 
9.3092  -966.312 
9.75049  -1117.58 
9.77664  -1165.25 
9.7752  -1131.3 
9.7647  -1104.2 
9.75271  -1111.28 
9.76473  -1105.13 
9.77747  -1168.68 
9.43279  -1020.4 
9.64937  -1000.76 
9.76618  -1117.27 
9.76241  -1114.07 
9.7722  -1109.66 
9.76846  -1099.21 
9.75948  -1112.48 
8.43053  -576.208 
9.77217  -1180.54 
9.76922  -1134.4 
9.7752  -1121.3 
9.82911  -1226.19 
9.77592  -1127.36 
10.4783  -1122.23 
11.1349  -1496.43 
9.74976  -415.134 
10.3449  -1380.74 
10.0242  -824.621 
9.31624  -1850.48 
9.52988  -381.064 
9.9917  -1057.04 
10.0427  -1055.79 
9.83366  -1017.32 
9.97627  -1095.75 
10.0247  -1036.85 
9.85388  -1021.77 
9.98943  -1031.47 
10.0344  -1059.7 
9.86439  -1003.43 
9.98794  -1002.03 
8.98402  -1024.61 
9.88536  -1036.7 
9.9685  -935.513 
10.0524  -1028.58 
9.88462  -1027.88 
9.95498  -895.844 
10.0486  -1006.32 
9.8704  -973.079 
9.7999  -1238.64 
10.0696  -1091.4 
9.90932  -1073.42 
9.97443  -958.733 
10.0486  -1046.32 
9.89135  -1031.79 
9.94673  -931.564 
10.0577  -1048.53 
9.89956  -1056.95 
9.48038  -417.2 
10.0681  -1076.46 
9.85235  -986.836 
9.96993  -963.092 
10.1115  -1166.12 
9.85612  -948.221 
9.97518  -937.549 
10.0726  -1100.29 
9.84638  -954.496 
9.99845  -1007.32 
10.0928  -1081.11 
9.91004  -1021.3 
9.98798  -921.149 
10.1003  -1125.64 
9.87856  -996.373 
10.9516  -2245.27 
10.1183  -1163.65 
9.88007  -1018.56 
10.0051  -973.912 
8.78543  -700.439 
9.85987  -1046.86 
9.99841  -958.197 
10.1078  -1158.41 
9.88378  -1036.27 
9.99765  -984.821 
10.107  -1140.48 
9.87334  -1032.85 
10.0246  -1046.8 
10.1161  -1144.51 
9.88604  -1017.28 
8.74062  -644.187 
10.1025  -1153.02 
9.89502  -1014 
9.97521  -888.482 
10.0958  -1091.87 
9.88978  -1049.54 
9.98715  -979.534 
9.6913  -609.107 
9.87706  -1000.55 
8.94995  102.523 
9.40921  -172.186 
12.3075  -3040.78 
9.8381  237.09 
10.4792  -1175.76 
8.08686  1898.48 
10.1632  -1113.63 
9.89726  -920.447 
10.0643  -1033.26 
10.1774  -1211.18 
9.89279  -955.739 
10.0396  -1028.66 
10.1804  -1156.45 
9.91674  -984.269 
10.0336  -1004.46 
10.1632  -1170.94 
9.8928  -983.925 
10.0194  -1045.09 
10.185  -1143.95 
9.93177  -1036.13 
10.0546  -1102.28 
10.1879  -1249.16 
9.91674  -964.269 
10.0231  -1079.17 
10.1782  -1165.49 
9.90624  -1027.17 
10.0344  -1074.2 
10.1984  -1215.38 
9.92501  -1031.29 
10.0134  -1026.38 
10.1872  -1181.28 
9.9145  -997.822 
10.0156  -1032.83 
10.1841  -1176.9 
9.8883  -936.471 
10.0126  -1033.88 
11.0912  -1425.63 
9.88457  -892.392 
10.0328  -1101.08 
10.1841  -1176.9 
9.88229  -980.452 
10.0239  -1048.92 
10.1632  -1156.38 
9.84936  -861.573 
10.0194  -1056.02 
10.1879  -1169.16 
9.86736  -914.137 
10.0036  -1039.91 
10.1542  -1130.54 
9.85532  -965.726 
10.0209  -1074.54 
10.1415  -1072.48 
9.90176  -1037.9 
10.0164  -1012.57 
10.1302  -1033.82 
9.88159  -967.129 
9.99774  -1025.81 
10.1377  -1067.47 
9.89054  -992.918 
9.16321  -619.564 
10.1235  -1017.22 
9.8793  -977.002 
10.0224  -1028.59 
10.1542  -1142.4 
9.89804  -1038.38 
10.0306  -1060.13 
10.1325  -1042.13 
9.88607  -988.21 
10.0306  -1103.75 
10.1438  -1076.23 
9.91749  -991.271 
10.0172  -1112.32 
6.77437  4055.32 
10.1018  -1371.46 
10.5011  52.9294 
8.98698  842.877 
10.9112  -1353.67 
10.3753  -576.587 
10.17  -1007.64 
9.99625  -888.175 
9.98276  -1017.63 
10.194  -1061.66 
9.99922  -907.065 
9.98497  -971.326 
10.1955  -1082.92 
9.96705  -825.188 
9.96851  -1001.89 
10.4813  -978.426 
9.97904  -849.919 
9.98653  -1017.2 
10.2075  -1108.58 
8.65664  1024.43 
9.97752  -1031.35 
10.1978  -1093.93 
8.90701  -245.544 
9.95804  -955.719 
10.1843  -1048.82 
9.99174  -884.347 
9.96551  -1002.06 
10.2225  -1120.39 
9.98275  -849.438 
9.96177  -949.798 
9.62305  -897.49 
9.98122  -850.865 
9.94153  -902.6 
10.2157  -1167.37 
9.97373  -855.41 
9.96102  -962.796 
10.2053  -1089.39 
9.979  -820.8 
9.96551  -932.064 
10.209  -1118.91 
9.98122  -884.501 
9.97077  -982.893 
10.2075  -1113.09 
9.96551  -822.064 
9.97899  -976.24 
6.56995  -514.652 
9.97151  -861.709 
9.97451  -993.345 
10.1902  -1089.34 
9.32394  -60.6571 
9.98276  -997.625 
10.2083  -1072.84 
9.99174  -894.347 
9.95957  -982.47 
10.2082  -1127.35 
8.57589  -124.245 
9.99251  -1005.91 
10.2172  -1113.19 
9.43175  -837.697 
9.95508  -923.202 
10.2285  -1100.92 
9.98799  -945.709 
9.98426  -1023.44 
10.2262  -1157.16 
10.0135  -984.617 
9.994  -1073.54 
10.2367  -1137.01 
10.0067  -924.342 
9.98798  -1069.34 
10.2659  -1206.37 
10.0007  -931.069 
9.98649  -1041.7 
9.34343  -2050.85 
7.70063  -241.584 
10.073  -1412.47 
9.79185  -469.079 
9.63135  -1373.64 
8.86228  397.909 
9.74825  -1141.13 
9.84563  -1289.31 
9.7228  -1146.78 
9.7348  -1079.7 
9.81792  -1243.95 
9.7078  -1104.04 
9.76402  -1145.43 
9.83888  -1289.03 
9.77067  -1204.72 
9.74452  -1137.05 
9.83139  -1229.94 
9.7138  -1097.31 
9.77749  -1171.42 
9.82611  -1188.18 
9.70781  -1122.23 
9.77447  -1158.85 
9.87406  -1288.92 
9.7018  -1044.39 
9.74452  -1127.05 
9.86883  -1279.02 
9.71679  -1078.95 
9.75126  -1129.14 
9.8441  -1262.56 
9.71676  -1049.83 
9.76773  -1144.95 
9.82466  -1156.04 
9.73473  -1091.46 
9.76695  -1167.02 
9.8329  -1193.95 
9.734  -1109.02 
9.75652  -1079.97 
9.81714  -1177.83 
9.74076  -1082.04 
9.78796  -1147.59 
9.84262  -1219.48 
9.71978  -1022.4 
9.77295  -1110.29 
9.82612  -1174.55 
9.75573  -1115.66 
9.78119  -1176.38 
9.81864  -1180.02 
9.73099  -1121.01 
9.79322  -1128.42 
9.79694  -1114.31 
9.73328  -1091.13 
9.80966  -1185.11 
9.81489  -1163.2 
9.70779  -1027.67 
9.77073  -1134.77 
9.81341  -1201.94 
9.6988  -1044.57 
9.79842  -1205.57 
9.8239  -1192.66 
9.70329  -1072.03 
9.7857  -1128.4 
9.79992  -1171.39 
9.69432  -1061.68 
9.77746  -1142.3 
9.79616  -1118.19 
8.67098  -472.297 
9.79844  -1200.13 
9.77447  -1167.04 
8.6688  -505.902 
9.80967  -1251.49 
9.79395  -1150.86 
9.69134  -1056.41 
9.04535  16.0221 
10.1481  -274.412 
9.70806  -10.6223 
9.31458  -505.434 
8.27762  1422.79 
9.10921  908.128 
10.1677  -1201.14 
9.93481  -1105.07 
10.0269  -1078.79 
10.14  -1116.66 
9.90185  -1048.89 
10.0382  -1040.15 
10.1295  -1110.5 
9.94528  -1169.43 
10.0224  -1023.15 
10.125  -1093.04 
9.92581  -1093.79 
10.0442  -1023.42 
10.1296  -1133.24 
9.91159  -1090.8 
10.0149  -1047.69 
10.1737  -1876.22 
9.93476  -1111.39 
10.0329  -1069.32 
10.6182  -1755.65 
9.92354  -1058.22 
10.0299  -1036.8 
10.1235  -1087.22 
9.88684  -1047.96 
10.0059  -970.033 
10.0936  -1033.61 
9.88607  -1048.21 
10.0283  -2037.25 
10.1003  -1059.32 
9.8786  -981.866 
9.99399  -998.981 
10.1056  -1085.59 
9.8771  -1057.86 
9.98421  -987.951 
10.1325  -1129.39 
9.86285  -1023.94 
9.97148  -964.403 
10.1333  -1096.39 
9.88607  -1038.21 
9.99471  -965.051 
10.1131  -1042.87 
9.86142  -1006.36 
9.9767  -926.114 
10.7129  -812.458 
9.89808  -1067.5 
9.99845  -957.316 
10.0733  -1008.22 
9.90032  -1072.14 
10.0269  -1022.42 
10.0846  -1036.88 
9.91007  -1070.42 
9.82973  -386.713 
10.0853  -1008.39 
9.90408  -1067.15 
10.0284  -1020.05 
10.0884  -1069.15 
9.90704  -1029.66 
10.0194  -975.143 
10.1011  -1053.58 
9.89359  -1068.23 
9.47631  -783.739 
10.0756  -1031.98 
9.89732  -1030.5 
10.0149  -1014.06 
10.0606  -1003.79 
9.87339  -994.715 
10.0382  -1021.96 
7.87875  907.096 
9.60034  121.805 
8.85604  -1238.61 
8.88305  191.173 
8.36104  636.458 
9.07533  456.913 
10.1003  -919.322 
9.88982  -886.849 
9.85984  -885.926 
10.0756  -880.162 
8.67656  -307.949 
9.83737  -836.841 
10.1154  -921.182 
9.91603  -894.573 
9.83587  -862.836 
10.0944  -895.169 
9.92875  -891.747 
9.84935  -867.013 
10.0839  -916.255 
9.96326  -971.056 
9.80514  -774.912 
10.1056  -962.898 
9.94823  -927.383 
9.87704  -935.995 
10.1079  -955.719 
9.96245  -940.375 
9.83961  -833.288 
10.1221  -936.017 
9.95649  -918.035 
9.81639  -819.014 
10.1161  -937.252 
9.96323  -960.124 
9.86805  -932.9 
10.1251  -1015.79 
9.95423  -917.028 
9.85384  -884.467 
10.1251  -957.601 
9.98417  -982.458 
9.85084  -834.644 
10.1183  -923.699 
9.96097  -940.93 
9.88603  -949.091 
10.1198  -969.517 
9.99016  -1033.92 
9.87706  -908.742 
10.1325  -989.385 
9.96245  -940.375 
9.88678  -917.906 
10.1415  -987.041 
9.93626  -925.397 
9.91523  -1012.08 
10.143  -999.232 
9.955  -950.404 
9.89728  -943.193 
9.23392  -795.091 
9.97594  -1030.92 
9.89359  -926.42 
10.158  -983.786 
9.93627  -933.584 
9.9115  -997.999 
10.1573  -1036.78 
8.72745  -340.273 
9.91228  -985.934 
10.1917  -1038.79 
9.99168  -1044.29 
9.91004  -989.487 
10.197  -1086.87 
9.97372  -979.037 
9.92278  -983.034 
10.2112  -1099.86 
9.96627  -985.439 
9.89504  -968.559 
7.8975  -52.4698 
10.3387  183.625 
10.2699  -411.54 
10.3024  -54.6119 
9.61906  -1396.83 
8.26219  325.895 
10.6892  -1355.95 
9.86285  -1193.94 
10.0689  -1070.82 
9.87563  -952.976 
9.84861  -1136.38 
10.0794  -1046.99 
10.2538  -2203.35 
9.86134  -1169.93 
10.0846  -1103.26 
9.87411  -952.598 
9.85087  -1155.58 
10.1206  -1174.71 
9.91681  -1052.51 
9.83961  -1175.1 
10.0958  -1123.68 
9.91382  -997.245 
9.87033  -1194.84 
10.1887  -1871.71 
10.1149  -740.763 
9.84863  -1157.32 
10.0734  -1112.78 
9.88231  -931.385 
9.85987  -1155.05 
9.71603  -675.573 
10.3208  -1396.61 
9.83587  -1072.84 
8.48102  -1077.28 
9.92654  -1016.23 
9.85762  -1112.23 
10.0883  -1130.96 
9.09009  -81.9913 
9.83736  -1092.28 
10.7783  -1049.85 
8.8611  -952.908 
9.83961  -1093.29 
10.0869  -1086.08 
8.85408  -1381.49 
9.86056  -1143.81 
10.1018  -1150.58 
9.89656  -938.937 
9.87253  -1133.98 
9.812  -658.918 
9.92351  -1015.48 
9.87848  -1921.76 
10.7524  -748.761 
9.94599  -990.935 
9.84937  -1129.76 
10.0899  -1094.97 
9.92651  -978.926 
9.85609  -1127.29 
11.0801  -1243.5 
10.3976  -1924.58 
9.86809  -1120.21 
11.3827  -1832.39 
9.94296  -1031.99 
9.84937  -1099.76 
10.7427  -1881.41 
9.92574  -987.364 
9.83063  -1114.75 
10.1108  -1195.49 
9.93025  -1019.38 
9.80593  -1019.22 
10.0936  -1151.79 
8.89332  -970.278 
9.83289  -1125.76 
10.9759  -1313.13 
8.64722  1359.7 
8.84126  -656.958 
9.77635  410.455 
8.03769  397.524 
10.4803  -2839.4 
10.5817  -1451.92 
10.6006  -451.591 
9.94974  -1257.76 
9.64204  -1969.08 
10.14  -1163.97 
9.9565  -1204.41 
9.69147  -2044.7 
10.1093  -1127.86 
9.95725  -1251.41 
9.65404  -1982 
11.5249  -1794.12 
9.93853  -1230.96 
9.65178  -1942.8 
10.1168  -1093.32 
9.97295  -1269.29 
9.648  -1973.23 
10.1317  -1166.01 
9.68968  -1323.18 
10.327  -2322.79 
10.7334  -1337.12 
9.91081  -1141.05 
10.5821  -2275.91 
10.1221  -1135.96 
9.93251  -1146.76 
9.66975  -1934.44 
10.1348  -1153.14 
9.9123  -1110.49 
9.69823  -2029.54 
10.1161  -1124.51 
8.85751  -593.494 
9.68775  -2027 
10.1468  -1157.87 
9.90705  -1096.04 
9.68545  -1968.69 
10.17  -1247.59 
9.90252  -1061.28 
9.71542  -1991.42 
10.149  -1164.32 
9.92508  -1139.53 
9.68695  -1954.5 
10.1318  -1165.13 
9.93175  -1155.2 
9.56279  -2353.57 
10.1573  -1213.16 
9.87633  -1044.49 
9.70119  -2042.06 
10.152  -1202.33 
9.91085  -1120.17 
10.6661  -2420.85 
10.1708  -1235.52 
9.90708  -1078.78 
9.69745  -1999.79 
10.1857  -1290.96 
9.9258  -1177.42 
9.69295  -2014.15 
10.789  -1551.67 
9.946  -1167.31 
9.70272  -2016.99 
11.2462  -1346.46 
9.92731  -1157.79 
9.71095  -2088.53 
10.1281  -1193.8 
9.93031  -1169.43 
9.22587  -1679.16 
10.1461  -1252.73 
9.90183  -1094.33 
9.69823  -1989.54 
9.91364  -1707.09 
9.00293  -623.397 
9.47919  -1303.46 
-2.56464  12420.1 
8.42047  1762.34 
8.59119  -390.875 
10.2963  -2116.73 
9.95568  -1190.98 
9.77665  -1091.62 
10.3083  -2156.95 
8.84552  -498.762 
9.76993  -1094.09 
10.3285  -2202.28 
8.81781  -433.407 
9.77516  -1033.99 
11.018  -3088.94 
8.80957  -457.314 
9.74595  -1006.44 
11.0189  -3575.16 
9.93544  -1140.16 
9.76392  -1026.26 
10.3383  -2254.19 
9.87629  -1027.18 
9.74072  -1024.73 
10.3435  -2312.28 
9.88603  -1030.9 
9.76992  -1057.72 
11.1382  -2377.4 
9.87555  -1058.36 
9.74824  -1024.76 
10.3615  -2319.35 
9.86954  -1010.53 
9.76917  -1060.72 
10.0752  -1828.86 
9.84709  -1037.82 
9.76919  -1055.28 
9.46323  -2050.81 
9.85232  -1015.9 
9.73697  -976.094 
10.4004  -2360.62 
9.83435  -982.458 
9.73621  -1064.53 
10.241  -957.935 
9.85159  -981.647 
9.7085  -969.176 
10.2553  -979.166 
9.86505  -1013.08 
9.76241  -1084.07 
10.2929  -262.03 
9.87103  -1028.16 
9.73246  -974.079 
10.3032  -1124.41 
9.83138  -915.382 
9.71524  -959.451 
10.3024  -1082.85 
9.87181  -966.098 
9.7392  -1037.98 
10.3257  -1148.94 
9.8666  -978.948 
9.74968  -1058.71 
10.3549  -1215.55 
9.90321  -1096.41 
9.71224  -939.628 
8.85299  716.707 
9.8636  -1020.94 
9.74968  -1078.71 
10.3579  -1225.38 
8.65526  -731.673 
9.72349  -1015.54 
10.3579  -1215.38 
8.68597  -776.852 
9.73025  -988.565 
9.09524  372.724 
9.47456  -109.525 
10.4491  -1657.43 
10.0468  175.256 
10.3581  -1285.59 
9.10259  -521.702 
9.88904  -1057.1 
9.13864  -1582.32 
9.14762  -1409.04 
9.8905  -1057.43 
9.11615  -1518.68 
7.76154  -756.962 
11.1122  -756.255 
9.12287  -1528.02 
9.12212  -1329.2 
9.89051  -1013.8 
9.12364  -1529.58 
9.15061  -1390.68 
9.93693  -1109.6 
9.13262  -1536.3 
9.14985  -1379.12 
9.93693  -1129.6 
9.15661  -1602.14 
9.13491  -1366.43 
9.80477  -1164.6 
9.11691  -1545.68 
9.13188  -1375.67 
9.91072  -1101.88 
9.15286  -1605.31 
9.13711  -1375.57 
9.9047  -1087.67 
9.92265  -2004.74 
9.1326  -1381.74 
9.93019  -1089.33 
9.16557  -1616.12 
9.1214  -1341.32 
10.3572  -1202.1 
9.1566  -1587.58 
9.10565  -1323.39 
9.90022  -1062.96 
9.15437  -1567.51 
9.1064  -1322.21 
9.90316  -1074.55 
9.15879  -1576.72 
9.09814  -1299.74 
9.87323  -977.304 
9.05057  -1285.69 
9.10416  -1303.95 
9.88147  -993.397 
9.17305  -1630.65 
9.12066  -1342.51 
9.91969  -1080.41 
9.14309  -1572.47 
9.08767  -1355.39 
9.92119  -1088.04 
9.14164  -1540.33 
9.09892  -1329.49 
9.71685  -740.814 
9.1349  -1580.06 
9.08768  -1291.76 
9.90697  -1013.24 
9.09666  -1470.3 
9.11694  -1324.8 
9.86501  -953.957 
9.10042  -1535.31 
9.10266  -1269.94 
9.90321  -1048.23 
9.0892  -1520.32 
9.11091  -1354.22 
9.88224  -956.773 
9.09291  -1489.84 
9.09973  -1348.36 
10.3908  -1164.31 
9.15968  -1060.2 
9.62587  -1675.34 
9.49688  -1275.76 
10.8926  -1757.89 
9.58665  68.8851 
10.1828  -1041.18 
9.78041  -1076.63 
9.48348  -1136.19 
10.1566  -979.834 
9.77518  -1036.74 
9.88681  -867.026 
10.1603  -1005.73 
9.77443  -1069.73 
9.89282  -884.858 
10.1962  -1067.17 
9.758  -1029.41 
9.91453  -948.755 
10.7955  -1388.99 
9.76843  -1078.27 
9.90403  -901.654 
10.1865  -1083.45 
9.758  -1009.41 
9.93851  -968.218 
10.1932  -1060.98 
9.78042  -1114.82 
10.5069  -719.305 
10.1693  -1027.01 
9.734  -967.204 
9.87334  -832.849 
10.5947  -2302.93 
9.76544  -1006.64 
9.90256  -946.769 
10.1828  -1031.18 
9.77521  -1067.67 
9.98161  -1209.38 
9.4241  -1429.38 
9.76094  -1019.18 
9.44904  -1096.94 
10.5036  -1986.47 
9.76473  -1036.94 
9.91828  -1007.39 
9.43307  -1439.73 
9.76473  -1086.94 
10.3632  -1869.88 
10.992  -2530.49 
9.71976  -961.465 
9.91293  -1737.39 
10.2105  -1100.17 
9.75573  -1045.66 
9.88608  -964.583 
10.2187  -1058.07 
9.74072  -1004.73 
9.87412  -918.971 
10.2202  -1048.45 
9.74824  -1014.76 
8.63207  -588.332 
10.2756  -1168.23 
9.78418  -1089.83 
9.86661  -897.134 
9.43112  -1110.8 
9.77219  -1063.29 
9.84343  -840.166 
10.2704  -1188.33 
9.734  -977.204 
9.85987  -896.859 
10.2599  -1123.98 
9.77521  -1079.48 
9.88683  -973.399 
10.2869  -1141.45 
9.76326  -1032.06 
9.87861  -980.052 
8.2309  -2267.52 
7.9258  1764.4 
8.66917  443.783 
8.7208  490.83 
9.27407  -108.292 
11.0363  -668.136 
9.85614  -1100.97 
10.1078  -1265.67 
9.90632  -1093.59 
9.87405  -1112.55 
10.113  -1300.12 
9.87861  -1018.24 
9.8609  -1171.38 
10.1115  -1245.19 
9.89283  -1003.04 
9.84862  -1020.94 
10.0988  -1245.32 
9.92567  -1639.13 
9.83066  -987.499 
10.0703  -1197.47 
9.91006  -1074.05 
8.99067  -943.896 
10.0906  -1227.41 
9.92351  -1055.48 
9.86954  -1158.72 
10.0906  -1192.85 
9.8936  -1034.61 
9.82691  -1047.05 
10.0486  -1153.57 
9.89883  -1044.5 
9.82614  -1027.3 
10.0846  -1235.95 
9.90784  -1062.16 
9.83737  -1058.65 
10.0381  -1160.1 
9.89956  -1076.95 
9.83961  -1043.29 
10.0591  -1213.36 
9.63186  -958.615 
9.84785  -1061.19 
10.0329  -1152.01 
8.86207  -501.001 
10.0058  -1305.37 
10.0486  -1143.57 
9.92502  -1117.67 
9.83964  -1064.22 
10.0224  -1104.97 
9.93478  -1085.95 
9.82015  -962.212 
10.0142  -1091.57 
9.9505  -1132.95 
9.82543  -1047.6 
9.99844  -1089.13 
9.96471  -1149.57 
9.82988  -999.564 
10.0798  -898.288 
9.12303  252.756 
9.82688  -1017.93 
10.0224  -1121.34 
9.97297  -1172.03 
9.8396  -1056.92 
9.98947  -1028.78 
9.94227  -1093.23 
9.8396  -1046.92 
9.99469  -1010.49 
9.9827  -1165.76 
10.1557  -1219.1 
9.94902  -961.691 
9.98494  -1144.02 
9.81791  -1017.58 
9.98422  -996.137 
9.97973  -1146.87 
10.7024  -1891.73 
9.42736  374.213 
9.46518  248.445 
10.2241  320.992 
9.05482  448.88 
10.2846  -1147.7 
10.0216  -1116.98 
9.94144  -1073.43 
9.80588  -1105.54 
9.99837  -1050.89 
9.9519  -1119.6 
9.84109  -1136.36 
9.99837  -1020.89 
9.95945  -1122.37 
9.84707  -1121.45 
9.97668  -993.367 
9.94968  -1067.71 
9.84482  -1118.63 
10.0029  -1011.09 
9.96318  -1076.44 
9.85984  -1155.93 
9.99837  -1030.89 
9.93544  -1010.16 
9.82461  -1090.55 
9.97664  -966.061 
9.95041  -1041.96 
9.81487  -1040.45 
9.9654  -968.332 
9.92123  -955.35 
9.82533  -1070.24 
9.98638  -1017.97 
9.97215  -1046.79 
8.58141  -429.845 
9.96167  -964.253 
9.95941  -1063.25 
9.8029  -1020.28 
9.97217  -991.353 
9.96841  -1074.53 
9.83137  -1107.2 
9.98565  -1011.9 
9.97512  -1117.5 
8.74818  -489.703 
9.95422  -932.468 
9.97889  -1107.07 
9.79612  -960.883 
9.9789  -1015.25 
9.94816  -1029.14 
9.77371  -993.664 
9.9789  -1003.44 
9.95271  -1038.46 
9.34468  -688.274 
9.98114  -1019.89 
9.96839  -1091.78 
9.37013  -732.623 
9.96843  -947.274 
10.5061  -1076.81 
9.77519  -964.922 
9.9789  -1055.25 
9.94443  -1035.06 
9.80213  -1028.72 
9.9789  -1063.44 
9.92642  -966.128 
9.8126  -1033.07 
9.96691  -1028.71 
9.94518  -1033.88 
9.80215  -1011.46 
10.5339  -1901.29 
9.92345  -1007.24 
9.82682  -1067.88 
9.93471  -915.9 
9.92417  -995.121 
9.81783  -1064.78 
10.9161  -525.998 
11.3698  -2792.31 
10.3666  -1369.14 
11.3801  -2474.69 
10.3648  -1383.99 
9.29207  1077.33 
9.8403  -1232.05 
9.84632  -1194.44 
9.8336  -1117.27 
9.82759  -1197.62 
9.86806  -1217.46 
9.82688  -1069.74 
9.79384  -1167.13 
9.86133  -1245.37 
9.81037  -1074.81 
9.78936  -1144.24 
9.82388  -1138.1 
9.8471  -1124.19 
9.82155  -1232.49 
9.82162  -1188.91 
9.82538  -1092.11 
9.79311  -1172.87 
9.85387  -1205.4 
9.81267  -1059.49 
9.80587  -1207.35 
9.82239  -1170.47 
9.8336  -1097.27 
9.80963  -1204.18 
9.83586  -1186.46 
9.83962  -1119.66 
9.81032  -1151.13 
9.86055  -1245.62 
9.82986  -1085 
9.80507  -1178.49 
9.83361  -1173.64 
9.85606  -1166.35 
9.84179  -1229.68 
9.82912  -1154.37 
9.8321  -1089.64 
9.83053  -1207.39 
9.85681  -1233.36 
9.85083  -1146.46 
9.83952  -1272.3 
9.83062  -1188.38 
9.87183  -1188.84 
9.82456  -1188.68 
9.85007  -1233.08 
9.86283  -1149.38 
9.82157  -1253.42 
9.8681  -1284.77 
9.87933  -1166.12 
8.52678  -657.069 
9.84784  -1254.82 
9.86133  -1173.56 
8.52601  -645.507 
9.86135  -1238.12 
9.85386  -1117.21 
8.53129  -630.897 
9.84714  -1211.5 
9.89879  -1267.2 
8.51853  -652.789 
9.84415  -1248.05 
9.87185  -1135.22 
8.52604  -696.44 
9.88156  -1284.38 
9.88234  -1202.32 
9.80584  -1198.23 
9.84636  -1251.75 
9.86283  -1187.56 
9.83805  -1307.42 
9.85238  -1245.96 
9.88605  -1243.65 
10.2831  -1353.69 
10.3154  -1311.12 
8.00529  735.051 
8.17893  894.812 
10.2191  325.186 
9.47601  278.336 
9.82537  -1037.55 
9.95198  -1206.02 
9.93021  -930.259 
9.8014  -944.46 
9.94448  -1198.74 
9.89955  -810.573 
9.80593  -949.22 
9.94449  -1205.12 
10.1927  -1736.88 
9.81268  -987.682 
9.94448  -1188.74 
9.89281  -830.298 
9.81414  -1004.38 
9.97669  -1259.74 
9.90775  -861.174 
9.8134  -955.564 
9.9767  -1274.3 
9.92423  -893.36 
9.79246  -943.23 
9.95274  -1221.21 
9.89051  -871.985 
9.80516  -987.658 
9.9857  -1297.4 
9.916  -863.64 
9.78421  -970.764 
10.0037  -1317.21 
10.3367  -666.511 
9.78798  -932.149 
9.95576  -1243.78 
9.91751  -847.644 
9.78943  -970.661 
9.95493  -1200.35 
9.92124  -889.91 
9.77444  -917.92 
9.94747  -1224.01 
9.916  -893.64 
9.7707  -927.468 
9.94002  -1190.41 
9.94824  -955.569 
9.78644  -939.025 
9.96245  -1250.37 
9.46725  -752.405 
9.77817  -960.185 
9.94678  -1217.06 
9.95119  -939.899 
9.8089  -979.923 
9.97295  -1259.29 
9.94149  -887.108 
9.78871  -926.405 
9.96621  -1185.39 
9.94072  -953.732 
9.79767  -970.381 
9.96997  -1242.21 
10.5287  -1886.88 
9.83586  -1054.65 
9.95348  -1210.03 
9.96169  -926.999 
9.79767  -940.381 
9.96996  -1274.03 
9.96768  -990.272 
9.78945  -915.221 
9.92727  -1202.3 
9.96847  -996.394 
9.81717  -1036.95 
9.95722  -1242.29 
9.95648  -971.662 
10.2753  -251.647 
9.77434  531.252 
9.41404  -479.022 
10.2837  259.409 
10.2936  -1116.23 
10.2696  -1034.02 
9.8845  -965.966 
9.85677  -1107.86 
9.84252  -1063.94 
9.90321  -1026.41 
9.87628  -1132.62 
9.84177  -1066.94 
9.9032  -1030.04 
9.88825  -1094.6 
9.80953  -1035.01 
9.89796  -1013.77 
9.86349  -1105.39 
9.83351  -1034.47 
9.8815  -974.33 
9.86799  -1141.03 
9.82077  -1002.74 
9.86423  -946.022 
9.86728  -1081.34 
9.81028  -1002.01 
9.86054  -939.249 
9.89349  -1090.88 
9.83575  -980.918 
9.86726  -946.778 
9.86723  -1025.85 
9.78855  -955.367 
9.84328  -927.315 
9.87397  -1119.75 
9.79605  -962.644 
9.06296  -481.667 
10.2201  -1492.85 
9.77959  -941.391 
9.86428  -961.515 
9.87022  -1099.29 
9.78784  -907.484 
9.87025  -970.228 
9.83951  -1065.93 
9.78706  -947.736 
9.84406  -935.25 
9.84175  -1062.38 
9.77431  -919.628 
9.87998  -985.766 
9.86053  -1062.88 
9.77432  -936.002 
9.88001  -944.885 
9.90096  -1115.41 
10.5938  -2241.26 
9.88826  -1009.16 
9.87475  -1107.68 
9.78554  -920.985 
9.9047  -1017.67 
9.84031  -1028.42 
9.78033  -913.834 
9.89197  -960.497 
9.86204  -1093.25 
9.78183  -869.652 
8.55746  -401.314 
9.86126  -1095.32 
9.81177  -923.268 
9.88074  -969.141 
9.88967  -1124 
9.7968  -921.46 
9.89653  -938.004 
9.86053  -1052.88 
9.82675  -959.636 
9.871  -939.043 
9.8358  -1106.41 
9.80355  -899.922 
8.42391  1335.78 
9.35504  -838.896 
10.1385  -596.285 
8.35178  690.696 
10.4362  -982.845 
10.5705  -2598.75 
9.90248  -1103.97 
9.64953  -889.984 
10.0358  -1215.41 
9.91218  -1168.58 
9.63979  -906.259 
10.0118  -1162.32 
9.89497  -1140.32 
9.63076  -854.044 
10.0201  -1188.41 
9.90319  -1155.48 
9.61207  -846.344 
10.0088  -1137.06 
9.91519  -1156.58 
9.61728  -863.494 
10.0306  -1180.95 
9.89942  -1084.1 
9.64953  -879.984 
10.0208  -1174.48 
9.9324  -1174.84 
9.61726  -828.935 
10.0021  -1138.6 
9.8987  -1116.21 
9.64577  -853.158 
10.0028  -1117.41 
9.91891  -1102.48 
9.61502  -802.487 
10.0193  -1148.66 
9.87321  -1082.74 
9.58433  -740.055 
10.0253  -1160.12 
9.92265  -1124.74 
9.60229  -767.127 
10.0253  -1161.06 
9.90095  -1119.03 
9.62776  -894.221 
10.0477  -1206.46 
9.88897  -1068.86 
9.60902  -851.028 
10.056  -1167.12 
9.90769  -1099.31 
10.0305  -1072.77 
10.0395  -1195.86 
9.89122  -1071.68 
10.0485  -1075.33 
10.0036  -1099.85 
9.88223  -1070.4 
10.0305  -1092.77 
10.041  -1124.37 
9.88899  -1075.23 
10.0687  -1138.85 
10.0215  -1085.11 
9.85525  -1067.49 
10.0657  -1190.84 
10.0523  -1236.66 
9.90393  -1104.3 
10.0306  -1060.95 
10.0275  -1136.57 
9.88446  -1116.85 
10.0433  -1085.38 
10.029  -1134.2 
9.89273  -1133.87 
10.0553  -1119.23 
10.0343  -1155.03 
9.8755  -1084.68 
10.0462  -1070.64 
10.0111  -1122.57 
8.79831  933.162 
10.6011  -1389.26 
9.12221  367.998 
10.3239  -1265.6 
9.99823  -1008.04 
9.6579  415.632 
9.76241  -984.069 
9.8485  -910.839 
9.8328  -954.774 
9.76613  -983.588 
9.83875  -872.554 
9.84106  -925.427 
9.74147  -923.548 
9.83201  -868.653 
9.83579  -968.224 
9.77138  -986.231 
9.83053  -879.208 
9.81783  -902.966 
9.77815  -1029.25 
9.83875  -882.554 
9.82608  -955.433 
9.7564  -958.05 
9.80657  -792.491 
9.82157  -883.418 
10.1174  -1161.1 
9.79682  -832.393 
9.82608  -897.246 
9.78414  -1012.52 
9.81183  -833.321 
9.83356  -939.963 
9.74669  -935.258 
9.82827  -890.014 
9.78487  -796.781 
9.76092  -946.437 
9.81256  -887.577 
9.80284  -926.598 
9.73692  -902.414 
9.79381  -818.01 
9.81633  -918.962 
9.71596  -909.147 
9.78483  -769.475 
9.78711  -871.415 
9.74069  -935.613 
9.80658  -890.677 
9.80884  -918.058 
9.71971  -905.972 
9.80508  -814.859 
9.8328  -924.774 
9.73017  -913.953 
9.83203  -945.026 
9.81258  -900.323 
9.7317  -932.517 
9.81103  -840.826 
9.81558  -921.959 
9.73695  -933.347 
8.57882  -557.643 
9.83654  -995.226 
9.73616  -949.039 
8.63948  -620.997 
9.82308  -925.61 
9.76387  -974.394 
8.5968  -577.46 
9.83131  -947.143 
9.76163  -957.947 
8.60729  -616.374 
9.81935  -921.531 
9.73392  -922.591 
9.86722  -1001.29 
9.82158  -979.792 
9.74217  -926.871 
9.84253  -948.499 
9.80212  -930.529 
10.1977  -1012.06 
9.57201  1197.68 
9.03326  829.926 
8.37647  1923.35 
10.0484  -782.48 
10.4871  -402.475 
9.99829  -938.092 
9.88226  -777.706 
9.72942  -948.764 
10.0065  -952.371 
9.86648  -720.656 
9.76011  -979.382 
10.0178  -917.354 
9.51544  -1556.98 
9.74211  -976.819 
10.0193  -1029.55 
9.85528  -740.233 
9.73163  -912.465 
10.0477  -1026.46 
9.93017  -872.953 
9.73541  -950.223 
10.0088  -974.259 
9.91668  -856.03 
9.70693  -895.119 
10.0253  -960.124 
9.88223  -830.4 
9.6852  -918.476 
10.0013  -957.914 
9.88147  -763.397 
9.65298  -834.733 
10.0118  -936.828 
9.90168  -873.289 
9.65304  -844.786 
9.98933  -912.302 
9.91367  -876.207 
9.6163  -799.029 
10.005  -986.553 
9.91294  -863.764 
9.62529  -812.124 
9.98933  -932.302 
9.93387  -957.912 
9.62529  -793.937 
9.97808  -908.2 
9.93089  -952.649 
9.62155  -803.485 
9.98933  -992.302 
9.94887  -1000.65 
9.65078  -853.779 
9.9908  -927.188 
9.95936  -979.567 
9.65826  -836.496 
10.0073  -959.374 
9.95786  -1003.75 
9.6358  -767.411 
9.96387  -871.581 
9.93766  -983.857 
9.66349  -848.206 
9.98482  -952.102 
9.95038  -981.031 
9.69723  -842.327 
9.98187  -915.958 
9.9676  -1047.47 
9.66425  -789.769 
9.98334  -949.03 
9.95638  -1014.3 
9.62982  -808.698 
9.98708  -941.295 
9.98632  -1087.92 
9.64479  -830.506 
9.99837  -980.89 
9.97208  -1088.55 
9.66126  -818.132 
11.0935  -826.741 
10.4651  -1153.76 
9.73049  -682.402 
8.174  1432.63 
10.7069  -949.186 
9.20756  243.67 
8.62486  -438.57 
9.75718  -1065.99 
9.89654  -1024.38 
9.55818  -784.197 
9.75717  -1047.8 
9.90029  -1023.02 
9.97971  -1112.31 
9.7467  -1011.63 
9.90999  -1015.81 
9.43495  -842.236 
9.7467  -1003.44 
9.92501  -1021.29 
9.54095  -781.382 
9.76614  -1068.15 
9.90176  -1016.09 
9.53119  -716.725 
9.7392  -986.168 
9.90326  -1021.91 
9.51697  -751.919 
9.71073  -929.25 
9.90175  -1049.71 
9.4975  -714.47 
9.71225  -937.815 
9.88233  -987.758 
9.49749  -648.097 
9.71972  -934.159 
9.88979  -995.916 
9.48926  -650.19 
9.72423  -946.173 
9.83882  -888.98 
9.49078  -696.941 
9.71895  -952.597 
9.88524  -974.782 
9.48929  -719.31 
9.72723  -955.996 
9.89278  -999.365 
9.48625  -700.367 
9.71749  -902.271 
9.89276  -1026.62 
9.90781  -991.226 
9.73545  -957.529 
9.86205  -929.627 
9.50276  -735.3 
9.73545  -927.529 
9.86205  -969.627 
9.48475  -676.363 
9.70628  -907.288 
9.87479  -1034.99 
9.48407  -687.599 
9.72649  -975.367 
9.84408  -907.996 
9.49377  -720.391 
9.74671  -958.005 
9.85007  -873.082 
9.88008  -954.938 
9.75722  -971.478 
9.86882  -964.462 
9.4975  -724.47 
9.72873  -890.001 
9.898  -991.076 
9.89434  -963.423 
9.72948  -937.003 
9.8823  -965.012 
9.94077  -1037.41 
9.73547  -903.902 
9.88603  -989.091 
8.60717  785.545 
9.0635  1202.42 
9.94751  -1429.5 
9.49029  -1596.52 
9.48034  718.293 
10.0692  -952.844 
9.87853  -963.627 
9.85012  -928.575 
9.98571  -1133.77 
9.8935  -1037.25 
9.83588  -879.209 
9.95949  -1067.86 
9.90097  -1031.78 
9.85162  -950.766 
9.94676  -1022.5 
9.87026  -908.414 
9.83887  -924.473 
8.8965  -460.258 
9.89051  -963.799 
9.85388  -941.773 
9.96851  -1071.89 
9.89724  -987.7 
9.59459  -386.946 
9.96101  -1066.42 
9.87326  -916.424 
9.8561  -933.661 
9.92281  -1002.15 
9.87028  -951.161 
9.83887  -924.473 
9.92878  -1024.49 
9.87472  -1014.94 
9.85313  -904.771 
9.91827  -959.207 
9.91296  -1038.32 
9.86436  -916.127 
9.91831  -978.326 
9.90471  -994.045 
9.87332  -960.103 
9.92501  -993.108 
9.87027  -952.974 
9.91901  -1031.65 
9.93178  -974.316 
9.87777  -950.251 
9.90177  -1034.27 
9.93926  -1065.22 
9.83659  -870.719 
9.91751  -1025.83 
9.90479  -996.843 
9.87702  -923.249 
9.92651  -988.926 
9.92281  -993.967 
9.85679  -920.611 
9.94299  -1061.11 
9.95428  -1012.52 
9.877  -900.503 
9.94448  -1100.56 
9.94225  -960.483 
9.86657  -901.641 
9.96993  -1133.09 
9.95574  -991.033 
9.86655  -957.082 
9.96023  -1100.3 
9.94527  -1004.87 
9.86351  -969.953 
9.96391  -1090.7 
9.9812  -1039.94 
9.8291  -851.629 
9.98866  -1171.73 
9.98046  -1049.31 
9.82684  -820.621 
9.97517  -1129.36 
9.97298  -1066.59 
10.3576  -1127.91 
9.76045  581.236 
9.21027  199.55 
10.4214  -1396.63 
9.28197  -1845 
10.2972  -1215.7 
9.97356  -2369.81 
9.95332  -2232.61 
9.72729  -1016.05 
9.95484  -2329.37 
9.92263  -2220.18 
9.73625  -1030.02 
9.98552  -2385.42 
9.89871  -2222.59 
9.73254  -1010.5 
9.98706  -2448.55 
9.9144  -2200.46 
9.77222  -1084.22 
9.97209  -2346.74 
9.90617  -2202.56 
9.78943  -1120.66 
10.0102  -2420.96 
9.88445  -2152.29 
9.78117  -1081.82 
9.99674  -2408.59 
9.90617  -2232.56 
9.76847  -1037.39 
10.0125  -2438.34 
9.93459  -2245.79 
9.81715  -1184.2 
9.99451  -2408.52 
9.95632  -2322.44 
8.5567  -516.125 
9.99074  -2408.95 
9.94659  -2278.71 
8.52304  -386.617 
9.97651  -2367.77 
9.93233  -2264.79 
9.75193  -1051.53 
10.2923  -3025.13 
9.96008  -2347.45 
9.78643  -1090.84 
10.0117  -2495.84 
9.93984  -2298.44 
9.78345  -1075.57 
10.0162  -2527.86 
9.97802  -2328.15 
9.78943  -1110.66 
10.0005  -2445.42 
9.9773  -2342.08 
9.77969  -1110.56 
10.0035  -2440.68 
10.0013  -2413.35 
9.79617  -1162.75 
10.0027  -2393.68 
9.99152  -2345.07 
9.77597  -1102.86 
9.99374  -2396.96 
9.99004  -2335.63 
9.76848  -1073.77 
10.0192  -2471.31 
9.99155  -2326 
9.77893  -1127.19 
10.0207  -2494.43 
10.0185  -2446.17 
9.75276  -1034.96 
10.0484  -2526.16 
10.0185  -2419.85 
9.79019  -1177.66 
10.041  -2541.63 
10.0155  -2412.72 
9.78119  -1124.57 
10.0766  -408.255 
9.80784  -1900.85 
10.5311  -1539.86 
10.1114  275.8 
9.22109  95.8145 
8.60139  1057.73 
-5.39124e-12  15125 
9.90701  -780.544 
9.75635  -822.557 
10.0908  -1388.5 
9.91148  -765.252 
9.77811  -850.133 
9.97658  -1046.01 
9.93991  -826.677 
9.78105  -869.903 
10.0013  -1082.47 
9.89428  -743.37 
9.77582  -840.006 
9.98482  -1060.29 
9.96092  -905.437 
9.75484  -832.179 
9.99755  -1117.46 
9.94445  -809.624 
9.77656  -850.635 
10.0118  -1154.08 
9.94818  -841.89 
9.77577  -836.327 
10.0155  -1169.09 
9.34031  -1120.92 
9.74734  -796.716 
9.97508  -1050.19 
9.98713  -934.975 
9.75405  -796.057 
9.97135  -1064.3 
8.95461  -670.529 
9.75406  -834.244 
10.017  -1143.98 
10.0208  -999.923 
9.76232  -804.897 
10.0021  -1081.29 
9.9856  -910.037 
9.77952  -854.966 
9.97954  -1058.53 
9.98708  -929.482 
9.75862  -791.751 
9.97806  -1085.45 
9.99084  -966.307 
9.75634  -786.184 
9.96309  -1055.46 
10.0283  -1047.2 
9.79377  -848.891 
9.94813  -998.211 
10.0253  -1038.31 
9.79457  -861.386 
9.9781  -1074.57 
10.0365  -1052.41 
9.77435  -836.935 
9.97433  -1083.19 
10.005  -1022.93 
9.78784  -877.484 
9.98857  -1110.74 
10.0492  -1132.28 
9.79459  -895.946 
9.96759  -1059.29 
10.0298  -1068.51 
9.7744  -850.614 
9.98032  -1074.65 
10.0163  -1043.4 
9.78557  -818.291 
9.99834  -1119.96 
10.0395  -1109.49 
9.79756  -924.836 
10.2861  3.7375 
9.57824  670.576 
9.09583  391.319 
8.1974  2806.39 
9.06937  149.253 
8.36122  1062.67 
9.78716  -1056.91 
9.78188  -1051.52 
9.71974  -915.092 
9.77447  -997.039 
9.78791  -1092.1 
9.73025  -880.378 
9.76543  -998.451 
9.78793  -1018.47 
9.73847  -893.725 
9.77673  -988.046 
9.75718  -1004.17 
9.73473  -891.46 
9.76767  -984.899 
9.7632  -1028.38 
9.75421  -955.282 
9.78565  -982.903 
9.76469  -1039.64 
9.73323  -887.455 
9.79089  -989.173 
9.76093  -984.624 
9.72949  -865.189 
9.75943  -986.992 
9.73772  -956.723 
9.70029  -822.202 
9.76994  -1012.28 
9.73922  -958.914 
9.35959  -1690.03 
9.75049  -979.39 
9.72648  -938.993 
9.7347  -900.527 
9.74598  -965.562 
10.5153  -1298.2 
9.72646  -864.434 
9.74596  -892.816 
9.71525  -927.637 
9.75117  -938.153 
9.76469  -969.636 
9.69204  -909.736 
9.7437  -881.809 
9.77592  -1029.18 
9.72874  -946.374 
9.74071  -900.172 
9.76319  -1002 
9.71826  -913.833 
9.74744  -902.261 
9.74447  -925.184 
8.66278  -309.883 
9.76842  -951.901 
9.74976  -965.134 
9.72501  -932.295 
10.0166  -1716.36 
9.76097  -981.93 
9.69878  -901.825 
9.72056  -812.147 
9.78044  -1049.38 
9.71375  -953.633 
9.75122  -891.832 
9.76996  -1015.03 
9.70475  -922.351 
9.46921  -527.709 
9.76994  -1032.28 
9.71451  -935.195 
9.73324  -873.828 
9.77521  -999.482 
9.72498  -931.362 
9.75421  -915.282 
9.48269  -161.886 
9.81365  274.226 
8.8037  -255.959 
10.0588  -186.781 
10.451  -1135.38 
10.7056  -1326.27 
9.94822  -1109.2 
9.95571  -1108.29 
9.92051  -1087.47 
9.94524  -1093.93 
9.95196  -1061.46 
9.9145  -1087.82 
9.93777  -1079.4 
9.9864  -1140.72 
9.89054  -1032.92 
9.9415  -1123.48 
10.0111  -1190.81 
9.90402  -1027.09 
9.9482  -1108.26 
9.96019  -1061.18 
9.9235  -1060.92 
9.95196  -1123.27 
9.97216  -1083.17 
9.89428  -995.184 
9.93325  -1097.39 
9.98414  -1101.52 
9.91373  -988.073 
9.93021  -1072.07 
9.93697  -1035.09 
9.88298  -997.402 
9.9392  -1095.17 
9.97967  -1096.82 
9.89726  -970.447 
9.95047  -1113.83 
9.93621  -1041.72 
9.88828  -993.724 
9.95122  -1090.83 
9.93697  -1005.09 
9.91448  -1015.08 
9.91752  -1064.02 
9.95047  -1003.83 
9.91221  -1017.7 
9.94149  -1095.29 
9.96468  -1020.45 
9.90998  -979.434 
9.92725  -1059.56 
9.9864  -1090.72 
9.89651  -963.444 
9.9744  -1119.61 
9.97515  -1076.62 
9.89726  -950.447 
9.9587  -1153.55 
9.92872  -982.627 
9.88304  -985.641 
9.94223  -1095.92 
9.94521  -984.813 
9.89275  -940.246 
9.96767  -1133.9 
9.95571  -1010.1 
9.92047  -1020.16 
9.91453  -1038.75 
9.94147  -1002.55 
9.90776  -997.547 
9.94896  -1119.83 
9.96095  -1016.37 
9.94669  -1116.07 
9.96841  -1124.53 
9.99539  -1133.81 
9.91676  -1008.83 
9.95044  -1102.9 
9.94296  -990.179 
9.89951  -1053.27 
10.6188  -1233.43 
11.4458  -1634.21 
9.96646  206.217 
10.0016  212.704 
9.41211  557.164 
8.95643  468.831 
9.94533  -1064.92 
9.68607  -887.397 
9.71156  -1140.86 
9.95277  -1100.33 
9.69732  -913.312 
9.69359  -1039.23 
9.9513  -1095.44 
9.69059  -879.411 
9.70105  -1115.58 
9.92586  -1047.47 
9.69361  -910.167 
9.68606  -1121.02 
9.92063  -1009.39 
9.70332  -932.958 
9.66663  -1052.69 
9.9483  -1105.62 
9.70782  -950.413 
8.94844  -685.286 
9.95502  -1093.15 
9.71156  -950.865 
8.92597  -658.014 
9.97229  -1101.46 
9.72499  -999.548 
9.68083  -1091.13 
9.95503  -1079.52 
9.69953  -917.013 
9.68981  -1131.48 
9.96852  -1110.07 
9.72502  -968.668 
9.69732  -1151.5 
9.94005  -1051.34 
9.72428  -968.039 
9.69507  -1138.68 
10.3044  -540.85 
9.72725  -1028.74 
9.68981  -1091.48 
9.95727  -1104.16 
9.71526  -965.824 
9.70779  -1149.48 
9.89493  -694.827 
9.71155  -974.491 
9.69732  -1151.5 
8.66336  -644.915 
9.74146  -1055.36 
9.67707  -1136.11 
9.98276  -1135.81 
9.73176  -982.57 
9.66583  -1022.01 
9.99547  -1118.43 
9.74227  -1076.04 
9.67337  -1102.97 
10.0307  -1219.25 
9.76171  -1072.56 
9.67785  -1104.05 
10.0105  -1135.73 
9.77521  -1127.67 
9.68311  -1146.69 
9.53552  -936.768 
9.76547  -1067.57 
9.70258  -1212.33 
10.0344  -1237.88 
10.9756  -1492.92 
9.65988  -1094.23 
10.003  -1153.89 
9.78046  -1102.13 
9.70105  -1125.58 
10.031  -900.44 
9.71303  396.064 
8.06253  843.7 
