10.4762  -1157.51 
10.4502  -1218.63 
10.567  -1381.63 
10.2153  -3.26552 
10.9627  -1427.24 
10.0412  -1197.52 
10.7847  -678.414 
11.0259  -1181.24 
10.053  -1224.32 
10.946  -1320.7 
10.5379  -1342.01 
10.7563  -1598.5 
10.232  -44.7861 
10.5083  -421.119 
11.2006  -1521.61 
10.5828  -419.115 
11.0403  -1355.94 
10.2624  -251.254 
11.0881  -1152.02 
10.2448  -183.19 
10.0397  -1182.19 
10.9925  -977.387 
10.5327  -479.572 
10.5427  -698.307 
10.5589  -434.396 
10.5541  -1308.09 
10.2785  -262.287 
10.5619  -1233.4 
11.1109  -1354.99 
10.0452  -1167.32 
10.8006  -723.466 
10.9645  -1032.8 
11.0567  -1210.59 
10.2415  -139.787 
11.0685  -1233.19 
11.0758  -1252.29 
10.5574  -422.42 
10.7683  -771.288 
11.2377  -1605.1 
10.2194  -71.4763 
10.5336  -489.437 
10.9129  -1637.07 
10.8383  -774.056 
10.2171  -166.353 
10.363  -444.81 
10.2848  -158.904 
10.7797  -1391.96 
10.0834  -398.32 
10.2883  -181.683 
11.0581  -1206.7 
10.7091  -800.44 
10.8671  -796.776 
10.952  -1426.32 
10.9825  -1572.05 
10.6053  -490.198 
11.0714  -1349.65 
11.1306  -1724.7 
10.3041  -174.999 
10.7603  -1365.87 
10.7158  -814.849 
10.852  -1388.23 
10.7438  -769.514 
11.4388  -1382.95 
10.8794  -1485.65 
10.5249  -532.602 
11.1083  -1312.15 
9.88785  251.002 
11.0351  -1201.85 
11.0907  -1289.1 
10.5399  -1173.58 
10.3883  -1032.28 
10.5907  -1340.33 
10.2329  -1172.14 
10.32  -1307.5 
10.2851  -1160.83 
10.3843  -654.917 
10.9531  -1450.5 
10.8223  -1166.46 
10.7944  -1529.4 
10.9546  -1499.19 
10.3883  -634.751 
10.8877  -1536.39 
10.8736  -1661.07 
10.638  -953.525 
10.0686  -1250.81 
10.0848  -316.051 
10.0531  -254.399 
10.3312  -523.046 
10.9338  -1579.39 
10.3733  -657.94 
9.77192  -1076.67 
10.1404  -1364.93 
10.8258  -1170.86 
9.75577  -1067.26 
10.873  -1296.45 
10.7986  -1541.93 
10.89  -1509.86 
10.9531  -1430.5 
10.3701  -606.273 
10.0283  -283.137 
10.9752  -1551.28 
10.6305  -935.894 
10.3465  -617.61 
10.0758  -319.803 
10.7291  -1130.42 
10.3739  -645.108 
10.6431  -960.864 
10.9125  -1537.58 
10.9702  -1510.62 
10.6086  -1471.13 
9.42509  147.863 
9.7944  -1159.41 
10.4052  -678.969 
10.6292  -1499.86 
10.8077  -1190.72 
10.9266  -1366.23 
10.7854  -1509.79 
10.8409  -1297.74 
10.1271  -1361.13 
9.82435  1266.12 
10.3794  -1450.24 
10.0839  -349.507 
9.68742  93.344 
10.3823  -637.51 
10.381  -651.515 
10.9033  -1357.01 
10.6476  -998.564 
10.4755  -1119.42 
9.94173  -189.847 
10.3964  -1454.49 
10.6408  -957.364 
10.1101  -1311.9 
10.5205  178.381 
10.064  -294.659 
10.6043  -887.712 
10.3969  -714.906 
10.0758  -316.519 
10.9554  -1501.49 
10.8699  -1289.84 
10.6606  -1563.8 
10.3861  -980.514 
10.2914  -1442.5 
10.3006  -1338.05 
10.3254  -1354.33 
11.272  -862.142 
10.6318  -1236.06 
10.3843  -1135.8 
10.2881  -217.363 
11.2038  -1317.52 
10.4639  -562.724 
10.2688  -149.607 
10.3702  -1250.52 
11.0509  -1412.69 
10.66  429.125 
10.9082  -887.561 
9.91958  -1061.54 
11.1617  -1274.28 
11.0926  -1519.76 
9.94294  -1095.8 
11.1352  -1401.67 
10.1151  -1092.48 
10.1886  -208.029 
10.8282  -733.623 
10.1165  -1077.78 
10.917  -1054.47 
10.851  -789.102 
10.9451  -921.683 
9.96166  -1131.41 
10.8519  -797.306 
10.677  -1395.09 
11.0861  -1422.14 
10.572  -465.534 
10.1243  -1116.41 
9.95906  -1120.2 
10.5988  -1297.53 
10.9477  -911.201 
10.4895  -1338.8 
10.5988  -1309.22 
10.7456  -1519.24 
10.7343  -792.815 
10.8505  -773.67 
10.3556  -245.594 
9.90424  -1018.6 
10.6369  -1359.27 
10.162  -1153.72 
10.9622  -1104.35 
10.2746  -79.1696 
11.3067  -1525.39 
9.93797  -1061.05 
10.8742  -814.032 
10.7409  -683.865 
9.93771  -1081.67 
10.2898  -123.733 
11.303  -1454.15 
9.91776  -1111.77 
10.6166  -483.306 
11.3169  -1554.23 
9.94026  -1101.19 
10.2887  -139.474 
10.7242  -655.703 
9.9302  -1094.08 
10.314  -199.489 
10.999  -976.74 
9.94719  -1081.66 
10.839  -764.582 
10.7303  -674.642 
9.95583  -1081.81 
11.125  -1146.18 
10.1687  -1164.8 
10.7674  -888.14 
11.1473  -1242.9 
10.1557  -1133.7 
10.9351  -1089.59 
11.4785  -1201.8 
10.6989  -1409.89 
10.4197  -1304.55 
10.6911  -1412.92 
10.4814  -1288.24 
10.6331  -1349.62 
12.2753  -1896.41 
10.7895  -1369.7 
10.6936  -566.5 
11.0809  -1048.01 
9.95615  -1021.23 
11.1147  -1123.86 
11.2615  -1243.88 
9.98699  -1059.73 
11.0992  -1494.09 
11.2435  -1250.46 
10.8732  -470.734 
11.2099  -1529.78 
11.7425  -965.972 
10.2469  -217.314 
11.1295  -1597.16 
11.0999  -1707.97 
11.0971  -1439.93 
11.1  -1174.77 
11.3737  -1444.05 
11.0867  -1306.72 
11.1087  -1173.26 
11.3915  -1491.49 
10.572  -1387.23 
10.8972  -870.509 
10.8205  -700.012 
10.5581  -546.267 
10.316  -201.878 
11.0917  -1636.57 
9.95613  -1004.55 
10.9067  -885.51 
11.2745  -1296.64 
10.9549  -1380.27 
10.3373  -273.72 
11.3837  -1459.5 
10.9581  -1471.93 
11.243  -1459.23 
11.0604  -992.673 
11.0255  -1336.81 
11.0989  -1554.68 
11.3868  -1651.91 
9.93363  -985.123 
11.0712  -1133.67 
11.3499  -1413.65 
10.4999  -520.302 
10.6593  -616.953 
10.8108  412.63 
10.5489  -587.321 
10.3207  -182.237 
11.3119  -1308.67 
9.9452  -1032.59 
10.3025  -198.741 
11.0293  -901.472 
11.0714  -1465.52 
11.0672  -1483.02 
10.4219  -171.301 
11.0596  -1448.68 
11.2312  -1427.45 
10.4571  -294.071 
10.9763  -1528.79 
10.6607  -595.608 
11.2056  -1126.43 
9.8014  250.896 
11.1099  -1598.37 
11.2239  -1567.5 
9.98641  -1060.94 
10.6611  -653.361 
11.1539  -513.955 
10.4567  -1108.71 
10.5622  -1160.35 
10.7561  -1373.34 
10.555  -1142.13 
11.3391  -1627.6 
11.2351  -1084.74 
10.6352  -1246.25 
11.0453  -1109.92 
11.0864  -1514.84 
11.0638  -997.811 
10.6051  -514.18 
10.2639  -1154.97 
10.2705  -4.31725 
10.5994  -546.353 
11.0911  -910.253 
10.2751  -24.639 
10.6144  -1374.86 
10.8429  -630.171 
10.8593  -1323.13 
10.6167  -1393.34 
10.2717  -1170.27 
10.8434  -1271.43 
11.124  -1430.33 
11.2608  -1135.79 
11.1716  -1365.42 
11.1741  -1410.69 
10.2928  -1194.4 
10.6161  -1207.87 
11.1628  -1356 
10.2697  -1122.83 
10.6077  -392.114 
11.0011  -1000.9 
11.3116  -1670.06 
10.8639  -1313.41 
11.1622  -1368.87 
10.0772  211.543 
10.6053  -365.217 
10.5965  -1294.06 
10.8495  -647.862 
10.872  -1343.12 
10.3261  -1214.82 
11.43  -1515.19 
10.8514  -673.534 
10.2771  -153.707 
11.3193  -1251.17 
10.6023  -406.946 
10.6014  -537.119 
11.2734  -1180.8 
10.6123  -390.737 
10.6141  -542.127 
10.2867  -1155.42 
11.1634  -1170.65 
10.8387  -830.225 
11.4082  -1612.16 
10.6129  -427.867 
10.8739  -852.995 
11.4132  -1394.45 
11.0594  -1367.68 
10.8312  -772.631 
10.5267  -249.784 
11.7997  -905.28 
11.0479  -1116.12 
11.129  -1616.82 
11.1365  -85.2293 
10.6785  366.253 
11.4684  -1546.31 
10.9011  -1383.63 
9.86892  197.609 
10.5696  -354.543 
10.6365  -474.833 
11.2444  -872.059 
10.7864  -1296.44 
10.5971  -1105.4 
11.3449  -1615.5 
10.2667  -1221.28 
10.3486  -1309.26 
10.2643  -1261.06 
10.0497  -321.696 
11.0126  -1747.44 
10.7721  -1617.65 
10.7812  -1153.16 
10.8723  -1318.36 
10.3242  -647.526 
10.3916  -679.851 
10.4727  -827.237 
10.3998  -1547.2 
10.6217  -1565.63 
10.1384  -406.75 
10.7533  -1563.67 
10.8279  -1246.68 
10.4517  -721.488 
10.3344  -1459.73 
10.9316  -1417.7 
10.1797  -460.12 
10.738  -1512.42 
10.0482  -304.739 
11.0394  -1544.45 
10.0049  -258.868 
10.7938  -1201.45 
10.1966  -1473.45 
10.004  -230.626 
10.0762  -327.631 
10.4479  -689.332 
10.0253  -272.469 
10.6404  -1000.35 
10.9964  -1651.35 
10.0282  -291.439 
9.8068  -1128.37 
10.1254  -357.31 
10.7785  -1160.17 
10.9509  -1600.4 
10.7225  -1055.97 
10.7686  -1498.23 
10.9587  -1489.88 
10.4483  -707.086 
10.628  -1553.9 
10.4088  -711.785 
10.448  -719.37 
10.0273  -304.895 
9.8371  -1169.78 
10.0932  -288.528 
10.0216  -272.049 
10.8547  -1255.31 
10.9687  -1612.82 
10.8853  -1413.63 
10.8201  -1209.71 
10.972  -1461.2 
10.3254  -1388.46 
10.991  -1587.03 
10.8852  -1665.25 
10.8775  -1453.34 
10.0811  -298.99 
10.8507  -1247.14 
10.3046  -598.733 
10.8278  -1609.12 
10.8506  -1200.42 
10.8472  -1487.72 
10.4319  -1535.02 
10.4001  -704.95 
10.3127  -608.438 
10.4353  -779.381 
10.6748  -1585.84 
10.7254  -1131.66 
10.3494  -1540.71 
10.3557  -1467.37 
10.2542  -1375.57 
10.6528  -1210.15 
10.495  -1288.17 
10.5657  -1159.8 
11.2321  -1279.01 
11.0922  -1368.57 
11.1814  -1338.13 
10.7753  -1473.53 
10.1886  -213.01 
11.0894  -1518.09 
10.2036  -1184.84 
11.1098  -1434.97 
11.1802  -1287.19 
10.1979  -1163.65 
11.1149  -1479.88 
11.1992  -1283.87 
11.3027  -1403.04 
10.2693  -1314.19 
10.8869  -880.737 
10.2246  -1142.25 
11.0939  -1378.26 
11.0828  -1147.81 
11.3379  -1506.66 
10.5428  -586.722 
11.1921  -1502.41 
10.203  -1166.05 
11.042  -1313.97 
10.278  -120.213 
10.7028  -545.483 
10.7605  -887.676 
10.2806  -163.127 
10.9695  -1496.74 
10.1678  -151.618 
11.1523  -1462.68 
10.7382  -1440.03 
10.5065  -1406.41 
10.6052  -1332.6 
11.0064  -955.919 
11.0581  -1417.51 
10.585  -489.994 
10.2128  -1175.45 
11.0446  -1501.87 
10.6043  -487.712 
10.1848  -1115.87 
10.7396  -1446.17 
10.3154  -1140.58 
11.3096  -1459.34 
10.5195  -600.793 
10.2697  -107.811 
10.1531  -1084.18 
10.1921  -240.732 
10.8886  -852.052 
10.1609  -1109.49 
11.0691  -1335.38 
11.0603  -1459.24 
10.1595  -1082.5 
10.5209  -599.448 
11.077  -1099.95 
10.1632  -1141.3 
10.7861  -1470.35 
10.0822  -1043.21 
10.1733  -1125.13 
10.1889  -239.065 
10.4522  -523.524 
10.1506  -1106.33 
10.1863  -197.849 
11.2047  -1403.21 
10.9283  -1440.05 
10.7415  -829.335 
11.0912  -1100.29 
10.6251  -1326.67 
10.4615  -1303.39 
10.6294  -1345.88 
10.6519  -1208.66 
10.4831  -1142.95 
10.4113  -1140.42 
10.1653  -985.458 
10.7794  -1335.91 
11.0567  -1280.56 
10.1385  -945.127 
10.9674  -1011.77 
9.89065  -898.704 
10.1835  -988.954 
10.2707  -1116.13 
10.7194  -1308.55 
10.1549  -955.574 
10.814  -1339.89 
10.1534  -53.5605 
10.1472  -980.301 
10.5918  -507.062 
9.86874  -844.75 
10.1691  -1027.58 
10.3064  -1154.33 
10.1834  -118.879 
10.4216  -503.547 
11.0276  -1033.44 
10.7123  -680.485 
10.1918  -1004.71 
10.582  -454.307 
11.0108  -1218.49 
10.1832  -1004.56 
10.5912  -498.234 
10.2245  -1159.66 
10.1898  -1083.95 
11.1242  -1391.33 
11.016  -1158.45 
10.1976  -1030.92 
10.8803  -1440.54 
10.7282  -683.801 
10.1898  -997.27 
11.1351  -1418.31 
10.5209  -499.373 
10.1979  -1045.31 
10.2961  -205.332 
10.7733  -1365.27 
9.76486  -504.433 
10.5918  -480.345 
10.9563  -1410.55 
10.2137  -1060.29 
10.233  -98.009 
10.2231  -195.217 
10.2169  -1075.32 
10.8415  -795.723 
11.0728  -1419.12 
10.2442  -1109.42 
10.8748  -1487.07 
10.9612  -1418.58 
10.2385  -1063.21 
10.5613  -469.594 
11.114  -1401.64 
10.2293  -1110.95 
11.0253  -1046.66 
11.0907  -1461.61 
10.2723  -1119.03 
10.2921  -212.178 
10.9786  -1482.25 
10.2714  -1162.48 
11.0357  -1066.5 
10.8091  -1433.51 
10.2945  -1180.73 
11.1723  -1384.32 
10.2044  -152.968 
10.7408  -1208.77 
11.0377  -1366.38 
10.4471  -1157 
10.4298  -1196.72 
10.347  -1232.19 
10.601  -1237.59 
10.5921  417.769 
10.1779  -383.712 
10.1278  -1139.19 
11.0686  -1342.45 
10.7372  -988.427 
10.1315  -1109.64 
10.1771  -182.299 
11.8703  -1782.67 
10.1428  -1172.68 
10.7505  -793.96 
11.1118  -669.098 
10.182  -1245.32 
11.8921  -1640.68 
10.9131  -1666.45 
10.1578  -1194.51 
10.9698  -1081.98 
10.946  -1685.72 
11.2904  -1523.35 
10.5576  -1364.23 
9.91  -1223.14 
11.2754  -1508.17 
11.0406  -1200.37 
10.1713  -344.322 
10.1509  -1182.38 
10.2457  -254.752 
10.7176  -924.615 
10.1442  -1191.33 
10.5544  -555.885 
10.7363  -960.223 
9.95924  150.503 
10.9975  -1118.82 
10.7201  -942.473 
10.1269  -1174.34 
10.7934  -826.984 
10.1476  -280.677 
10.1483  -1159.5 
11.0835  -1250.07 
10.1664  -331.303 
10.1537  -1212.97 
10.5152  -473.243 
10.7574  -984.349 
10.1356  -1171.18 
11.9306  -1738.59 
10.5074  -1499.59 
10.1304  -1198.74 
10.9977  -1071.56 
11.0535  -1530.55 
10.1465  -1161.47 
10.5564  -1328.27 
11.0255  -1596.81 
10.1307  -1104.8 
11.1184  -1365.94 
10.7455  -964.149 
10.9775  -1010.58 
9.83138  227.238 
10.1563  -285.851 
10.125  -1143.61 
9.81265  271.185 
11.6947  -1213.25 
10.9867  -1024.54 
10.5633  -1368.74 
10.4431  -1369.67 
10.9683  -978.311 
11.1066  -1263.31 
10.1419  -312.812 
10.6705  -1390.83 
11.4385  -1221.07 
10.4008  -1509.65 
10.6283  -1380 
10.6961  -1514.36 
10.5091  -1677.59 
10.5712  -1436.63 
10.2212  -1262.9 
10.2582  -427.063 
10.3323  -354.759 
10.2068  -1229.9 
11.1321  -1668.42 
10.9641  -1704.97 
10.1782  -1194.82 
11.0237  -1330.4 
10.3383  -360.339 
10.1967  -1236.07 
10.8291  -1671.79 
10.6701  -1511.35 
10.1898  -1167.27 
10.2815  -439.671 
10.3413  -362.667 
10.1996  -1231.68 
10.8489  -1070.73 
10.3554  -371.311 
10.2077  -1241.39 
10.5427  -677.421 
10.3352  -310.37 
10.1976  -1210.92 
10.9991  -1629.32 
10.9261  -981.681 
10.2033  -1223.8 
10.9695  -1189.29 
10.3819  -400.53 
10.1875  -1195.47 
10.9966  -1654.79 
10.958  -1691.01 
10.2158  -1226.11 
10.9723  -1577.33 
10.3548  -334.144 
10.2426  -1319.76 
10.828  -517.568 
11.2674  -1669.35 
10.2209  -1235.19 
10.5576  -1484.23 
10.3547  -320.786 
10.2025  -1233.94 
10.8186  -1601.87 
11.3157  -1658.31 
10.2267  -1279.73 
10.1757  -218.663 
11.1592  -1340.67 
10.2244  -1272.95 
10.9753  -1203.87 
11.1896  -1370.42 
10.24  -1305.23 
10.9729  -1559.48 
10.3758  -369.931 
10.2435  -1349.63 
10.9997  -1658.11 
10.3805  -391.913 
10.2368  -1308.58 
11.0104  -1647.38 
11.2671  -1704.99 
10.1916  -1195.34 
10.8106  -1597.22 
11.1826  -1394.94 
10.193  -1260.63 
10.817  -1610.55 
10.9557  -1620.87 
10.2132  -1316.56 
10.5332  -632.42 
11.1425  -1282.47 
10.663  -1314.01 
10.4403  -1288.27 
10.6324  -1378.21 
10.7419  -1129.64 
10.4543  -1457.65 
10.2985  -1375.59 
10.2358  -840.225 
10.874  -1647.24 
10.9857  -1489.55 
10.2502  -879.98 
11.115  -1555.75 
10.0966  -294.59 
10.2689  -922.229 
11.0841  -1492.22 
10.4137  -591.446 
10.2707  -981.958 
11.0738  -1514.04 
10.6372  -862 
9.99761  -590.613 
10.848  -1595.08 
10.655  -882.762 
10.2842  -975.132 
10.2349  -1244.57 
10.3854  -582.498 
10.2874  -1030.12 
11.1069  -1431.87 
10.6651  -918.214 
10.307  -995.592 
11.0642  -1529.04 
10.8188  -1506.19 
10.3067  -1037.88 
11.0567  -1288.08 
10.8362  -1159.05 
10.3096  -1021.83 
10.7531  -891.818 
10.6631  -912.467 
10.3404  -1110.33 
10.9328  -1112.81 
10.903  -1252.58 
10.3439  -1073.07 
10.4906  -1338.04 
10.0638  -270.339 
10.3353  -1051.26 
10.9348  -1466.04 
10.0378  -179.836 
10.3439  -1068.09 
10.9558  -1503.49 
10.6648  -945.479 
10.3926  -1157.36 
10.9605  -1518.79 
10.3713  -533.816 
10.3898  -1211.78 
10.9123  -1401.6 
10.8808  -1234.23 
10.4007  -1182.08 
9.92645  -1023.62 
10.6357  -1487.52 
10.4238  -1245.27 
10.5167  -530.238 
10.3961  -1410.06 
10.4511  -1312.7 
11.1294  -1501.26 
10.6031  -800.094 
10.6664  -1311.74 
10.1961  -215.622 
10.1031  -1293.06 
10.452  -1320.9 
11.0925  -1316.32 
10.7946  -1114.6 
10.4558  -1313.02 
10.5999  -1445.11 
10.3713  -550.495 
10.8851  -1303.48 
10.4238  -1162.77 
10.2242  -1143.57 
11.1657  -1504.97 
10.41  -1340.21 
10.4381  -1224.11 
10.812  -509.12 
10.2371  -442.974 
10.7956  -1520.33 
10.1842  -225.385 
11.0701  -1663.62 
11.0541  -1313.55 
10.8056  -1567.41 
10.7942  -1650.09 
10.984  -99.0427 
9.95004  -1075.57 
10.8025  -1059.95 
10.9669  -1141.35 
10.5661  -645.934 
11.0851  -1482.13 
10.9659  -1131.45 
10.5661  -665.934 
10.5839  -822.488 
11.5813  -1406.27 
10.9489  -1112.14 
10.791  -1670.09 
10.5183  -583.212 
10.9705  -1188.38 
10.2455  -458.734 
10.9593  -1130.4 
10.7861  -932.05 
11.1159  -1618.12 
11.064  -1324.64 
11.0912  -1357.01 
11.1315  -1764.61 
11.0328  -1275.02 
11.0944  -1429.49 
11.1208  -1733.69 
11.0236  -1261.1 
10.1914  -230.207 
10.8229  -1085.25 
10.7384  -1430.25 
11.1007  -1472.78 
11.0119  -1340.24 
10.4838  -507.647 
10.7434  -818.327 
10.2513  -443.316 
10.4806  -507.603 
10.5038  -530.099 
10.609  -856.411 
10.1783  -184.861 
10.5419  -611.801 
10.5663  -792.726 
10.7283  -870.593 
10.8477  58.5458 
10.5501  -753.279 
10.9147  -1081.01 
10.5177  -539.366 
10.8097  -1101.45 
10.9988  -1223.19 
10.9569  -1096.83 
10.7584  -990.968 
11.3022  -451.818 
11.0122  -1214.63 
10.7743  -1658.53 
10.7256  -774.32 
10.2493  -1260.93 
11.038  -1662.51 
10.1638  -195.105 
10.494  -484.023 
10.1722  -344.262 
10.4962  -1366.56 
10.3834  -1264.2 
10.4027  -1524.43 
10.4191  -1314.1 
10.7596  -1409.47 
10.3184  -1385.45 
10.4385  -1231.86 
10.2538  -1117.82 
10.6541  -922.86 
11.1351  -1375.8 
10.2276  -1054.61 
10.4009  -586.4 
10.4999  -405.321 
10.2296  -1080.36 
9.83239  -1136.06 
10.7569  -1321.5 
10.2665  -1141.16 
10.3845  -1374.29 
11.1605  -768.326 
10.231  -1097.32 
9.82751  -1143.04 
10.7808  -1347.88 
10.2535  -1155.08 
10.6349  -1451.05 
11.0933  -1236.15 
10.2625  -1136.31 
9.84396  -1183.53 
10.516  -494.731 
9.45593  243.528 
10.3652  -1316.54 
10.4961  -1183.2 
10.2622  -1123.58 
10.3946  -561.368 
10.1918  -123.017 
10.2518  -1105.39 
10.9733  -1468.9 
10.2441  871.506 
10.2544  -1146.61 
10.949  -1414.76 
10.5227  -480.837 
10.2746  -1129.17 
10.8198  -1130.26 
10.7966  -850.349 
10.2685  -1160.23 
10.0741  -283.47 
11.8617  -1315.83 
10.2835  -1143.72 
10.5968  -1404.33 
10.1944  -135.931 
10.479  -1223.04 
9.81626  -1113.33 
10.5221  -1318.69 
10.2959  -1139.35 
10.6236  -1451.3 
10.2162  -1137.3 
10.3034  -1136.95 
11.5972  -1112.98 
10.7326  -724.822 
10.355  -1251.82 
10.413  -640.957 
11.2969  -763.442 
10.353  -1231.09 
10.6597  -1512.27 
10.8468  220.071 
10.351  -1275.31 
10.8914  -1251.8 
10.9077  -985.525 
10.3466  -1216.06 
10.1285  -1299.75 
10.1797  -153.441 
10.3674  -1227.45 
10.3929  -585.073 
11.0714  -1376.37 
10.7895  -1259.7 
10.296  -1181.09 
11.4584  -1205.1 
10.3586  -1171.32 
10.6701  -1457.14 
10.3979  -1124 
10.1549  -275.536 
11.2869  -1739.76 
10.5351  -1436.47 
10.7563  -1556.03 
11.1811  -1384.55 
11.0383  -1283.59 
11.0112  -1325.47 
11.2785  -1512.27 
10.5152  -539.923 
9.73731  233.14 
10.9756  -1074.09 
10.7935  -925.361 
10.8783  -1072.28 
10.6957  -722.322 
10.21  -248.211 
10.8526  -1074.51 
11.1499  -1306.67 
10.2175  -224.144 
10.9376  -1646.6 
10.9681  -1023.18 
10.7678  -874.271 
10.8785  -1134.98 
11.1047  -1231.77 
10.1968  -217.771 
10.1254  -208.97 
10.3694  -383.201 
10.2042  -233.667 
10.9007  -1544.14 
11.2407  -1557.43 
10.9645  -1558.66 
10.4681  -1390.27 
11.1259  -1298.55 
10.9723  -1562.31 
10.9059  -1150.78 
10.3158  -302.539 
10.7987  -914.435 
10.9849  -1503.89 
10.9211  -973.568 
11.0939  -1586.64 
10.6378  75.8135 
10.0923  -1177 
10.8113  -924.424 
10.8679  -1047.41 
10.6271  -613.19 
11.0055  -1213.51 
10.8728  -1130.47 
10.3388  -1299.87 
11.1349  -1615.65 
10.986  -1463.13 
10.0554  -1106.2 
10.5893  -1464.26 
10.8765  -1495.02 
10.0892  -1188.69 
10.6014  -705.421 
11.0736  -868.943 
10.0574  -1098.63 
10.2353  -259.887 
9.7353  197.226 
10.0623  -1079.99 
10.606  -692.422 
10.7405  -496.037 
10.0159  -1027.54 
10.608  -671.49 
11.3312  -656.348 
10.0528  -1064.99 
10.8602  -1588.01 
10.3962  -1394.31 
10.5302  -1344.26 
10.5138  -1450.46 
10.5394  -1184.83 
10.5088  -1270.68 
10.353  -1216.11 
10.3504  -294.821 
10.5938  -622.809 
10.4595  -665.099 
10.6567  -599.095 
10.2739  -302.002 
10.501  -1496.22 
11.0902  -1516.22 
11.0487  -1222.59 
10.9307  -1611.15 
10.8844  -1448.75 
10.2705  -250.959 
10.4979  -674.555 
10.9144  -1469.08 
10.8728  -1534.64 
10.5177  -1514.42 
10.6536  -577.428 
11.1218  -1292.81 
10.1566  -290.246 
10.6294  -511.672 
11.0377  -1539.74 
10.1425  -239.942 
11.1626  -1449.13 
11.0034  -1056.02 
10.7324  -1524.63 
10.6377  -560.753 
10.8763  -1502.36 
10.7294  -914.777 
11.0458  -1056.97 
10.6048  -608.087 
10.7082  -1472.2 
10.8806  -1443.27 
11.0616  -1574.46 
10.732  -964.333 
11.0703  -1103.84 
10.6302  -668.14 
10.7301  -1526.15 
10.274  -110.379 
9.88523  147.237 
10.1208  -160.346 
11.0663  -1109.03 
10.3125  -1254.93 
10.1064  -199.005 
10.8896  -1457.86 
10.5982  -583.754 
10.4131  -502.655 
11.0706  -1512.41 
10.6238  -1451.49 
10.4483  -1348.75 
11.1905  -1349.51 
11.0286  -1136.7 
10.6729  -821.863 
10.6334  -599.845 
11.021  -1125.75 
10.7005  -883.681 
11.0695  -1554.83 
10.8211  -813.783 
10.4621  -588.014 
11.0556  -1124.71 
11.1668  -1440.81 
10.9786  -1285.57 
10.6169  -517.701 
10.2376  -185.01 
10.1577  -266.129 
11.0121  -1006.22 
11.1411  -1399.72 
10.1473  -262.924 
10.5022  -1289.67 
10.4984  -1352.5 
10.3453  -1342.5 
10.3467  -1471.12 
10.3852  -1518.95 
10.3442  -1401.64 
10.9039  -1319.97 
10.4821  -732.937 
10.8909  -1594.74 
10.7102  -1043 
10.4979  -751.272 
10.8639  -1145.92 
10.9611  -1441.83 
10.1751  -424.854 
10.0969  -247.325 
10.0933  -326.131 
10.8835  -1612.2 
10.1376  -295.225 
10.1302  -411.952 
10.7044  -1029.19 
10.1226  -270.075 
10.1008  -357.084 
10.4844  -741.419 
10.1016  -235.986 
10.7029  -1656.41 
10.7027  -1007.84 
10.4618  -1441.96 
10.8719  -1290.57 
10.4691  -725.194 
10.1359  -295.571 
10.4612  -1509.77 
10.4976  -788.537 
10.7001  -1522.49 
10.9683  -1450.01 
10.8962  -1259.76 
10.7295  -1602.38 
10.4819  -779.428 
10.9898  -1418.64 
10.8751  -1165.63 
10.4645  -754.099 
10.497  -776.389 
10.4653  -678.02 
11.0294  -1754.91 
10.1422  -370.566 
10.1676  -360.581 
10.7111  -1039.51 
10.4875  -776.369 
10.9221  -1627.68 
10.4553  -798.511 
10.7625  -1726.71 
10.1753  -339.174 
10.4861  -795.317 
11.0553  -1646.96 
10.1621  -350.395 
10.1547  -418.744 
10.9247  -1321.44 
11.0114  -1383.18 
10.7514  -1671.28 
10.7415  -1059.37 
10.7807  -1106.96 
10.1464  -424.682 
11.0146  -1513.23 
10.7457  -1571.83 
10.7503  -1143.77 
10.5247  -1631.6 
10.7665  -1646.54 
10.8698  -1288.07 
10.9178  -1731.79 
10.7471  -1630.45 
10.481  -856.243 
11.0564  -1637.86 
10.1883  -420.275 
10.3505  -1423.24 
10.3797  -1372.12 
10.418  -1351.54 
10.3715  -1327.36 
10.521  -1558.64 
10.4321  -1133.51 
9.87942  -1095.67 
10.2547  -375.982 
10.7927  -1366.38 
10.4263  -488.114 
10.5749  -734.542 
10.9299  -887.157 
10.4287  -491.614 
10.8256  -1645.69 
10.5135  -1178.53 
10.6894  -829.026 
10.2553  -366.47 
10.1652  4.61706 
10.4451  -1350.44 
10.6132  -800.602 
10.9443  -941.856 
10.8702  -1433.39 
10.8676  -1116.34 
10.9659  -978.093 
10.4172  -485.885 
10.2927  -1430.12 
10.1712  -44.2844 
9.85868  -1045.98 
11.0664  -1789.88 
10.1909  -33.1145 
9.83878  -1027.77 
11.0813  -1805.03 
10.4839  -353.552 
10.6623  -775.96 
10.5982  -1598.77 
10.1923  -15.09 
10.4148  -515.705 
10.2569  -372.766 
10.2053  -62.8325 
10.1225  -1132.47 
10.837  -1070.5 
10.5266  -430.596 
9.83355  -993.641 
10.8229  -1033.55 
10.5638  -492.471 
10.8425  -1030.72 
11.1358  -1522.16 
10.2736  -1148.38 
10.655  -807.743 
10.8332  -1061.74 
10.2275  -104.502 
9.86906  -1044.16 
10.2864  -437.709 
10.9838  -972.213 
10.9575  -1396.43 
10.8578  -1030.26 
10.2272  -125.126 
11.0878  -819.322 
11.1779  -1637.86 
10.2413  -122.109 
9.89586  -1117.82 
11.1306  -1678.1 
10.2448  -96.5106 
10.4292  -488.744 
11.181  -1669.53 
10.8369  -828.798 
10.671  -1358.66 
10.5665  -745.423 
10.8457  -1444.9 
10.9809  -1305.75 
10.6  -1596.84 
11.1176  -1441.94 
10.3277  -1104.47 
10.4679  -1323.44 
10.4843  -1083.85 
10.4206  -1119.4 
10.36  -1184.92 
10.3463  -1113.33 
10.527  -1318.39 
10.4898  -648.209 
9.90616  -1130.95 
10.2102  -199.247 
11.0509  -1598.52 
10.4767  -616.996 
10.54  -1377.79 
10.9602  -1577.72 
10.9773  -1312.9 
10.2502  -1229.09 
10.9279  -1193.11 
9.8975  -1104.11 
10.9432  -1060.99 
10.7608  -987.09 
9.88999  -1076.52 
11.0693  -1345.53 
10.7568  -927.257 
9.87498  -1069.67 
10.4857  -476.64 
11.0723  -1562.02 
10.8926  -1075.21 
10.4958  -485.45 
10.501  -569.543 
9.85421  -1028.28 
11.0408  -1323.84 
11.0503  -1394.71 
10.0924  -144.607 
10.1401  -108.065 
10.4796  -604.343 
10.4153  -1296.04 
10.5013  -1310.62 
10.9325  -1186.71 
10.6627  -759.619 
10.9328  -1057.79 
10.7283  -1509.74 
9.8568  -1021.15 
11.0074  -1394.97 
10.479  -1408.87 
9.84091  -991.122 
11.0855  -1381.65 
10.5004  -607.432 
9.84094  -1006.14 
10.7612  -1384.07 
10.538  -653.703 
10.372  -420.21 
10.938  -1083.58 
10.7608  -948.751 
10.408  -467.826 
10.5362  -550.653 
10.9002  -1112.91 
10.6548  -760.951 
10.9472  -1040.83 
11.0417  -1561.24 
10.404  -416.294 
10.7644  -828.209 
10.4978  -1441.2 
10.4302  -464.514 
10.1777  -136.033 
10.1952  -297.381 
10.9602  -1391.89 
10.241  873.173 
11.0241  -1318.19 
10.1192  -134.937 
10.1597  -101.876 
10.9102  -1589.14 
10.8484  -984.564 
10.433  -1313.37 
10.4107  -1381.63 
10.3259  -1203.01 
10.4704  -1354.59 
10.5858  -1237.31 
10.5394  -1304.83 
10.5552  -648.957 
11.1626  -1235 
9.9533  36.858 
11.1025  -1446.72 
11.1606  -1655.08 
10.6648  -1518.84 
11.1232  -1547.22 
10.9595  -951.363 
10.3391  -358.431 
11.0008  -1648.94 
11.1292  -1195.28 
11.1977  -1411.86 
11.0131  -1652.87 
11.2424  -1401.29 
11.2281  -1654.97 
11.0869  -1362.74 
11.1724  -1631.92 
11.1052  -1263.88 
11.1328  -1656.43 
10.1058  -1150.14 
11.0908  -1629.99 
10.5517  -661.197 
11.1562  -1198.3 
10.9097  -1570.42 
10.5823  -1463.68 
10.6878  -595.315 
10.9211  -993.568 
11.0621  -1361.52 
10.0625  -1054.34 
10.3359  -326.764 
10.5858  -1484.76 
10.0882  -1088.75 
10.3417  -329.647 
10.982  -1210.82 
10.7069  -688.675 
11.2825  -1614.57 
10.9742  -1556.33 
10.9416  -953.885 
11.247  -1444.9 
10.2263  -273.601 
10.9366  -1524.11 
10.6922  -1552.94 
10.789  -916.001 
11.1277  -1159.94 
11.0899  -1593.45 
10.79  -1520.15 
10.6775  -627.128 
11.1294  -1615.46 
10.9618  -1161.54 
11.162  -1632.04 
10.665  -621.497 
10.5064  -614.673 
11.2664  -1466.05 
10.6947  -767.439 
11.0933  -1574.45 
10.7757  373.665 
11.2219  -1414.3 
10.2076  -294.635 
11.0447  43.889 
11.2539  -1534.55 
10.2519  -1347.16 
11.9336  -1290.95 
10.9314  -1598.36 
10.1949  -261.288 
11.2303  -1340.06 
11.2288  -1518.93 
10.4373  -1389.26 
10.5821  -1368.51 
10.5714  -1442.57 
10.3017  -1242.27 
10.4234  -1263.28 
10.3455  -1183.5 
10.4133  -1337.01 
10.4954  -465.961 
10.1473  -141.263 
10.663  -837.41 
10.7406  -1328.66 
10.7336  -778.969 
10.8142  -1020.07 
10.4764  -422.6 
10.479  -520.534 
10.8463  -1082.84 
10.4891  -1244.32 
11.0263  -1304.09 
10.9978  -1432.4 
10.4804  -435.792 
10.8984  -1438.98 
10.4047  -516.857 
10.6975  -651.315 
10.5799  495.685 
10.6596  -803.008 
10.9836  -1316.2 
10.1347  -84.5949 
10.9718  -1484.45 
10.9922  -1311.37 
10.9113  -1431.7 
10.4006  -1292.01 
10.7337  -1348.19 
10.9542  -1271.33 
10.4131  -507.637 
10.4591  -447.308 
10.1239  -128.617 
10.0631  -104.795 
10.6883  -679.011 
10.1297  -111.538 
10.6172  -772.058 
10.4369  -1133.94 
10.9597  -1346.49 
10.1042  -1157.24 
10.9919  -1373.62 
10.4508  -476.567 
10.3744  -472.125 
10.4594  -1180.04 
10.147  -116.83 
10.0596  -120.393 
10.7395  -1406.1 
10.9862  -1179.15 
10.0611  -135.727 
10.715  -1299.23 
10.4667  -1283.28 
10.6382  -796.147 
10.7019  -715.544 
10.1635  -193.993 
10.3911  -515.306 
10.5127  -469.593 
10.1418  -121.077 
10.4266  -1337.45 
10.9072  -1373.45 
10.1499  -142.48 
10.9525  -1436.65 
10.1588  -106.955 
9.87303  -982.3 
10.6362  -788.702 
11.0914  -1413.8 
10.4701  -537.681 
10.0715  -130.555 
10.7502  -1407.02 
10.4502  -491.135 
10.2573  -1073.88 
10.3838  -1096.24 
10.3484  -1102.47 
10.5079  -1189.16 
10.4439  -1020.27 
10.5693  -363.431 
11.0561  -1018.44 
9.76436  476.791 
10.7883  -1041.23 
10.6258  -475.497 
10.1401  113.633 
10.0715  -173.914 
11.1832  -1187.09 
11.0303  -1044.77 
10.9123  -1449.13 
10.6529  -563.581 
10.1354  88.974 
10.3684  -471.526 
10.3393  -179.467 
11.1186  -1266.9 
10.3706  -1296.65 
10.8934  -811.675 
10.196  -18.8306 
10.8688  -1362.3 
11.1948  -1429.57 
10.1622  1.9641 
10.3153  -477.994 
10.8924  -1405.09 
10.494  -302.325 
10.8463  -1235.38 
11.2121  -1332.35 
10.958  -1356.88 
10.7111  -1317.04 
11.0532  -999.512 
10.5271  -412.632 
10.8065  -1195.65 
10.6327  -517.659 
10.5271  -397.65 
10.7851  -1277.94 
10.8706  -771.215 
10.9975  -1452.18 
9.93277  -0.27764 
10.2641  -65.8893 
10.8091  -801.848 
10.2505  -365.998 
10.8798  -836.802 
10.8255  -845.653 
10.8  -1118.85 
10.629  -1282.22 
10.8313  -821.857 
10.5429  -1277.57 
11.0836  -1450.11 
10.2461  -166.751 
9.94724  28.3063 
10.5907  -406.123 
11.0998  -1257.13 
10.546  -1287.58 
10.627  -1308.13 
10.586  -1335.8 
10.7462  -928.071 
10.8705  -1364.46 
10.5908  -582.103 
10.3014  -1142.05 
10.6048  -474.767 
11.0125  -1101.54 
10.2631  -372.666 
11.0487  -1024.25 
11.1563  -1365.02 
10.8363  -1226.61 
10.8839  -818.409 
10.8573  -935.682 
10.5411  -1257.88 
10.5342  -1155.72 
10.5399  -1233.54 
10.1945  -985.968 
10.4922  -1152.56 
10.3163  -1194.65 
10.4647  -1193.4 
11.8465  -1045.52 
10.8188  -1165.3 
10.5292  -570.152 
10.6141  -1388.81 
10.8153  -1144.26 
10.7836  -872.531 
10.8738  -1557.9 
10.3914  -1371.36 
10.5414  -561.388 
10.8206  -796.728 
10.8055  -1101.5 
10.8136  -872.869 
10.6518  404.811 
10.9403  -1547.04 
11.0714  -1490.5 
10.5847  -1320.58 
10.0498  -185.941 
10.5497  -1382.17 
10.2452  -182.679 
10.0206  -132.109 
10.5416  -599.104 
10.5368  -497.82 
10.3616  -1300.4 
11.0535  -1458.08 
11.0709  -1165.1 
10.6077  -1387.91 
10.7759  -1446.49 
10.5337  -1249.47 
10.8901  -1420.78 
10.9992  -1165.23 
10.2846  834.567 
10.0237  -153.739 
10.1824  -157.317 
10.2904  813.307 
10.6104  -817.575 
10.5191  -543.002 
10.9583  -1034.56 
9.78791  -977.628 
10.1957  -211.115 
10.975  -1076.12 
9.80954  -1035.53 
10.9166  -1020 
11.4507  -521.529 
10.9008  -1403.36 
10.4972  -520.709 
10.7763  -1362.62 
10.5956  -1360.03 
10.9437  -1131.41 
11.6967  -1079 
10.0377  -174.742 
10.475  -457.379 
10.2118  -146.279 
10.6284  -815.053 
11.0448  -1273.68 
10.185  -130.967 
10.387  -525.435 
10.1762  -152.36 
11.1139  -1367.35 
10.7807  -985.297 
10.5309  -541.504 
10.206  -143.396 
10.7879  -1422.59 
10.5229  -1321.84 
11.1052  -1296.39 
10.3625  -458.567 
11.0912  -1391.18 
10.4324  -1239.6 
10.2884  -1206.74 
10.4393  -1265.01 
10.4248  -1148.61 
10.4019  -1115.49 
10.5524  -1280.91 
10.2556  -1200.9 
11.0645  -1330.88 
10.6236  -678.788 
10.7959  -896.427 
11.0461  -1278.01 
11.0262  -1164.86 
11.4028  -932.016 
9.91518  -1018.89 
10.2454  -198.659 
10.2418  -1143.3 
10.1676  -122.279 
11.16  -1437.06 
9.96817  -1044.05 
10.7551  -799.263 
11.0384  -1166.14 
10.6463  -82.5688 
10.7687  -792.475 
11.1421  -1547.15 
10.1884  -106.218 
9.91722  -996.338 
10.8068  -1450.05 
10.5127  -504.611 
9.90479  -992.366 
10.8165  -875.197 
10.5259  -575.051 
11.0113  -437.24 
10.5436  -501.53 
10.8254  -1503.92 
10.1844  -108.819 
10.2166  -157.563 
10.988  -1099.73 
9.93649  -1025.72 
10.22  -166.946 
10.9526  -1055.92 
9.98324  -1099.27 
10.2238  -149.101 
10.5208  -502.656 
11.0907  -1511.61 
11.0121  -1560.35 
10.1516  -60.4731 
11.0023  -1519.29 
10.2111  -180.772 
10.9546  -1417.5 
10.5714  -536.782 
10.8059  -1443.5 
11.2006  -1597.47 
10.6002  -1424.52 
10.5864  -555.29 
10.7636  -749.268 
10.2726  -290.102 
11.1144  -1438.62 
10.5041  -449.512 
10.2968  -317.556 
10.8436  -841.546 
10.5006  -501.752 
10.8633  -1554.66 
10.2425  -179.727 
9.93703  -1042.81 
10.0302  -1160.51 
10.8679  -1491.62 
10.4603  -394.889 
10.9004  -1027.23 
10.6115  -590.873 
10.4724  -1177.82 
11.1688  -1415.75 
11.1871  -1471.79 
10.3571  -1124.29 
10.5518  -1477.14 
10.5671  -1420.04 
10.4122  -1387 
10.3842  -1195.69 
10.3057  -1332.11 
10.9192  -1159.59 
10.8984  -1422.33 
10.6013  -870.365 
10.7257  -880.999 
10.6915  -1372.34 
10.904  -1505.07 
10.978  -585.16 
10.6768  -1384.9 
10.7925  -1497.93 
10.9533  -1246.48 
10.4338  -460.689 
10.9335  -1363.37 
11.6435  -1193.66 
10.677  -1359.3 
10.6771  -979.375 
10.7804  -960.864 
10.9324  -1137.49 
10.9804  -1490.36 
10.7663  -950.598 
10.9644  -1223.61 
10.4012  -599.097 
10.9631  -1224.22 
10.7057  -802.755 
10.7162  -1643.53 
10.7774  -1560.16 
10.9103  -1120.02 
10.4399  -1502.95 
10.9483  -1597.56 
10.8926  -1467.75 
10.6308  -1456.16 
10.9256  -1159.61 
10.4496  -522.345 
10.9299  -1542.18 
10.5241  -686.096 
10.4796  -597.663 
10.9577  -1380.75 
10.5403  -740.524 
10.1404  -194.12 
10.9467  -1357.13 
10.8052  -1078.81 
10.1614  -206.549 
10.4196  -666.989 
10.5258  -689.108 
10.1715  -227.019 
10.9421  -1393.49 
10.9555  -1228.25 
10.9581  -1204.44 
10.6823  -1020.15 
10.9532  -1575.6 
11.0791  -1443.26 
10.844  -1204.36 
11.0411  -1365.77 
11.0324  -1303.88 
10.8358  -1563.73 
11.0746  -1437.18 
11.0376  -1294.65 
10.8461  -1620.25 
10.9795  -1283 
10.9841  -1635.76 
10.3966  -1395.49 
10.829  -1670.05 
11.0757  -1389.75 
10.9666  -1657 
11.0178  -1736.55 
10.2151  -292.229 
10.6738  -1577.6 
10.4797  -1355.23 
10.4356  -1201.23 
10.3208  -1267.29 
10.5186  -1346.76 
10.4823  -1113.12 
10.3005  -1067.98 
10.5154  -1343.43 
10.1842  57.9356 
10.3842  -373.182 
11.2008  -1568.47 
10.953  -845.37 
10.6631  -1296.6 
10.867  -1490.06 
11.0928  -1092.38 
10.6612  -721.002 
11.1781  -1354.69 
11.0443  -1204.11 
10.4141  -1190.16 
10.2843  -221.849 
11.0029  -980.63 
10.0637  -26.9059 
10.6316  -648.418 
10.214  33.6537 
10.0806  -44.4445 
11.5031  -634.498 
10.8124  -676.949 
10.6546  -689.914 
11.3398  -412.296 
10.8494  -1338.67 
10.0518  8.27492 
11.0391  -1134.23 
10.8631  -773.659 
10.646  -1248.99 
10.86  -903.652 
10.2672  -59.2167 
10.385  -394.631 
11.2369  -1546.94 
11.0772  -1085.89 
10.9584  -1206.37 
10.6397  -616.462 
10.2606  -66.4687 
10.662  -712.452 
10.284  -227.454 
11.0379  -1018.27 
10.6406  -1235.52 
10.6145  -622.465 
11.0555  -1458.81 
10.6406  -1235.52 
10.5981  -592.019 
10.6468  -574.605 
10.9919  -1251.14 
11.1184  -1270.07 
11.1849  -1308.44 
10.6844  -1310.1 
10.8701  -915.821 
10.3133  -203.945 
10.4156  -1190.48 
10.2811  -250.182 
11.1665  -1293.87 
10.9599  -1350.85 
10.2933  -274.777 
11.2619  -1539.2 
10.8566  -991.024 
11.1847  -1459.91 
10.65  -594.611 
10.8292  -940.242 
11.1939  -1475.54 
11.0771  -1130.87 
10.9467  -1095.47 
10.8891  -959.144 
10.3292  -268.997 
10.4453  -1284.72 
10.5102  -1231 
10.5615  -1241.44 
10.3124  -1009.84 
10.2862  -1125.01 
10.2957  -1143.33 
10.278  -1060.25 
10.431  -610.096 
10.8507  -1540.54 
10.3481  -477.226 
10.0961  -195.8 
10.43  -648.533 
10.6051  -1326.73 
10.8355  -1484.35 
10.0995  -210.164 
10.7831  -985.476 
10.4165  -1338.72 
10.6388  -858.258 
10.0282  -88.0802 
10.657  -840.132 
10.8229  -1123.55 
10.805  -1049.43 
10.9932  -1385.44 
10.6506  -895.1 
10.3637  -1242.83 
10.9983  -1392.86 
10.3977  -541.375 
10.0305  -63.2411 
9.67587  235.79 
10.8052  -1444.6 
10.3184  -377.963 
10.4174  -1370.2 
11.4627  -770.993 
10.3611  -493.308 
9.81193  -1044.08 
10.6121  -1388.85 
10.3637  -464.487 
10.6337  -820.919 
10.0423  -151.743 
10.6028  -1314.89 
10.799  -982.189 
10.0256  -130.222 
10.6212  -796.873 
10.6515  -821.681 
10.3314  -1262.38 
10.8939  -1349.58 
10.6634  -880.182 
9.79028  -1011.17 
10.6082  -755.81 
10.0813  -200.027 
10.7727  -1007.33 
10.7985  -1388.49 
10.3765  -476.287 
10.055  -1094.2 
10.6501  -1403.88 
10.382  -514.775 
9.78769  -998.289 
10.7579  -911.479 
10.6475  -831.847 
10.8559  -1362.93 
10.5806  -662.331 
11.2674  -943.518 
10.0291  -156.322 
10.6233  -1336.9 
10.4088  -566.766 
11.2829  -804.1 
10.889  -1146.6 
10.4079  -583.543 
9.77732  -1000.1 
10.3513  -425.535 
10.4128  -551.581 
10.9748  -450.097 
10.3773  -466.076 
10.3233  -1325.15 
10.3115  -1276.69 
10.351  -1237.01 
10.4898  -1257.36 
11.5164  -1623.39 
10.4615  -1231.7 
11.145  -1586.12 
11.4462  -600.471 
10.7733  -1560.25 
10.6034  -644.526 
10.8592  -1526.41 
10.9913  -1188.11 
11.1245  -1355.77 
11.0697  -1241.66 
11.0644  -1315.02 
10.5979  -674.378 
10.9161  -1045.49 
10.5396  -573.357 
10.3088  -1329.49 
11.1422  -1344.75 
10.8203  -1518.2 
10.8615  -979.024 
10.6166  -633.231 
10.5341  -549.85 
11.0225  -1197.76 
10.8856  -956.403 
10.2211  -172.828 
10.5823  -622.06 
11.0186  -1534.68 
10.7854  -1459.79 
10.8491  -951.732 
10.8778  -951.055 
10.7853  -827.204 
10.8598  -1570.22 
10.8354  -900.105 
10.5263  -546.201 
10.8572  -939.814 
11.1558  -1418.78 
11.1238  -1424.35 
10.5715  -613.498 
10.2609  -185.883 
10.9921  -1517.09 
10.5893  -639.241 
10.8635  -1482.3 
11.0814  -1262.59 
11.0121  -1157.92 
10.635  -641.122 
10.2018  -150.091 
11.0617  -1215.39 
11.0605  -1182.71 
10.7926  -1409.63 
10.8746  -1611.05 
11.0059  -1479.68 
10.7766  -845.388 
10.8526  -951.152 
10.5791  -527.035 
10.9546  -1036.68 
10.6161  -676.213 
11.1284  -1287.18 
10.8121  -875.874 
10.9966  -1133.98 
10.8357  -854.538 
11.0927  -1478.98 
10.0101  -1182.96 
10.2676  -191.989 
10.5993  -1482.96 
10.8635  -966.431 
10.8949  -983.688 
10.2252  -194.36 
11.1433  -1578.05 
10.8343  -840.864 
10.8024  -1512.42 
10.5174  -1379.18 
10.5471  -1323.42 
10.4935  -1392.76 
10.4962  -1345.71 
10.2604  -1188.87 
10.2751  -1444.64 
10.9939  -1146.04 
10.8349  -1160.5 
10.0247  -346.999 
11.0075  -1184.24 
10.5721  -769.854 
10.7343  -1131.15 
10.5752  -630.56 
10.8752  -1278.14 
10.3398  -1473.13 
11.0856  -1510.92 
10.7415  -1002.69 
10.0037  -334.571 
11.0703  -1269.67 
10.5751  -787.164 
10.7176  -1151.29 
10.568  -639.059 
10.111  777.39 
10.3605  -1492.86 
10.8309  -931.557 
10.3473  -1305.74 
10.3253  -668.389 
10.8501  -1545.88 
10.7758  -1092.24 
10.5662  -1541.84 
10.2524  -250.821 
10.3291  -478.884 
10.5721  -993.175 
11.0363  -1599.5 
10.7767  -1065.43 
10.5747  -1012.73 
10.5677  -1403 
9.79345  -1042.83 
10.5798  -1588.37 
11.1452  -1408.78 
10.7925  -1521.21 
10.5664  -955.31 
10.8417  -1555.1 
10.1156  765.445 
10.8686  -1427.94 
10.8675  -944.567 
10.5914  -834.252 
10.8575  -1624.25 
10.2768  -285.953 
10.3905  -1419.84 
10.8457  -1612.42 
10.8723  -1590.87 
10.9282  -1388.31 
9.97459  -230.777 
11.06  -1608.17 
10.9092  -1359.2 
10.7308  -1590.89 
11.1053  -1714.73 
10.0734  -272.944 
10.8346  -1382.79 
10.8942  -1586.52 
10.9403  -1407.08 
9.99795  -355.046 
10.2933  -276.437 
10.4122  -1429.43 
10.3499  -1573.63 
10.67  -774.591 
10.0789  -278.074 
10.7098  -1189.31 
10.6325  -690.018 
9.84796  -1176.68 
10.0112  -337.146 
10.508  -1227.57 
10.3412  -1282.63 
10.2461  -1274.2 
