0 0 0 0 
22.5093 1588.75 32868.6 519.455 
74.3075 1156.32 30084 272.72 
69.9865 1123.01 35483.1 322.403 
44.0207 1118.84 37427.7 302.383 
74.5446 1043.67 44704.1 265.85 
45.8872 1291.77 43779.1 362.702 
40.4304 1278.14 44118.6 336.005 
43.9312 1296.85 49522.7 372.222 
59.392 1107.96 48655.2 273.531 
31.0734 1238.31 51330.3 376.45 
66.292 1154.58 49662.1 231.143 
20.2748 1746.18 54833.8 377.069 
22.2858 1689.59 53909.1 419.328 
24.339 1034.15 49017.9 311.792 
8.5487 1495.08 49017.9 8.5487 
28.3254 1031.68 49664.6 304.461 
51.482 1193.79 43698.9 314.513 
42.1292 1871.02 56835.1 674.255 
31.4479 1618.33 47708.7 363.978 
14.2177 1307.69 47708.7 14.2177 
11.9137 1474.04 47708.7 11.9137 
29.0662 1870.62 47636.6 796.408 
0 0 47636.6 0 
0 0 47636.6 0 
25.8063 1207.89 33160 480.905 
59.4715 1273.2 29429.5 314.789 
59.3618 1306.66 35920.1 365.816 
50.6172 1250.56 36606.6 275.068 
63.5656 1513.04 42575.9 245.023 
22.8705 1642.32 42602 334.842 
40.6027 1603.24 45005.3 263.766 
27.3028 1300.49 49132.9 383.841 
54.5655 1150.88 48158.2 291.074 
59.3684 1223.13 52797.4 325.223 
51.5487 1147.98 49258.3 251.496 
37.9621 994.394 56116.1 330.57 
45.4309 1221.68 51994.6 314.224 
48.6806 1222.86 48544.3 357.935 
240.679 1445.97 4612.4 446.121 
16.1183 1619.99 48501.1 326.395 
30.8816 1034.31 42698.3 239.635 
18.636 1794.76 48517 374.478 
86.984 1153.55 23589.8 175.2 
783.738 793.17 13487.2 1439.33 
23.7162 1556.16 4854.67 749.28 
128.725 562.156 29240.6 0.00111631 
0 0 29240.6 0 
0 0 29240.6 0 
34.9005 1752.79 19033.3 464.556 
63.3345 1531.99 31428.3 340.063 
130.954 1410.23 37469.9 308.385 
66.5488 1624.56 42280.2 329.044 
22.8787 2102.76 42887.8 574.38 
93.0338 1446 46388.1 362.732 
73.5037 1312.15 45870.3 311.976 
19.1763 1938.65 49020.4 475.023 
28.0084 2243.34 59047.6 641.716 
87.9382 1371.7 50136.6 262.471 
38.9663 1755.08 56366.7 481.152 
72.078 1373.32 50177 325.901 
30.3469 1577.07 49319.1 436.832 
53.8418 1492.27 50773.6 333.863 
40.2732 2050.18 61134.6 582.184 
61.1094 1270.71 47315.8 271.96 
46.7963 1351.01 45434.1 424.026 
69.629 1329.75 46556.8 369.523 
77.0431 1267.4 40724.1 255.645 
22.9344 1775.78 43203.1 469.111 
65.8983 1228.37 32779.3 268.752 
86.787 1311.94 21768.1 343.544 
0 0 21768.1 0 
0 0 21768.1 0 
53.2707 757.91 20933.7 271.533 
50.7531 1455.09 34288 196.086 
37.1901 692.873 37365 172.909 
28.3373 1134.99 43897.8 168.214 
36.6861 816.181 47991.5 246.164 
913.632 622.562 8301.49 -1571.35 
35.9941 787.248 47401.1 197.962 
41.8781 1370.53 52143 305.486 
27.9282 816.758 55770.4 239.398 
45.5381 857.971 51152.9 166.262 
25.4342 761.614 57485.7 244.642 
40.2148 1162.48 52678.1 171.782 
43.7865 753.225 55115.5 196.254 
35.2008 690.146 53025.6 176.755 
24.3485 696.27 58579.1 206.065 
38.9481 698.422 49287.5 183.003 
40.1801 662.668 50030.3 166.049 
40.3354 638.986 48170.6 166.448 
45.2502 1989.67 43640 148.387 
29.5222 822.89 44091.2 237.043 
1420.04 -5342.76 31934.5 1375.02 
28.684 789.967 23283.7 213.51 
0 0 23283.7 0 
0 0 23283.7 0 
84.9723 1620.83 11109.5 364.003 
60.5322 1293.72 28848.6 269.583 
30.8978 1343.8 34676.5 385.616 
51.7256 1254.57 41409.1 336.347 
35.4181 1308.08 44788 387.748 
52.8006 1077.4 43193.2 245.3 
19.3714 1765.05 55129.4 526.999 
74.041 1221.58 51072.7 287.993 
77.9775 1260.83 52005.6 303.104 
28.4607 1843.4 61472.1 552.16 
117.572 1204.86 53711.9 325.979 
79.2363 1163.15 51584.1 249.17 
19.057 1942.97 57715.1 471.28 
34.6782 2213.41 75726.3 632.49 
89.5225 1305.38 49282.9 301.431 
123.023 1444.67 53017.4 324.646 
23.0979 1825.71 46860.9 416.807 
30.6095 1955.17 45819.7 360.697 
60.5261 2709.7 100462 835.587 
99.388 1353.39 37517.1 308.676 
58.9277 1139.97 30016.7 299.701 
23.8201 1584.11 11739.2 401.814 
0 0 11739.2 0 
0 0 11739.2 0 
1679.41 1415.12 11244.2 1776.1 
9.78476 126.685 11244.2 9.78476 
58.3511 459.067 34949.3 -1.7174e-05 
187.089 -1236.94 34949.3 187.089 
8.15162 406.299 59835.2 -358.969 
4746.79 7934.64 99033.4 29598.1 
42.4174 -222.525 99033.4 42.4174 
28.172 -218.121 99033.4 28.172 
53.4713 400.676 46228.6 0.000185255 
32.7126 640.259 60296.4 127.035 
34.0852 491.835 55827.6 112.117 
26.5861 288.984 53514.3 134.966 
473.238 -2734.43 53514.3 473.238 
33.4816 533.921 61285.9 165.818 
742.715 8723.31 44549.9 13780.9 
7.03275 261.722 44549.9 7.03275 
26.926 463.397 52474.3 126.988 
34.3057 477.958 49215.8 135.481 
20.5298 499.887 51445.8 141.419 
29.3845 492.389 39818.8 109.637 
1639.12 4993.11 73951.3 26493.1 
13580.4 2197.53 75173 0.134152 
0 0 75173 0 
0 0 75173 0 
90.282 1303.67 8342.83 -305.457 
57.0117 1275.92 23732 303.981 
55.9166 1382.25 34376 361.717 
45.3764 1445.36 41192.9 365.63 
69.9713 1326.12 47976.8 329.026 
73.5813 1337.53 50793.8 355.44 
52.4167 1319.52 52028.4 335.137 
39.3793 1433.98 53321.9 416.57 
73.0578 1075.8 50533.6 258.982 
101.983 2833.1 157024 -1079.93 
65.0219 1467.84 51985.1 347.357 
74.2146 1315.85 57261.8 353.629 
67.4069 1412.84 55490.5 372.503 
43.7618 1488.6 52306.6 421.8 
58.0634 1229.8 52667.6 320.612 
50.5851 1299.39 53321.1 357.738 
54.2618 1407.68 50350.9 414.375 
67.6522 1066.57 47095.2 266.153 
36.8741 1573.27 43225.1 478.704 
20.7468 1575.05 35240.7 456.796 
57.0478 1275.84 25673 315.996 
71.8703 1482.52 8769.11 -386.209 
0 0 8769.11 0 
0 0 8769.11 0 
38.9856 823.293 8334.07 170.818 
30.6797 609.168 25473.2 -169.15 
25.4727 1139.41 36745 188.966 
22.9279 474.09 45472.4 121.322 
28.6021 407.424 52060.3 107.578 
40.8184 502.28 50835.9 86.6112 
26.2188 465.728 56090.4 103.717 
20.3282 238.354 58188.9 112.626 
76.9276 -1807.8 52686.4 908.01 
61.7431 434.95 52686.4 61.7431 
9479.14 -1650.25 62188.3 9352.67 
27.7959 445.352 61260.3 131.604 
41.3041 1062.04 60354.2 133.339 
20045.5 10825.8 218184 50208.8 
38.7308 529.863 57330.4 -129.964 
40.8354 334.022 39990.8 73.1237 
25.1268 459.245 53870.4 111.886 
6.36315 127.426 53870.4 6.36315 
1422.1 -8947.01 53870.4 1422.1 
30.2778 475.714 40932.2 108.449 
36.8692 -491.799 40932.2 36.8692 
15.0971 1043.35 10091.9 143.538 
0 0 10091.9 0 
0 0 10091.9 0 
31.8677 2582.71 11334.9 969.652 
19.6201 1900.14 19363.4 361.988 
110.422 1469.66 32853 387.482 
32.5917 1665 39660.1 477.418 
75.4693 1422.05 45505.8 376.884 
24.2379 1591.18 47581.1 480.798 
76.6599 1297.5 48404.9 291.8 
77.0125 2601.14 123311 979.962 
102.199 1375.03 51893.7 293.328 
28.5166 1698.98 56525.5 497.57 
89.6894 1361.21 57102.3 336.361 
84.9953 1418.65 54762 357.586 
44.8235 2247.56 78045 685.084 
32.6632 1945.83 52975 499.486 
68.5784 1500.61 51767.1 404.874 
37.1443 1639.65 53785.1 471.116 
78.3235 1360.56 51071.6 348.222 
56.4003 1387.71 48207.4 380.612 
34.4685 1562.52 40461.7 521.292 
50.4424 1487.05 33076.5 505.163 
71.2369 1151.56 33076.5 71.2369 
139.098 1047.26 7878.6 358.494 
0 0 7878.6 0 
0 0 7878.6 0 
33.581 813.239 6923.28 138.871 
-115.294 1794.06 1370.88 -504.054 
43.0395 555.629 34459 128.901 
6.74472 -57.7898 34459 6.74472 
66.0617 528.919 28590.1 0.00769984 
31.5212 547.86 54248.2 120.032 
2.94128e+06 -7.25306e+06 1.32107e+08 1.08931e+07 
-4325.01 645.301 1.32107e+08 97.7058 
43.9497 506.044 54680 131.603 
23.8862 447.417 62593.8 155.15 
49.2801 1160.66 58323.7 124.053 
57.4796 585.977 52762.2 -0.000112648 
1264.45 -5563.43 42068.5 -601.737 
32.3398 520.104 58830.2 136.873 
35.6937 481.926 56779.9 134.092 
29.6026 495.525 59712.9 154.466 
41.4752 542.893 53030.2 111.247 
30.1955 440.519 48640.6 127.55 
8.45493 -26.9026 48640.6 8.45493 
304.175 -4377.83 48640.6 304.175 
83.8209 -786.508 48640.6 83.8209 
64.9217 594.973 7933.36 142.936 
0 0 7933.36 0 
0 0 7933.36 0 
84.8971 1494.37 6144.47 307.09 
88.2306 1238.17 19565.1 287.372 
65.941 1025.71 31021.7 297.341 
50.8108 1170.2 39674.1 351.857 
88.1499 1201.61 44597.8 334.007 
34.6612 1744.3 58065.1 548.815 
108.888 1185.99 52099.2 242.645 
114.984 1349.58 56583.3 331.108 
34.8165 1861.21 62983.7 515.738 
109.447 1461.8 55988.5 356.819 
60.7606 1448.05 58241.7 415.038 
64.8064 1520.23 58010.4 456.176 
73.339 1256.57 55955.4 314.405 
36.5882 1632.49 56616.5 515.361 
69.6145 1063.13 54946.2 248.002 
31.6818 1526.32 57337.7 486.43 
85.0849 1118.88 52358.7 306.091 
76.2541 1187.7 45668.6 320.613 
51.5895 2070.15 55754.9 594.816 
36.2016 2096.41 33154.8 490.449 
79.9252 1298.38 19468.1 247.53 
110.949 3200.23 21356.8 3325.18 
0 0 21356.8 0 
0 0 21356.8 0 
61.7915 1194.24 6204.2 178.124 
29.0596 653.065 20236.2 139.914 
21.0101 1010.16 32808.2 123.051 
30.483 534.967 43374.6 123.324 
38.6885 544.88 47784.4 112.191 
11.3104 -85.0316 47784.4 11.3104 
24.3959 728.922 52932.5 108.828 
32.8487 597.225 57478.4 155.652 
26.18 700.496 63920.2 236.343 
44.8296 710.745 57126 160.353 
20.215 428.153 65378.2 159.335 
31.2477 468.91 62214.3 132.304 
34.3579 760.859 59639.2 124.836 
37.4713 1158.17 64538 146.388 
30.6362 525.918 56110.3 128.23 
28.4824 1221.22 61670.7 147.452 
22.1377 362.594 51727.1 71.5294 
33.6885 958.164 48924.8 112.321 
21.0502 421.635 48596.6 113.987 
33.6701 1116.64 36012.1 142.798 
36.5508 848.296 21049.2 129.497 
20.3495 619.108 6153.11 105.972 
0 0 6153.11 0 
0 0 6153.11 0 
63.8133 1634.43 5802.17 697.619 
29.7689 1687.23 15932.7 364.106 
377748 -492212 2.47183e+07 1.50213e+06 
257147 746676 9.17043e+09 -12586.6 
41.6226 1578.26 44864.3 -480.09 
28.2409 1677.46 49984.5 481.894 
50.9207 1529.61 51001 449.698 
67.2208 1314.12 57937.6 370.894 
98.3597 1327.63 59306 362.127 
120.743 1535.04 58129.4 355.202 
61.4839 2358.15 93361.4 734.659 
93.8364 1622.52 57976.9 375.338 
27.0399 1757.34 55658.9 518.212 
82.6073 1360.9 56902.4 350.935 
41.4387 1683.4 54676.1 496.358 
41.0696 1627.09 51777.2 436.894 
37.8246 1704.11 47208.4 473.203 
31.8706 2121.23 53306.8 580.216 
23.7236 2088.07 38123.2 524.719 
81.5757 1487.02 29359.7 374.387 
32.3277 2005.68 18448.5 409.469 
41.1166 1584.26 5954.93 557.145 
0 0 5954.93 0 
0 0 5954.93 0 
42.9591 480.287 6271.93 141.289 
41.265 547.672 19627.2 127.782 
20.2184 1020.35 33713.6 186.111 
34.6095 583.436 42873.1 136.885 
29.2403 447.14 48884.9 107.509 
27.6978 534.611 55339.3 151.851 
33.5749 469.431 56324.3 116.401 
25.8359 1271.78 60213.7 133.071 
66.815 473.972 58409.8 44.6335 
28.4591 1169.93 58208.9 125.29 
22.7253 1062.54 70181.8 140.743 
34.6379 988.998 61832.4 112.303 
2.51829e+06 559024 2.42114e+07 4.54625e+06 
-1319.14 506.312 2.42114e+07 89.7052 
13.0312 289.479 2.42114e+07 13.0312 
8.43181 631.26 84090.5 250.262 
43.3097 585.015 54315.9 140.698 
22.3121 417.664 50527.5 132.055 
42.1728 430.538 42392.1 79.6276 
2.21502 161.435 42392.1 2.21502 
19.6899 844.769 21227.6 118.441 
32.297 674.575 6730.37 119.017 
0 0 6730.37 0 
0 0 6730.37 0 
113.896 1307.4 5944.28 308.622 
69.0504 1335.13 18246.6 250.884 
26.4816 1613.77 31411.9 402.152 
57.0777 1008.56 38353.1 271.771 
57.3887 1081.09 47320.4 305.684 
44.3979 1256.28 52638.2 386.921 
70.4059 1110.76 55521.5 292.7 
64.0894 1153.17 56872.4 316.164 
64.7753 1267.97 58764.4 329.773 
93.5529 1360.79 56798.2 316.502 
29.3196 1812.84 65745.1 473.655 
130.236 1380.95 60381 336.084 
87.1884 1254.65 58301.8 323.876 
51.0922 1398.7 57193.6 382.148 
75.8898 1407.88 57070.3 363.437 
27.2781 1552.54 53277.9 447.076 
46.9268 1276.43 51519.6 365.931 
65.2009 1034.97 46501.4 253.398 
24.8814 1570.96 42643.4 392.616 
54.9924 1298.49 30344.7 319.864 
74.3275 1333.95 18730.2 281.945 
161.671 1321.97 5424.35 212.692 
0 0 5424.35 0 
0 0 5424.35 0 
36.7191 551.774 5924.32 92.5234 
11.7831 595.916 19501.9 101.197 
15.1475 577.481 34189.2 153.716 
20.4158 -139.069 34189.2 20.4158 
15.7227 374.984 49706.1 107.766 
28.4353 682.258 55218.9 177.331 
13.4669 -53.7164 55218.9 13.4669 
36.3921 432.301 58510.4 81.6408 
24.1273 420.122 61981 81.9879 
69.8716 -654.662 61981 69.8716 
28.6482 543.304 69277.9 152.722 
13.215 133.746 69277.9 13.215 
28.0344 335.233 59732.5 75.2476 
26.251 484.041 61662.8 120.41 
24.4792 477.989 61244.8 110.686 
3.19449 288.627 61244.8 3.19449 
63.7853 -626.469 61244.8 63.7853 
25.0603 168.866 61244.8 25.0603 
5.83578 71.757 61244.8 5.83578 
6.34077 -5.94519 61244.8 6.34077 
14.4471 -190.366 61244.8 14.4471 
20.891 1515.86 5924.57 128.432 
0 0 5924.57 0 
0.218306 323.408 2925.16 0.218755 
129.574 1181.14 5909.66 171.553 
25.6743 1740.11 17335.8 323.797 
54.7994 1363.43 32805.1 321.46 
64.0409 1244.12 40615 297.641 
24.9744 1490.17 46496.9 450.534 
37.7887 1327.49 51722.5 -396.465 
75.8068 1151.42 54387.2 300.009 
33.7443 1254.41 55957.5 355.33 
66.4945 1149.3 58804.8 284.052 
38.8456 1451.45 59488.1 400.191 
72.8967 1292.3 57235.8 373.664 
51.0783 1262.67 59469 362.554 
80.2218 1107.02 59165.7 278.375 
71.348 1335.19 55272.4 316.058 
31.7664 1900.01 64941.1 537.59 
96.2333 1314.8 51679.4 291.975 
39.6824 1524.75 49839.3 429.143 
19.4638 1502.6 42347.3 405.448 
61.0552 1438.27 36560.9 328.177 
59.7759 440.23 36560.9 59.7759 
74.5929 1453.37 18041.8 272.38 
38.8381 5624.26 202971 1541.85 
0 0 202971 0 
0 0 202971 0 
52.6167 -1740.7 202971 52.6167 
57.2095 -753.308 202971 57.2095 
21.214 539.968 34839.7 114.071 
28.4378 273.287 42759.6 104.482 
33.2573 523.514 50930.8 127.508 
17.7837 1107.46 54631.2 137.084 
28.7411 461.998 57300 106.504 
36.4921 716.687 59758.3 151.328 
47.2706 -487.171 59758.3 47.2706 
16.9908 439.817 63509.7 109.783 
24.8831 448.59 60690.5 99.9654 
32.615 1038.3 62890.2 129.928 
42.6308 450.72 57429 66.0584 
27.1173 481.487 58313.5 113.232 
20.7573 504.333 63351.1 137.783 
52.2935 -5317.71 68444.7 3041.34 
12.0201 -1288.98 151611 730.982 
30.3144 496.535 47349.6 114.82 
26.622 617.25 39471 126.57 
12.3861 553.701 38298.4 191.255 
1152.57 -6926.79 38298.4 1152.57 
17.6459 980.307 7257.68 101.23 
0 0 7257.68 0 
0 0 7257.68 0 
1428.83 10471.5 2.07723e+06 -2761.01 
85.7022 1484.99 20978 376.164 
83.1915 1547.56 32406.8 403.874 
32.9529 2287.22 50820.3 724.325 
84.7661 1663.01 46502.7 451.427 
42.7971 1730.72 48748.6 531.325 
151.517 1483.66 52913.1 381.149 
58.8648 2103.32 73210.9 700.414 
131.986 1258.48 53062.7 339.737 
130.943 1483.17 56474.4 397.294 
107.793 2835.35 132866 997.554 
132.033 1455.05 56034.1 331.322 
142.342 1641.72 56114 431.618 
108.618 2739.73 119099 932.459 
37.2744 1725.63 49948.4 484.752 
136.641 1382.07 52394.9 336.028 
67.9074 5015.28 671681 1703.99 
98.928 1544.52 46255.4 -417.074 
144.478 1333.1 42361.3 400.016 
80.0836 2975.88 101509 -964.021 
19.6255 1662.18 18476.2 -440.29 
2680.23 16771 3.09341e+07 3368.33 
0 0 3.09341e+07 0 
0 0 3.09341e+07 0 
-2.44667 859.942 3.09341e+07 68.4022 
35.368 590.25 23116.6 157.901 
28.2284 604.761 34847.1 142.053 
32.1567 586.126 45735 193.546 
24.6197 541.553 49236 125.915 
33.3744 399.556 54262.8 134.25 
47.3061 453.477 50806.6 54.7307 
44.139 1860.2 66339.4 211.97 
42.3128 433.252 54744.9 98.4612 
44.9123 1392.76 57571.1 167.142 
29.1994 431.945 66735.9 132.304 
31.974 309.393 55857.2 132.419 
45.4491 1063.31 56130.5 182.769 
45.945 596.386 61709 202.996 
48.9627 511.892 57298.3 111.139 
45.8791 1319.12 52824.8 145.131 
20.6532 722.758 59997.6 161.534 
46.6269 1113.74 48663.5 188.098 
44.3589 573.176 42161.1 159.163 
25.1703 796.88 39807.9 196.681 
35.5949 1002.03 22182.4 125.822 
48.7349 783.499 7625.33 146.761 
0 0 7625.33 0 
0 0 7625.33 0 
3.73097 1634.24 7625.33 3.73097 
23.7657 1696.89 20964 426.855 
20.6651 1570.72 33900 436.217 
64.7972 1342.76 42819.9 329.619 
21.9653 1674.77 45538.2 488.765 
70.0213 1447.91 49390.1 388.444 
63.3925 1434.94 54133.8 418.443 
105.662 1323.13 56260.5 347.672 
34.3903 1460.8 53386.1 432.565 
51.8188 1482.11 55104 422.166 
64.657 1466.33 55958.9 402.966 
114.05 1412.08 56298.1 315.302 
52.1996 2237.56 80599.3 700.919 
101.994 1525.78 52469.4 365.987 
54.0655 1557.86 50345.3 435.41 
35.7276 1741.7 49868.8 519.19 
104.973 1436.56 46677.7 316.438 
320.582 4932.59 898874 1504.64 
135.018 1571.09 39274.3 -302.931 
52.2065 2481.68 61412.5 754.503 
74.8043 1425.56 23898.7 311.173 
101.395 1376.73 10708.1 293.462 
0 0 10708.1 0 
0 0 10708.1 0 
73.1546 -2556.73 10708.1 73.1546 
17.1107 911.512 25470 101.659 
203.682 -4193.32 25470 203.682 
47.585 -464.33 25470 47.585 
262.429 -4171.78 25470 262.429 
4.93837 137.465 25470 4.93837 
28.0802 386.309 54365.2 91.9767 
28.3451 459.663 56910 91.8042 
42.3568 465.621 55817.8 84.2954 
16.3285 345.806 66085.7 112.432 
6.98766 111.342 66085.7 6.98766 
11.543 -33.0027 66085.7 11.543 
25.2193 490.854 65070.4 137.346 
26.8079 449.66 54873.6 91.5207 
29.7203 446.408 55148.4 110.373 
6.88229 337.677 71010.8 182.27 
25.6998 319.579 47387.7 128.298 
36.206 458.214 49872.8 83.5971 
32.7276 498.061 40153.9 103.046 
26.1721 -73.3263 40153.9 26.1721 
62.1086 389.632 25939.7 0.00324279 
30.5282 335.991 12189.7 83.1514 
0 0 12189.7 0 
0 0 12189.7 0 
38.8713 2042.2 15585.6 598.456 
26.1267 1685.31 28412 470.389 
70.092 1378.6 37187.7 308.541 
22.1593 1766.15 42272 371.72 
20.5206 2072.58 42774 495.581 
17.3729 2040.46 48959.1 449.311 
24.1218 2071.19 45291.5 469.8 
33.1629 2205.52 54466.8 539.801 
59.3618 2109.62 66928 639.142 
100.025 1220.68 49494.7 270.457 
26.8307 1701.1 52846 442.16 
55.0568 2222.69 73985.1 668.092 
110.529 1419.24 53449.2 317.099 
26.7261 1710.43 51371.3 502.444 
81.1073 1259.35 51485 299.611 
89.3666 1451.3 50886.1 392.81 
25.8884 1972.17 52677.4 489.456 
25.8341 1891.16 44623 437.888 
77.2277 1472.81 42650.2 375.766 
25.9806 1426.64 36176.7 413.539 
57.3555 1308.56 27458.9 348.895 
22.8286 2379.08 18213.2 757.74 
0 0 18213.2 0 
0 0 18213.2 0 
3121.51 1092.61 20356.5 3009.22 
85.8034 3674.27 13854.3 3625.52 
6.90201 634.72 36932.5 168.244 
41.5107 539.295 44574.6 129.953 
34.572 467.864 48787.6 152.126 
27.0745 398.635 56880.9 166.783 
32.774 52.9278 56880.9 32.774 
31.0136 499.141 54298.7 149.069 
41.4548 547.021 59297.9 184.942 
40.8808 802.757 51967.6 121.763 
38.6807 1327.5 58320.5 186.505 
28.8721 514.687 63438.8 174.014 
73.2632 -1805.08 63438.8 73.2632 
45.5455 435.479 56361.6 60.7126 
50.9743 548.968 52764.8 121.557 
34.3566 1017.5 52807.5 148.98 
31.805 470.781 49455.6 125.392 
35.6023 1165.94 50383.7 169.435 
44.3807 529.276 45652.8 142.685 
35.3831 533.467 40883 142.183 
51.2581 425.193 40883 51.2581 
13.6482 597.909 14099.3 199.403 
0 0 14099.3 0 
0.217109 306.913 1256.25 0.221916 
27.3663 2307.51 28196 840.831 
28.8893 1713.54 31982.4 454.195 
41.5454 1814.74 36028.1 493.447 
64.7229 1584.25 39184.5 397.457 
43.9714 1867.77 41329.5 454.03 
195.599 4182.89 447710 1323.67 
99.6759 1596.84 47885.3 387.498 
19.6574 1792.92 49264 561.968 
27.3577 1730.11 48429.6 507.8 
95.0422 1539.69 52116.7 446.678 
46.6886 1704.42 51265.8 502.064 
97.8608 1559.6 52384.6 392.651 
50.0997 2134.47 69607 690.823 
89.9323 1298.72 46977 346.734 
36.25 1518.1 47085.9 440.304 
44.3734 2061.98 54861.8 649.007 
39.3666 1615.36 40906.3 431.212 
25.0923 1737.09 35628.3 477.298 
66.1489 2371.81 63217.3 750.517 
67.6302 1512.1 30831.4 337.12 
479.965 10809.5 6.46332e+07 2460.86 
39.5102 2036.29 21608.3 425.477 
0 0 21608.3 0 
0 0 21608.3 0 
32.9458 829.857 22354.5 246.19 
43.1928 1501.96 36129.9 224.351 
54.4404 941.666 41962.4 269.637 
40.1505 1364.65 41683.9 239.626 
49.3829 1249.87 46500.6 183.652 
26.793 946.831 51712.4 294.162 
64.4634 939.42 50807.6 211.829 
44.0716 900.084 53120.7 232.01 
28.5911 922.487 52510.6 258.525 
60.4603 779.316 54980.7 224.718 
43.9701 1461.84 53915.1 277.608 
48.7637 754.607 53917.3 232.09 
15.5041 1459.97 57452.7 317.765 
49.2862 989.934 48249 243.38 
55.3422 743.031 51562.6 218.253 
27.6263 820.496 49865 246.708 
58.168 1344.95 45780.9 190.415 
44.8553 1336.27 42886.4 188.91 
29.1673 705.13 43705.8 191.448 
52.6913 1371.78 33238.3 166.147 
24.228 1300.54 36325 295.285 
9.37775 339.122 36325 9.37775 
0 0 36325 0 
0 0 36325 0 
15.641 1653.45 35854.6 496.526 
69.0162 1364.8 29923.8 -333.058 
33.6036 2074.09 50106.3 710.483 
95.6632 1333.3 37631.8 314.253 
41.3694 1543.52 42635 489.619 
83.605 1130.07 43922.2 342.181 
58.5606 1325.16 44233.7 375.03 
22.5503 1861.18 51995.1 543.944 
87.8049 1475.21 49835.9 389.868 
63.6285 1211.32 49379.1 352.324 
72.9004 1204.86 48512.8 367.971 
46.0655 1411.22 50351.5 420.512 
62.1714 1377.47 50424.6 381.328 
61.7763 1388.77 48479.8 389.472 
59.7456 1494.32 45661.4 387.904 
49.8116 3710.16 232049 1489.43 
80.0199 1321.64 42691.9 328.974 
36.0622 1389.83 42004.9 417.242 
51.7736 1552.11 39066.4 423.384 
114.962 1409.18 36393.2 322.54 
34.2215 1772.81 32767.1 501.468 
25.6165 1567.27 29103.8 520.636 
0 0 29103.8 0 
0 0 29103.8 0 
24.8291 1545.18 35913.5 525.907 
95.2053 1346.97 30896.4 253.855 
31.0116 1207.17 39004.7 428.678 
79.3543 1416.49 35426.4 321.111 
31.6714 1352.35 42970.3 450.668 
78.1182 1453.17 43104.8 366.425 
30.3421 1568.1 41653.3 416.175 
27.8973 1328.09 48197.2 457.722 
54.6992 1312.45 48720.9 378.862 
40.7948 2182.79 48603.7 484.162 
86.8087 1407.88 49035 406.453 
50.8914 1351.51 51214.6 418.935 
35.0099 1509.88 48293.9 419.716 
81.3862 1347.31 49748.4 359.447 
85.8931 1394.33 47113.9 350.83 
270.246 5966.18 1.30268e+06 -1959.73 
62.0613 1090.85 42980.9 247.947 
39.5157 1716.1 40666.4 529.045 
40.9914 1925.31 39507.9 529.256 
44.7156 1707.85 33966.8 311.707 
29.2301 1448.85 31843.5 466.252 
26.7037 1767.83 31595.5 748.889 
0 0 31595.5 0 
