147.37  2.10787 
65.8696  1.9517 
-83.2073  2.03907 
154.691  8.05608 
65.723  7.44627 
-107.617  7.38361 
160.136  8.42682 
105.23  7.75568 
-139.957  7.5594 
169.622  8.21444 
21.9672  7.89091 
-139.449  9.44088 
117.56  8.23464 
136.447  7.76048 
-101.822  7.69137 
114.503  8.05128 
111.586  7.32246 
-58.912  7.36805 
115.217  7.77342 
5.56841  7.30073 
-98.5299  7.43598 
111.761  7.60024 
71.9317  7.89674 
-150.506  8.05441 
97.1665  7.51084 
53.1229  7.53109 
-85.1978  6.68512 
109.998  7.80389 
46.4286  7.04615 
-96.766  7.55024 
118.133  7.51327 
53.5876  7.28792 
-110.999  7.39139 
17.0589  7.2619 
30.5957  7.22223 
-150.371  7.18738 
104.666  7.49509 
75.8963  7.1197 
-186.215  7.55479 
92.3267  7.30835 
65.5595  7.44979 
-173.159  7.75166 
58.5853  7.36098 
21.3814  7.45409 
-258.474  7.37636 
-16.4396  7.85111 
61.832  7.60653 
-224.223  10.067 
-19.3923  7.5287 
74.5301  7.64454 
-252.698  7.68178 
22.2177  7.39326 
67.2021  7.31522 
-212.19  9.18372 
33.3621  7.9295 
53.0047  7.55237 
-211.751  8.04663 
-31.3977  7.87944 
80.7193  7.35986 
-263.118  7.60925 
50.6705  7.96602 
92.3443  7.57383 
-258.852  11.5651 
-44.4581  7.93097 
28.9951  7.71268 
-209.35  8.5608 
-32.9376  8.15184 
84.3471  7.61907 
-181.429  8.18497 
-66.8313  2.07716 
91.0669  1.82236 
-209.035  2.09592 
1.44172  1.86186 
-134.177  1.87997 
7.32624  1.88626 
-46.0359  7.17069 
-120.447  7.09532 
-21.696  7.19934 
10.9172  7.69192 
-159.896  7.75621 
-26.5569  7.596 
-0.78631  6.64164 
-120.726  7.17302 
-38.7789  7.75372 
30.5456  6.90447 
-63.7025  7.35439 
1.07125  7.16746 
86.7547  6.70969 
-57.9669  7.04445 
-46.5935  7.14999 
43.0073  6.93723 
-91.6433  7.42193 
-26.2805  8.0467 
52.9744  6.54931 
-156.639  7.26356 
-1.13719  6.95561 
17.6443  6.83688 
-101.7  7.22462 
5.70793  7.01266 
-31.5999  7.20786 
-119.178  6.91326 
-32.4538  7.66253 
-6.30486  6.75214 
-85.5047  7.223 
-2.2175  7.20512 
-28.1366  6.96799 
-65.9505  7.28113 
-10.785  6.69511 
-50.5708  7.15015 
3.221  6.54685 
-21.7999  8.66543 
-28.8483  7.1767 
-77.7987  7.0601 
-0.072034  6.78258 
-33.3136  7.49658 
-46.9505  7.12636 
29.2837  6.84486 
-131.634  7.46801 
-89.1508  7.32716 
-14.5267  8.82569 
-36.0592  7.41285 
-103.885  7.25776 
-47.6891  7.06336 
-16.5318  7.57749 
-51.7742  7.24399 
-29.0035  7.24809 
-67.8447  7.62449 
-20.6066  9.1887 
50.6987  7.8288 
-30.7524  7.46786 
-61.4219  7.17199 
-37.3823  7.10143 
-15.0031  7.85611 
-45.5083  7.33862 
21.0183  7.23222 
-93.5648  8.26048 
-50.453  7.32263 
-40.4101  7.35668 
-131.438  8.27219 
-64.913  7.44106 
-99.5715  9.23223 
-79.937  2.24958 
-9.70627  1.84018 
-4.1025  2.03225 
3.52517  1.92666 
-76.0225  1.97355 
34.702  1.8759 
-16.7832  7.25488 
-4.98573  6.9952 
37.0941  7.56604 
44.7355  7.15179 
16.5157  7.93272 
32.1323  7.45097 
12.3106  7.35974 
-3.90627  7.05731 
53.0836  7.49466 
38.4681  7.20565 
11.4928  7.14063 
22.9295  7.45476 
95.0713  7.13596 
24.806  7.08376 
23.3737  7.31176 
123.599  6.79612 
38.2868  6.99101 
76.5253  7.11584 
74.512  7.12223 
-42.5096  7.04076 
-16.1524  7.19395 
65.4508  7.19609 
-7.80822  7.39679 
24.9892  7.50232 
95.1727  6.81738 
-0.280159  6.57046 
-2.86783  6.79167 
77.0021  6.91918 
-41.738  6.90737 
45.5092  6.89492 
71.2568  6.90184 
-129.051  6.94928 
80.8757  6.83298 
93.1078  7.12961 
-67.6179  6.83762 
85.2966  6.98126 
36.1134  7.26354 
-45.5778  7.03089 
23.3771  6.91938 
116.735  7.35514 
-95.8648  7.25785 
47.4058  6.93367 
65.5978  7.19986 
-123.279  7.18399 
26.0432  7.38044 
70.6853  7.53005 
-137.547  7.23 
-1.35223  6.95193 
87.7231  7.61621 
-112.007  7.32739 
3.16091  6.55971 
64.2782  8.00528 
-87.7909  7.31824 
18.0434  6.94965 
-2.81166  7.37767 
-91.341  7.4039 
22.6272  7.03544 
113.902  7.55824 
-105.44  7.23879 
17.3724  7.58159 
154.121  7.95815 
-45.8443  7.46405 
2.06489  6.71386 
71.2518  7.80769 
-20.8999  7.61061 
38.8552  7.08819 
110.141  2.16078 
-69.4577  2.01929 
27.8604  1.90147 
-54.7666  2.20626 
33.4762  2.15501 
-23.1449  1.91568 
-54.2295  7.83311 
103.314  7.41479 
-17.3842  7.39644 
-141.119  8.3675 
86.4322  7.76198 
-5.8867  7.4776 
-103.577  8.04782 
40.0107  7.2745 
21.2913  7.47795 
-89.087  8.30953 
58.303  7.62989 
-21.4773  7.67515 
-79.4321  8.03176 
9.64087  7.43866 
-66.0878  7.25099 
-189.399  8.15591 
66.579  7.55778 
-59.9432  7.30659 
-112.533  7.60885 
3.92823  7.05672 
-53.6481  7.28345 
-159.062  7.93887 
17.5613  7.45278 
-4.17012  7.08725 
-129.912  7.97133 
37.3036  7.34597 
-9.9537  7.65303 
-122.089  8.1514 
93.8014  7.37497 
-22.0687  7.40272 
-152.141  7.64913 
139.04  6.89806 
-86.5949  7.42368 
-131.825  7.63155 
46.5938  6.96992 
-31.2754  7.33655 
-109.319  7.68912 
158.073  7.17364 
-31.3895  7.34887 
-121.208  7.41357 
117.476  7.02053 
-13.8522  7.27002 
-106.624  7.74664 
54.0977  7.16137 
-50.8055  7.28347 
-25.5037  7.47438 
2.9591  7.11256 
19.1  7.55612 
0.326898  7.15109 
70.2498  7.55508 
10.0836  7.62191 
-14.2981  7.95926 
48.1164  7.25577 
43.689  7.635 
26.8894  7.78749 
66.3643  7.39901 
10.6294  7.55853 
-79.8971  7.66402 
2.70499  7.4765 
-23.5216  7.70164 
9.55047  7.66776 
48.214  8.08925 
-68.5847  7.91999 
-19.8134  7.87393 
44.8041  7.60461 
-75.2343  7.63848 
38.8309  1.88045 
46.5902  2.15963 
-7.2274  1.90975 
-30.1124  1.87263 
156.359  1.82926 
20.0504  1.9254 
41.5978  8.02956 
123.185  7.65573 
-8.0561  7.56499 
-11.728  7.34751 
99.6611  7.15106 
12.5123  7.41395 
-26.4169  7.97167 
169.798  7.62654 
5.73911  7.29795 
-23.0363  7.65873 
159.214  7.5016 
-8.83516  7.66182 
-54.771  7.63684 
131.413  7.49396 
-25.4338  7.6824 
-46.8865  7.47879 
178.091  7.48169 
40.5004  7.24747 
-12.3972  7.65623 
115.356  7.39571 
-7.22183  7.31802 
-69.1278  7.66112 
152.004  7.15228 
39.731  7.56944 
-6.51124  7.37868 
151.5  7.1209 
79.599  7.2719 
-128.474  7.77717 
134.942  7.1057 
22.914  7.13161 
-48.5082  7.5296 
158.003  7.26861 
56.0997  7.05754 
-82.897  7.2052 
103.711  7.10424 
0.893097  7.05995 
-74.4075  7.25941 
167.267  7.17945 
17.0246  8.01752 
-122.601  7.3122 
136.034  7.24875 
15.6773  7.20974 
-67.7717  7.2768 
145.592  7.21697 
-0.156011  7.04241 
-43.6664  7.52186 
111.631  6.99808 
24.4016  7.71982 
-92.4848  7.74721 
118.411  7.4013 
0.86983  7.24305 
-84.0733  7.47661 
122.81  7.45089 
74.9176  7.96745 
-74.873  7.46103 
59.5846  7.57834 
-16.6704  7.70403 
-112.665  7.57 
25.6192  7.7622 
-71.1609  7.70105 
-101.045  7.74409 
79.3442  7.60615 
-63.3069  7.74043 
-169.625  7.75024 
67.2678  7.79246 
-44.9357  7.85889 
-135.832  1.91598 
24.9286  1.9115 
-133.767  1.9387 
-46.3732  1.93029 
-124.041  1.86148 
-102.017  1.85895 
-50.5449  7.30541 
-204.871  7.36397 
-83.9724  7.75573 
10.0841  6.8183 
-158.817  7.57204 
-50.9437  7.29612 
-46.2544  6.94713 
-211.039  7.50411 
-144.394  7.53392 
-52.1648  6.90506 
-146.973  7.30387 
-37.5933  7.39187 
-81.834  6.86887 
-107.984  7.4352 
-57.0317  7.7502 
-73.3889  6.93188 
-206.572  7.26742 
5.58806  7.10396 
-31.2634  6.85117 
-194.197  7.3712 
-16.0292  7.15075 
-56.5052  6.48621 
-195.085  7.13448 
-9.07089  6.9098 
-62.0933  6.84727 
-84.0855  7.19216 
-43.0887  7.2344 
-83.8789  7.51438 
-118.467  6.91806 
-57.4059  7.10554 
-0.0236567  6.72754 
-110.233  6.87241 
-30.9322  7.18961 
-61.6684  7.08701 
-145.346  6.95858 
19.3277  6.94893 
-25.8966  7.00299 
-97.714  7.16749 
-70.9336  6.98832 
-81.8445  7.03962 
-104.906  6.97872 
-71.1255  6.7954 
-34.3617  7.24772 
-37.829  7.11581 
-35.1424  6.86249 
-94.6525  7.18917 
-83.0728  7.32835 
17.9567  7.53816 
-42.0759  6.87513 
-110.364  7.24618 
-2.43281  6.64513 
-110.323  7.22687 
-103.703  7.34494 
-13.2928  7.29867 
-37.2952  7.56303 
-83.804  7.39441 
-7.76443  7.44871 
-53.9187  7.07253 
-52.8136  7.10104 
7.88823  6.93122 
-104.634  7.48625 
-78.7355  7.28442 
-17.8853  7.80152 
-147.999  7.75715 
-69.6839  7.51837 
2.41917  7.04811 
-178.293  2.12485 
-114.389  2.08482 
-45.7363  1.9888 
-63.5528  2.00386 
-133.251  1.87028 
6.31141  1.91383 
-156.17  7.44907 
-64.9889  7.7875 
-18.4619  7.49708 
-92.1931  7.61854 
-5.63727  6.91439 
13.2213  7.58027 
-74.8565  7.51325 
-116.94  7.13356 
19.0488  7.55527 
-48.8047  7.35518 
-47.8075  7.19384 
21.6634  8.34027 
-100.216  7.39459 
-54.0183  7.11798 
-1.64386  6.85476 
-42.4982  7.23766 
-73.8144  6.87116 
-24.016  7.32121 
-81.3746  7.23025 
-16.1034  7.27011 
4.36923  6.93436 
-58.7799  7.45267 
-18.8868  6.81684 
61.73  7.07289 
-1.83198  6.54576 
-13.2949  6.97201 
37.6873  7.07874 
-27.3155  7.17899 
57.4213  6.99967 
42.9642  7.02578 
-54.5745  7.25819 
-28.0542  7.22728 
50.9538  7.03775 
-92.9266  7.40278 
6.17196  7.14626 
83.265  6.90475 
-64.4536  7.37316 
-3.22438  6.59184 
77.6869  6.88745 
-8.04513  7.10045 
21.9086  6.93947 
105.623  6.79965 
-32.4261  7.55445 
-25.5883  6.9083 
83.9425  6.76201 
26.3802  7.89686 
-28.1873  7.08235 
17.0589  7.2303 
4.79466  7.19243 
-26.4628  6.97871 
69.7364  6.88885 
26.5035  7.04187 
-23.0488  6.72361 
25.9881  6.92064 
-20.8188  7.96578 
15.9092  7.22335 
79.1789  7.16404 
-4.91588  6.87925 
-25.8041  7.00342 
27.097  7.97995 
17.5958  7.72935 
8.75938  7.2485 
34.0158  7.34555 
47.2936  7.79211 
42.9406  7.36212 
28.2704  7.46622 
26.0517  1.90114 
22.647  1.89798 
-9.83519  1.83881 
139.428  1.78895 
177.646  1.95923 
165.286  1.90011 
142.557  7.59405 
138.605  7.62799 
150.002  7.53033 
184.336  7.69724 
106.198  7.47075 
190.379  7.55461 
143.746  7.70411 
131.665  7.5585 
167.769  7.40736 
173.184  7.58312 
136.29  7.71207 
160.944  7.50547 
155.4  7.57261 
57.4827  7.69665 
244.945  7.30723 
102.639  7.74424 
81.5921  7.50791 
91.5844  7.50932 
108.529  7.44972 
68.3142  7.2426 
183.152  7.11416 
129.405  7.4911 
99.6715  7.5173 
197.279  7.28639 
120.232  7.40716 
59.5257  7.32158 
76.2944  7.4165 
43.2367  7.30388 
94.0237  7.48246 
130.668  7.31631 
92.6054  7.47284 
25.1707  7.47693 
171.486  7.1186 
120.583  7.38271 
65.4533  7.38438 
61.1364  7.21714 
77.7505  7.37374 
-23.9473  7.47914 
105.715  7.43188 
47.4249  7.31611 
66.3593  7.56806 
93.8952  7.46015 
53.8427  6.96488 
85.4944  7.17837 
-1.95898  7.10319 
46.3408  7.28589 
65.9264  7.5318 
73.7609  7.97409 
10.2019  7.33414 
-6.00931  7.41997 
89.2701  7.48625 
59.2634  7.61115 
91.1448  7.87841 
22.9488  7.74298 
10.9591  7.61341 
64.3488  7.76227 
43.188  7.52379 
1.07541  7.59554 
-14.2757  7.58492 
31.7429  7.88062 
-40.3027  8.0738 
43.5536  7.69635 
40.5455  7.77892 
-49.7921  7.90132 
49.9087  7.87197 
57.4473  7.87388 
-45.3864  1.87106 
37.3751  1.84163 
-15.2485  2.1269 
-43.1649  1.83945 
-99.2313  1.86194 
-66.5652  1.97477 
39.282  7.13506 
-166.811  6.79121 
-13.3423  6.88798 
90.8904  6.82057 
-108.633  6.93955 
10.9643  6.68039 
43.8046  6.94833 
-139.777  7.36902 
-44.9222  6.62587 
94.8841  7.36688 
-127.805  7.14124 
-113.256  6.80469 
0.485503  6.66448 
-141.326  6.91475 
-72.5195  6.55331 
41.5093  6.79881 
-163.972  6.92611 
-74.2183  6.63155 
35.1249  6.67163 
-128.517  7.05638 
-63.4074  6.5651 
91.8528  6.69776 
-125.091  6.66726 
-59.5024  6.20287 
-49.0574  6.87666 
-47.301  6.53098 
-68.8372  6.34267 
24.1951  6.77697 
-80.3479  6.77849 
-80.6109  6.52845 
7.07067  6.47546 
-69.5071  6.54764 
-43.1773  6.67623 
49.3911  6.7872 
-60.9956  6.53143 
-34.2129  6.71957 
41.5163  6.49612 
-119.05  6.38494 
-89.6161  6.5906 
91.7298  6.76067 
-104.367  6.47873 
-38.7981  6.58288 
8.5479  6.60252 
-106.371  6.78293 
-65.3225  6.39894 
52.1793  6.66315 
-99.6299  6.70395 
-35.3611  6.80983 
52.0394  6.84861 
-97.0302  6.94062 
21.8937  6.76985 
60.044  6.76651 
-89.4766  6.8319 
-104.552  6.98545 
5.85249  6.35276 
-64.1244  6.63608 
-8.19345  6.79984 
48.7617  7.0495 
-75.5012  6.89411 
-117.84  6.93668 
29.2253  7.05602 
11.7307  6.90739 
-76.5948  7.15061 
48.3289  7.3253 
-83.7252  7.07444 
-36.3172  7.12339 
93.597  2.10328 
-73.7554  1.96131 
-21.6234  1.76969 
-137.36  1.98965 
-209.032  2.18542 
-80.1072  2.17508 
-121.936  7.17199 
-182.937  6.91861 
-119.679  6.91849 
-87.4145  7.34479 
-136.059  6.90012 
-181.976  6.77187 
-65.2707  6.98403 
-174.149  7.04958 
-137.17  6.86612 
-92.339  7.09741 
-152.459  6.83612 
-96.4342  6.9122 
-42.9122  6.75198 
-194.3  6.79263 
-121.773  6.69411 
-98.944  6.82185 
-166.13  6.8628 
-138.541  6.85654 
-102.984  6.61657 
-72.4765  6.59671 
-87.583  6.73126 
-86.7133  6.63269 
-91.8984  6.26823 
-95.1353  6.51628 
-91.1522  6.64628 
-44.1026  6.35989 
-185.134  6.70784 
-61.4613  6.58937 
-109.885  6.49867 
-187.185  6.78209 
-87.3567  6.70965 
-41.1893  6.20645 
-126.259  6.67882 
-181.271  6.61412 
-15.6628  6.50474 
-151.754  6.63606 
-102.17  6.88532 
-76.8012  6.50256 
-124.854  6.48015 
-109.267  6.60111 
-111.273  6.0224 
-219.602  6.58095 
-142.473  6.94726 
11.1707  6.53123 
-198.919  6.48639 
-132.334  6.94783 
-49.8826  6.43996 
-221.263  6.65092 
-160.143  7.09397 
-23.0383  6.64811 
-160.896  6.57502 
-209.532  7.06303 
-117.013  6.67461 
-176.287  6.53043 
-164.385  6.96564 
-108.289  6.80261 
-179.876  6.66022 
-68.3401  7.10569 
-98.0892  6.95872 
-244.907  6.78263 
-122.587  7.07872 
-104.674  6.87268 
-121.261  6.60746 
-179.543  7.39841 
-36.1523  6.9598 
-149.333  7.0264 
-133.367  1.90664 
-123.506  1.84377 
-201.621  1.79629 
217.333  2.14296 
-9.46618  1.8904 
-41.8108  1.94408 
252.895  6.97802 
-126.479  6.74886 
-38.6896  6.56638 
219.908  7.32568 
-13.3807  7.20459 
-30.7037  6.99158 
179.082  6.85176 
41.0248  6.51656 
10.993  6.49622 
126.652  7.15816 
25.9427  6.68295 
49.1641  6.76173 
209.899  7.02345 
-74.559  6.46804 
28.1918  6.33877 
126.732  7.07538 
31.7119  6.66144 
30.0193  6.83134 
60.5872  6.9776 
35.5037  6.20281 
-14.4634  6.63716 
99.5926  6.77353 
13.0342  6.56184 
32.684  6.58138 
57.6603  6.71006 
47.0109  6.2218 
-22.3071  6.37023 
73.1985  7.042 
24.8375  6.37753 
-3.92663  6.47978 
-12.8796  7.04283 
31.9849  6.38896 
54.4513  6.85143 
24.4142  7.10466 
71.2205  6.22065 
-20.2052  6.59786 
41.0172  7.06859 
80.9716  6.2677 
67.1693  6.23546 
33.5254  7.15257 
44.867  6.57987 
-45.9492  6.49774 
-59.9382  7.15659 
30.3577  6.42969 
55.4296  6.26122 
-104.005  7.5047 
137.834  6.44199 
72.122  6.37273 
-84.6918  7.24137 
91.687  6.23161 
-1.22698  6.07646 
-144.557  7.49949 
79.7675  6.68368 
-6.90972  6.71987 
-214.257  7.37496 
-40.1878  6.55726 
86.1587  6.6836 
-113.988  7.77879 
35.5112  6.70318 
-28.0809  6.51098 
-214.385  7.47464 
12.7723  6.74689 
11.4278  6.52631 
-206.464  7.32514 
-31.9854  6.43124 
41.6611  6.42311 
-167.15  1.90341 
0.191893  1.91834 
8.72566  2.02768 
-6.27581  1.94808 
-155.459  2.00902 
-69.2589  1.93331 
-16.794  7.16873 
-180.502  7.04767 
-23.7517  7.1219 
-18.5144  7.07104 
-124.944  7.03388 
5.29382  6.7385 
-87.3504  6.82042 
-125.425  6.69484 
55.5084  7.12711 
30.267  6.84444 
-129.278  6.9269 
-0.00380235  6.94441 
-71.3014  6.54181 
-137.081  6.60308 
-4.46869  6.40905 
-91.2167  7.55451 
-195.416  6.81119 
16.7565  7.12452 
1.77695  7.07598 
-145.002  6.66299 
3.65731  7.29839 
-68.4569  6.77674 
-202.816  6.66591 
1.08437  7.17718 
-49.7062  6.68524 
-147.732  6.57742 
-1.7852  6.48588 
-58.2878  6.99605 
-219.785  6.59847 
32.4312  6.55125 
-5.51728  6.7627 
-182.113  6.54856 
59.0482  6.62805 
-31.2064  6.76704 
-162.056  6.54533 
58.3721  6.51144 
-50.8425  6.57349 
-173.677  6.57857 
93.4846  6.52956 
42.6299  6.5616 
-173.773  6.45592 
81.6229  6.59076 
26.029  6.51401 
-235.23  6.53405 
56.7769  6.62501 
-48.2899  6.76188 
-174.951  6.46401 
45.2585  6.52214 
-51.7983  6.57398 
-143.425  6.58594 
61.6572  6.88936 
29.1778  7.00716 
-169.427  6.85703 
98.9337  6.91982 
19.3347  6.94708 
-64.7887  6.85072 
70.5172  6.9049 
87.4772  7.40683 
-125.444  6.64966 
116.524  6.88335 
2.88867  6.94375 
-110.507  6.78057 
38.5765  7.10366 
87.1046  7.13456 
-83.355  6.91428 
44.9251  6.93504 
68.8916  2.07518 
-69.4265  1.8739 
23.9195  1.97496 
-18.4823  2.05609 
-74.7369  1.89948 
101.945  2.00312 
8.52193  7.24781 
-48.274  6.86827 
57.433  6.78669 
65.7497  7.2113 
-11.3639  6.8125 
162.636  6.64588 
44.7697  7.06939 
-44.7907  6.81345 
151.947  6.64913 
-18.4397  7.16379 
5.96873  6.33194 
82.2311  6.58883 
24.0914  6.90697 
-50.9976  7.02371 
127.101  6.71225 
-25.6174  6.99508 
16.4158  6.62713 
59.7669  6.67464 
-11.2089  6.9317 
-88.232  6.59662 
75.7833  6.59272 
14.0354  7.00496 
53.3787  6.52482 
184.833  6.34371 
1.22198  6.75353 
3.50165  6.25433 
79.9688  6.53927 
11.2404  7.06645 
-51.0401  6.79428 
115.189  6.56941 
-23.3355  6.60425 
-2.4375  6.29771 
98.8785  6.65598 
-15.7824  6.73607 
-19.2727  7.00776 
30.5806  6.64145 
-44.7967  6.81973 
-64.256  6.45786 
116.465  6.63511 
-37.8881  6.70857 
50.5152  6.73705 
80.3959  6.7225 
-67.3327  6.53901 
-20.6042  6.51636 
68.9777  6.63613 
-25.9863  6.98733 
8.40293  6.51363 
117.698  6.76017 
-27.5164  6.97112 
12.4534  6.92061 
149.84  6.68963 
-139.99  7.01953 
-67.8577  6.86403 
140.12  6.94942 
-104.259  7.04597 
-44.0293  6.91399 
188.688  6.75115 
-162.351  6.90705 
34.8388  6.89244 
134.99  7.00142 
-101.058  7.05452 
-54.7761  6.94403 
58.7947  6.85766 
-114.824  7.14333 
-4.69799  6.59367 
54.7575  6.99686 
-118.743  1.84052 
-51.0964  1.99693 
108.406  1.80816 
-41.012  1.87364 
-302.244  1.95704 
35.6162  1.8637 
-77.723  6.9033 
-231.887  7.61539 
-34.5982  7.34378 
-81.9041  6.99612 
-261.402  7.16895 
39.5321  7.15386 
-33.9204  7.50353 
-207.413  7.20475 
44.9036  7.02613 
-1.55133  6.54541 
-209.61  7.32599 
-19.9394  6.81966 
23.3296  6.3856 
-161.843  7.19598 
-24.4201  7.52811 
21.4854  6.35194 
-180.616  7.00499 
1.3957  6.52696 
-138.88  6.70748 
-158.839  7.00938 
24.2967  6.75994 
-36.7303  6.67281 
-119.572  6.7685 
17.3149  7.42447 
-13.4207  6.48578 
-187.029  7.05016 
-4.42468  6.62968 
-41.3904  6.36653 
-132.829  6.70844 
-20.7258  6.70792 
-24.4055  6.42278 
-183.249  6.60977 
-25.0981  6.51347 
-41.755  6.60512 
-115.044  6.72541 
-18.4197  6.38568 
-10.3151  6.45773 
-117.022  6.56695 
-71.3383  6.29836 
-31.6831  6.52817 
-67.2425  6.55587 
-38.314  6.6116 
50.8607  6.55374 
-47.2386  6.37608 
-79.6775  6.51819 
-13.6988  6.80753 
-43.9604  6.79538 
-93.1295  6.6876 
24.2435  6.7432 
8.90017  6.85589 
-56.3012  6.62296 
7.26828  6.81489 
-66.996  6.66637 
-122.756  6.67037 
-28.5649  6.90424 
12.6657  7.02487 
-44.6292  6.86277 
-16.6788  6.86982 
30.8969  6.82015 
-94.5308  6.8902 
-17.5893  7.03993 
81.922  6.81056 
-88.5966  6.72762 
13.1619  6.9406 
41.9805  6.98989 
-83.8199  7.01959 
-36.9957  1.79306 
-14.9089  1.9148 
-98.6328  1.89191 
-17.7714  2.18884 
-119.007  1.88434 
-59.7862  1.91637 
-65.304  6.84877 
-35.2355  7.00853 
-57.742  6.98737 
-8.33368  6.6092 
-76.2221  7.15813 
-84.1187  7.18296 
30.1163  6.72874 
-82.6682  7.06109 
-66.7697  7.28938 
49.9851  6.72417 
-30.2796  6.92532 
-61.126  7.06187 
31.3925  6.61117 
-34.3048  6.79619 
-93.1398  6.86229 
9.92998  6.66819 
15.7467  6.78192 
-30.6583  6.89926 
73.4183  6.6169 
-10.6312  6.74708 
10.6147  6.85625 
71.1516  6.57956 
69.6881  6.78165 
-28.9686  6.81991 
30.4138  6.51746 
-9.30003  6.51232 
-7.97535  6.69294 
78.0358  6.63263 
-31.7672  6.73543 
31.9684  6.55491 
54.2728  6.66383 
-44.4482  6.43937 
-52.6365  6.62428 
35.1799  6.39769 
-88.9904  6.44292 
-14.8618  6.63988 
110.836  6.65461 
-80.3838  6.88309 
81.2186  6.52613 
40.3978  6.70293 
3.53411  6.95916 
55.1623  6.4468 
55.7881  6.57487 
1.34875  6.51244 
100.468  6.34118 
34.7992  6.64983 
-48.58  6.71413 
58.2076  6.27022 
102.849  7.08669 
8.38079  6.49326 
89.6255  6.23878 
2.69976  7.1727 
13.2415  6.84579 
22.1746  6.58094 
5.52231  6.83693 
73.7121  6.80717 
21.9197  6.475 
25.4827  6.99479 
7.36536  6.70597 
45.6051  6.75683 
85.1774  6.94661 
41.2502  6.8342 
-11.4602  6.84668 
139.978  7.06021 
45.3042  7.04777 
-12.7938  7.06018 
74.6753  1.98058 
-10.6457  2.02889 
0.449702  1.87611 
-124.685  2.0363 
-168.27  1.90172 
-55.0041  1.88062 
-181.231  7.26611 
-107.101  6.83677 
-61.036  6.69772 
-155.347  7.37036 
-129.287  6.74509 
-2.83766  6.6394 
-130.54  7.25619 
-157.32  6.93921 
-9.12449  7.06428 
-107.228  7.13692 
-56.6889  6.53385 
-58.0522  6.43511 
-186.176  7.02372 
-105.929  6.79455 
-32.177  6.64316 
-127.473  7.03098 
-117.552  6.66006 
8.01387  6.3458 
-163.972  7.10199 
-86.9853  6.55466 
-41.6935  6.64117 
-152.429  6.89262 
-108.589  6.47016 
-57.0037  6.38289 
-120.187  6.52578 
-165.523  6.40445 
-34.8634  6.55311 
-148.909  6.78591 
-103.15  6.33626 
-108.723  6.62937 
-203.678  7.01312 
-85.3703  6.41203 
-26.7818  6.58798 
-183.889  6.78683 
-163.644  6.59403 
-88.0909  6.67879 
-252.232  7.07548 
-117.583  6.64103 
-124.475  6.59663 
-161.121  6.88475 
-165.442  6.67456 
-90.923  6.91704 
-219.417  6.69412 
-202.643  6.59243 
-114.933  6.72459 
-224.717  6.95577 
-179.083  6.65963 
-111.825  6.79874 
-220.522  7.00064 
-164.153  6.93101 
-62.7717  6.90315 
-192.495  6.87054 
-135.383  6.90466 
-200.485  7.09333 
-213.886  6.9241 
-163.965  7.00578 
-78.1675  7.16691 
-259.994  7.03132 
-199.918  6.92947 
-146.789  7.05559 
-168.734  7.06718 
-176.378  6.88278 
-132.921  7.23402 
-275.7  7.04427 
-174.025  7.02225 
-183.559  7.45869 
-276.262  1.8497 
-196.216  1.84903 
-186.768  1.95349 
13.9609  2.30338 
-201.36  1.98569 
186.014  1.97713 
22.5494  8.39858 
-137.078  7.66941 
114.866  7.75402 
99.5818  8.08505 
-129.92  7.41612 
209.896  7.35677 
99.0294  8.07464 
-135.903  7.72088 
191.474  7.20956 
75.492  8.0336 
-123.015  7.44311 
191.754  7.36634 
47.3195  7.55835 
-202.464  7.32598 
157.006  7.14464 
93.9386  7.66319 
-199.887  7.30664 
127.981  7.04 
110.466  7.72899 
-148.547  7.34745 
130.754  7.21827 
62.1894  7.12473 
-230.451  7.12919 
148.984  7.12604 
78.9497  7.5424 
-246.218  7.18342 
179.571  7.10675 
112.22  7.12078 
-182.998  7.03748 
160.862  7.06388 
76.6065  7.2783 
-152.309  7.17148 
120.067  7.22793 
119.761  7.00136 
-177.201  6.90108 
114.024  7.25168 
97.5788  7.34789 
-137.562  6.92093 
64.9744  7.00429 
87.3967  7.2272 
-188.794  7.09393 
95.9405  7.33624 
71.7745  6.66891 
-164.342  7.18323 
78.9483  7.17106 
58.3142  7.04106 
-198.06  7.07647 
127.812  7.28621 
104.126  7.30656 
-130.286  7.37938 
62.243  7.80107 
66.5052  7.24718 
-179.135  7.4738 
61.1273  7.5436 
-19.6494  7.43126 
-149.255  7.25615 
89.6117  7.60671 
96.1186  7.49307 
-207.367  7.65041 
32.1513  7.58834 
112.43  7.51659 
-142.113  7.33225 
28.0829  7.76181 
9.75584  7.28763 
-180.127  7.73757 
46.4893  8.07306 
42.9463  1.91128 
-162.419  2.20108 
47.0736  2.26829 
42.7017  2.02893 
-32.5456  2.17403 
12.4069  1.92179 
79.3643  7.53496 
-48.9197  7.42471 
-38.685  7.87339 
22.0629  7.55987 
-73.0465  7.451 
-53.3444  7.74353 
20.8972  7.53458 
-36.7939  7.32831 
-11.6762  7.779 
30.5246  7.48304 
-48.6092  7.1555 
-9.51804  7.76788 
74.741  7.43125 
-88.1703  7.29645 
9.29421  7.31254 
89.9001  7.34077 
-20.502  7.01772 
16.9478  7.13004 
102.837  6.94154 
-42.85  7.02104 
33.9545  7.45927 
94.3767  7.11176 
16.4739  6.70944 
50.0636  7.29623 
105.859  6.95822 
-76.039  6.96286 
44.0161  7.14633 
107.215  7.1179 
-23.5113  6.85498 
62.7622  6.90985 
88.0192  7.17811 
-57.3186  6.92166 
103.046  6.94914 
79.1647  7.29102 
-13.4805  6.92211 
57.5792  7.08715 
122.001  7.37137 
-16.7392  7.06108 
84.8262  7.16626 
69.3703  7.4889 
-13.8192  7.07489 
79.4791  6.97077 
111.806  7.53601 
-50.7676  6.84922 
140.286  7.24329 
61.666  7.68591 
-47.2963  7.15892 
92.9991  7.20977 
42.2072  7.78187 
24.774  7.35656 
101.01  7.23541 
98.5414  7.84167 
-35.9011  7.47503 
138.854  7.29563 
84.4322  7.86258 
-31.1838  7.51395 
92.3012  7.64996 
97.8308  8.03451 
-60.3143  7.65194 
94.7805  7.65244 
134.915  8.30337 
8.1367  7.31465 
63.7476  7.64494 
122.978  8.38989 
-43.5369  7.51254 
132.003  7.59876 
42.0963  2.24924 
-47.4442  2.06635 
107.608  1.88744 
-173.761  1.81352 
-48.966  2.17922 
-117.204  2.04809 
-38.7438  7.59585 
-60.4622  7.70673 
-129.147  7.81583 
-98.1364  7.46901 
-74.04  7.72167 
-74.1647  7.80976 
-81.824  7.34138 
-30.7047  7.6364 
-106.215  7.63807 
-90.1829  7.23311 
-20.8615  7.35004 
-50.5443  7.43927 
-92.0809  7.42622 
-44.2963  7.5666 
-97.0349  7.54468 
-25.2176  7.3255 
-54.7086  7.24113 
-85.8005  7.20402 
-112.467  7.36707 
-14.0768  7.44741 
-51.863  7.34751 
-58.6908  7.24062 
-31.1278  7.34945 
-42.1801  7.46503 
-49.5142  7.05194 
18.2154  6.98126 
-73.7864  7.08651 
-26.2568  7.34679 
78.2063  7.06948 
-85.192  7.14631 
-65.1486  7.52342 
36.0621  7.34006 
-84.1657  7.32569 
-47.0151  8.08256 
-77.7335  7.2016 
-131.764  7.41427 
0.503239  7.26747 
-33.0676  7.61213 
-98.0587  7.33916 
-27.2742  7.96014 
4.06841  7.19043 
-119.201  7.03633 
3.83567  7.58166 
7.04445  7.19865 
-34.6958  7.03613 
8.17714  8.09667 
-13.0444  7.44947 
-51.0234  7.35819 
-3.09028  8.1381 
-55.3932  7.52311 
-12.9321  7.25894 
2.14726  7.50893 
-97.1393  7.32884 
-145.204  7.25552 
-25.7888  8.25938 
36.0796  8.17465 
-52.2464  7.26962 
-40.1772  8.15559 
2.76436  7.38316 
-49.9852  7.04942 
-46.8495  8.67115 
-26.3625  7.56271 
-60.355  7.58471 
-1.61173  8.23299 
12.4644  8.02061 
-26.6549  7.6896 
-18.4339  2.3052 
-1.6238  2.04276 
-79.4813  2.10541 
95.9667  2.34586 
47.5157  2.09227 
134.082  1.92464 
64.7091  8.26533 
109.183  7.53592 
99.2035  7.44352 
69.5227  8.02402 
144.222  7.1911 
118.944  7.30406 
120.729  7.77333 
147.226  7.32166 
75.2283  7.13955 
62.6175  7.919 
135.19  7.16326 
138.027  7.30924 
28.4576  7.57857 
135.037  7.5097 
92.6682  7.21419 
86.4508  7.50338 
215.816  7.12505 
150.188  6.92733 
95.4884  7.55286 
177.571  7.31789 
141.905  6.74488 
44.3481  7.28821 
179.29  6.99462 
98.9341  6.89505 
103.037  7.24985 
122.491  6.92746 
214.914  6.51815 
94.6244  7.14179 
125.308  7.16415 
91.0047  6.59965 
134.071  7.12019 
182.05  6.88099 
110.852  6.73273 
120.522  7.01126 
228.222  6.87327 
151.132  6.5841 
99.5696  7.06232 
119.308  6.88366 
100.468  6.75518 
121.579  6.94106 
182.06  7.05365 
102.833  6.87664 
116.548  6.89225 
65.646  7.17951 
126.337  7.00565 
104.507  6.96525 
161.837  7.26238 
106.208  7.08563 
97.3392  7.07227 
149.79  7.16026 
38.6051  7.04281 
82.0599  7.03272 
83.9987  7.38823 
100.384  7.14986 
54.5279  7.13921 
129.594  7.21752 
87.8357  7.19754 
79.4943  7.29638 
97.1704  7.58881 
111.919  7.21106 
99.0986  7.28667 
16.1406  7.60646 
62.3109  7.40033 
102.172  7.49435 
60.2643  7.75203 
97.3941  7.5958 
75.5493  1.93828 
29.699  2.13487 
49.3499  2.04262 
157.568  2.1044 
297.084  1.88154 
61.1649  1.94929 
124.443  8.77051 
251.54  8.27907 
100.567  7.64095 
108.879  8.69798 
303.744  8.21437 
74.4116  7.84764 
137.153  8.33477 
247.659  8.05487 
68.3838  7.58934 
29.274  8.67185 
278.477  8.29421 
141.319  7.74551 
40.1506  8.25994 
159.992  7.69103 
111.214  7.40541 
87.5823  8.12407 
173.272  7.89878 
159.427  7.05166 
93.6091  7.95898 
188.858  7.98996 
133.474  7.26707 
100.976  8.06559 
248.973  7.93522 
210.471  7.22519 
111.828  7.97117 
153.28  7.8082 
209.318  7.06113 
134.168  7.71186 
138.698  7.91388 
245.632  6.99262 
66.0257  7.86129 
148.47  7.56222 
236.78  6.82905 
113.524  7.88067 
49.8135  7.81989 
251.838  7.17817 
139.856  7.54344 
59.1002  7.87757 
258.022  7.44321 
48.9949  7.65567 
19.4552  7.98006 
207.378  7.27463 
114.703  7.74941 
35.2012  8.0773 
219.534  7.40702 
96.8962  7.46738 
23.2321  8.19813 
293.82  7.3506 
179.289  7.73354 
47.2335  7.92166 
207.972  7.47035 
99.3967  7.86947 
45.6039  8.2078 
222.753  7.24082 
132.786  7.97389 
-11.1819  8.30441 
258.61  7.69586 
112.042  8.12933 
14.7007  8.44388 
248.993  8.01224 
120.254  7.8504 
-60.8132  8.60104 
225.261  7.72168 
87.1663  8.14119 
-63.3587  8.52531 
234.49  7.81186 
12.905  2.06088 
-85.2779  1.90134 
183.472  1.99286 
2.56144  1.84359 
-84.3608  2.00054 
-49.2319  2.1578 
16.7533  7.44524 
-69.2827  8.00171 
-3.5434  8.17671 
10.1557  7.49325 
-50.1471  7.58927 
-5.41488  8.12416 
-50.257  7.29779 
-19.2898  7.79689 
4.89061  8.04372 
86.5138  7.50233 
-9.91471  7.48277 
0.69411  7.61927 
11.6341  7.0387 
-73.5563  7.89021 
9.1766  7.80477 
76.3788  7.06545 
4.27312  7.30934 
-0.982498  7.56201 
44.0529  7.04902 
53.221  7.40835 
-35.6946  7.74481 
84.1321  7.1054 
46.4689  7.27144 
40.5592  7.3086 
138.555  6.86926 
53.3888  7.14703 
23.3119  7.15536 
136.836  6.93632 
42.225  7.03133 
114.481  7.01737 
99.454  7.22951 
12.477  7.00939 
28.0581  7.11997 
92.8579  7.30059 
23.1034  7.17885 
18.4411  6.95231 
103.363  7.39748 
83.3476  7.28823 
-25.138  7.14591 
71.0717  7.31119 
22.0924  7.45566 
80.0122  7.2258 
76.4216  7.56651 
56.8788  7.41697 
37.1079  7.13492 
132.464  7.47843 
82.1365  7.39913 
-20.1284  7.07125 
130.32  7.41076 
22.3374  7.64372 
108.622  7.28537 
93.7399  7.56891 
36.943  7.52705 
131.553  7.255 
114.783  7.68753 
28.8986  7.76522 
56.3438  7.28114 
88.7173  7.93642 
106.504  7.70464 
17.5147  7.36078 
95.7684  8.11954 
60.3234  7.63732 
52.9  7.58609 
42.5955  8.2698 
87.2988  7.8815 
38.6204  7.64496 
103.012  2.03329 
70.8226  1.97677 
45.1488  1.92514 
-15.5207  2.08873 
46.0734  2.03782 
-143.521  2.06774 
36.2603  7.51488 
109.037  7.29662 
-113.119  7.87822 
-20.6497  7.69129 
168.456  7.26297 
-51.47  7.91184 
-28.4934  7.62669 
85.7164  7.30453 
-9.06084  7.68359 
88.7371  7.64553 
114.275  7.17488 
-10.3088  7.61801 
30.8898  7.47793 
97.4006  6.91196 
-43.2809  7.44204 
16.5591  7.59166 
107.328  6.95055 
-45.3319  7.43774 
78.4667  7.29473 
113.007  6.88342 
21.5724  7.37629 
45.6895  7.32996 
107.902  7.14579 
-8.87068  7.09055 
-24.9567  7.24413 
122.262  6.8048 
43.9822  7.25698 
-33.3482  7.67938 
112.591  6.78881 
26.0981  7.07638 
8.74351  7.2816 
72.7336  7.15011 
13.3675  7.05224 
51.6628  7.36965 
6.58991  7.24463 
35.3124  7.05473 
50.382  7.5984 
3.72297  6.59514 
-47.5975  6.92035 
136.411  7.65201 
14.078  7.07783 
12.3628  7.2387 
91.5977  7.91068 
43.0045  7.13268 
20.6407  7.12758 
89.9506  7.90522 
-26.7878  7.43766 
14.688  7.2909 
114.184  7.91156 
-65.1474  7.42363 
43.1051  7.25373 
123.801  7.91451 
-83.7112  7.52659 
12.394  7.4491 
63.9757  8.28631 
-57.8596  7.73931 
8.49169  7.0752 
54.8534  7.88281 
-56.546  7.73585 
-16.8233  7.42319 
177.247  8.10549 
-125.286  7.55232 
-33.1185  7.46853 
199.926  8.28146 
-106.351  7.80073 
-47.2895  7.47392 
186.599  2.04255 
-139.602  1.96361 
-91.1382  1.98824 
-68.0411  2.02468 
92.2182  2.04355 
-36.786  1.89617 
-53.9753  7.86654 
65.6253  7.52947 
-9.13432  7.17256 
-16.6937  7.99337 
73.7457  7.56952 
-30.6848  7.84059 
-65.5185  7.83901 
72.5975  7.32159 
-7.01908  7.09845 
-129.362  7.93381 
92.6953  7.4626 
-74.1841  7.7592 
-31.5709  7.85046 
89.9999  7.30299 
-117.881  7.37287 
-101.681  7.79803 
134.016  7.3125 
-91.9117  7.40798 
-90.0236  7.54447 
62.5866  7.39307 
-42.4804  7.07092 
-117.408  7.32594 
49.3278  7.33534 
-180.613  7.11813 
-92.2566  7.54799 
-21.3306  7.10316 
-141.095  7.20924 
-97.2352  7.35059 
12.922  7.07221 
-19.9657  7.02305 
-62.1802  7.29583 
23.3823  6.78943 
-80.9945  6.85157 
-134.915  7.29051 
-57.6865  7.17625 
-111.653  7.21118 
-180.421  7.33357 
-5.80123  7.05932 
-81.3747  7.111 
-214.146  6.85447 
-33.1721  7.52065 
-108.177  7.09463 
-134.47  7.33813 
-45.233  7.40428 
-119.623  7.30289 
-130.472  7.44135 
-109.72  7.26907 
-159.673  7.54141 
-85.0614  7.53509 
-41.8022  7.53348 
-99.6061  7.60307 
-94.7357  7.32542 
-34.6231  7.55854 
-68.6379  7.61205 
-159.92  7.60717 
-25.8925  7.67511 
-123.567  7.76343 
-178.63  7.46919 
-134.1  7.7604 
-39.3648  8.00529 
-206.591  7.80589 
-106.879  8.09666 
-171.001  7.91672 
-235.119  7.51908 
-101.514  7.85613 
-117.005  7.60797 
-229.767  2.00376 
-86.5074  2.02011 
-145.477  2.01613 
10.3008  1.86138 
225.52  1.95909 
241.728  1.87382 
38.841  2.26659 
259.89  8.20105 
221.082  7.59423 
-38.6499  8.06467 
269.974  7.8151 
188.45  7.67442 
24.5414  8.17322 
217.763  7.76518 
171.265  7.56841 
-13.3618  8.03121 
290.025  7.72777 
205.819  7.47143 
8.58661  7.75248 
151.206  7.67023 
202.577  7.48659 
-42.9913  7.93231 
222.476  7.58338 
177.495  7.48674 
-84.3904  7.78815 
191.356  7.75118 
194.202  7.49111 
-103.407  7.79903 
137.596  7.82157 
237.184  7.27657 
15.5625  7.68062 
94.862  7.66627 
222.505  7.30898 
0.887995  7.47441 
111.394  7.70053 
185.137  7.26637 
-77.5934  8.23195 
28.5761  7.69519 
219.919  7.43053 
-22.7736  7.42913 
107.537  7.53588 
164.671  7.20275 
-6.08632  7.41757 
86.6306  7.65498 
241.492  7.23365 
-34.24  7.70482 
50.4311  7.81211 
245.821  7.18599 
-3.92541  7.24867 
-19.2097  7.70631 
186.113  7.53461 
52.3306  7.99896 
-6.81712  7.87203 
179.709  7.84818 
-4.72273  7.27853 
-26.3479  8.56187 
207.611  7.67279 
-13.3293  8.05337 
4.5018  7.91654 
159.99  7.51023 
-32.3403  7.46736 
-101.555  8.74929 
155.443  7.57146 
8.10829  7.48074 
-33.0748  8.17497 
202.117  7.81197 
-12.0787  7.95177 
-16.8189  8.22079 
219.233  7.96029 
-47.9148  7.78229 
-74.1152  8.10923 
114.184  8.05955 
-57.9733  1.89179 
-94.7795  1.94364 
145.948  2.121 
17.4053  1.88913 
-18.5272  1.9903 
44.6763  1.86647 
-19.829  7.3316 
-38.6831  7.69627 
76.6113  7.61788 
35.9389  7.20287 
-72.8992  8.01247 
119.33  7.46726 
22.0885  7.31836 
1.05024  7.95175 
100.972  7.6044 
43.2004  7.08501 
-0.246355  7.21774 
98.1343  7.32555 
38.0247  7.13343 
-14.814  7.38339 
40.5042  7.33494 
39.5306  6.96132 
-24.0162  7.11564 
106.729  7.33588 
22.5198  7.13373 
20.2936  7.07455 
122.594  7.29993 
32.6926  7.55317 
51.4653  7.06978 
161.755  7.26701 
1.81092  6.74323 
48.8298  7.03249 
53.124  7.04734 
43.3979  6.94027 
67.8415  7.00953 
79.6259  7.19155 
63.0189  7.11682 
56.6401  6.98576 
114.266  7.02019 
130.396  6.96885 
78.0546  6.80375 
45.1568  6.91052 
63.593  7.03193 
104.686  6.91805 
106.075  6.98288 
12.8513  7.25088 
71.4782  6.88031 
82.211  6.92856 
37.4077  7.18296 
103.784  7.02032 
85.7975  6.8297 
113.261  7.27438 
135.328  7.01718 
37.2401  7.24709 
80.3905  7.14281 
90.0618  7.31519 
163.556  7.07128 
62.6714  7.79785 
128.575  7.0091 
180.165  7.2062 
-2.972  7.58191 
74.8322  7.2761 
105.897  7.28934 
31.6113  7.62783 
90.365  7.34056 
119.134  7.39802 
9.16011  7.44928 
89.4141  7.41119 
113.909  7.35509 
39.2283  7.69082 
81.0499  7.50887 
84.542  7.67423 
-12.3481  2.02978 
32.3078  2.01684 
50.9019  1.85856 
-94.5999  1.98266 
-86.0295  1.93015 
-86.2844  1.96519 
-59.4992  7.44918 
-94.9677  7.6118 
-64.1142  7.91073 
-53.9085  7.33121 
-54.7623  7.9456 
-65.8181  7.72481 
-26.382  7.18277 
-129.214  7.75106 
-18.376  8.27655 
-77.0204  7.39661 
-172.23  7.75509 
0.462244  7.21315 
-60.0697  7.00743 
-57.0396  7.59246 
-38.9135  7.39635 
-76.0262  7.24971 
-83.0629  7.45218 
17.2492  7.48941 
-54.0199  7.10761 
-87.8113  7.31424 
19.7291  8.04812 
-34.2907  7.16076 
-34.6312  7.24858 
3.46268  6.95118 
-59.5259  7.21032 
-92.8134  7.27655 
35.3756  7.17016 
-71.0849  7.18082 
-42.5271  7.3623 
14.942  7.42816 
-37.0941  6.94134 
-7.83137  7.75231 
-9.80832  7.12108 
-10.3419  7.1297 
-1.24234  6.98673 
-11.029  7.20361 
-37.6237  7.13941 
-21.2988  7.22353 
23.9525  7.05198 
-10.5415  7.36407 
-83.591  7.27988 
43.8671  6.93088 
-67.7318  7.576 
-70.1547  7.57761 
47.5099  7.33024 
-96.5512  7.29454 
21.2023  7.31653 
21.2992  7.54538 
-40.8033  7.18574 
30.7521  7.85932 
67.2555  7.52124 
-71.2695  7.37554 
4.32022  7.34194 
-5.6479  7.11756 
14.5745  7.70444 
10.2495  8.02665 
14.7129  7.6293 
-64.4115  7.66944 
-0.0618938  7.21563 
-100.253  7.88554 
-64.5305  7.85446 
-107.451  7.74064 
4.77449  7.34863 
-41.4138  7.84558 
11.9069  7.61301 
-33.4424  7.82495 
-50.3031  2.09126 
-24.5873  1.8898 
-85.0598  1.90139 
-21.5647  1.93124 
85.7854  1.90183 
-154.861  1.96631 
-43.0005  7.9209 
104.24  7.39727 
-148.397  7.36753 
-77.0849  7.64553 
75.4173  7.39485 
-49.8635  7.28 
-70.664  7.58298 
104.747  7.37463 
-129.529  7.42653 
-12.2348  7.53342 
83.4576  7.38883 
-128.696  7.67585 
23.4822  7.53689 
62.6435  7.50411 
-64.202  7.50102 
-74.0468  7.4442 
35.8719  7.42694 
-141.749  7.24655 
-69.0519  7.53693 
46.3717  7.16896 
-121.902  7.16593 
-72.477  7.41262 
-7.66999  6.95049 
-106.772  7.13513 
-63.7281  7.47495 
65.2548  7.55655 
-144.256  7.01252 
-90.8992  7.4187 
17.3333  7.03515 
-162.893  7.13665 
-35.6744  7.24531 
20.7873  7.04616 
-141.991  6.86025 
-121.445  7.21496 
-47.3082  7.09104 
-108.748  6.75064 
-99.3144  7.47808 
1.61912  7.06374 
-159.641  7.33597 
-103.345  7.28163 
0.828643  7.54833 
-159.047  7.27169 
-116.566  7.16506 
-77.7452  8.0162 
-149.323  7.35531 
-131.692  7.2369 
-6.50325  7.28137 
-29.1937  7.3719 
-107.84  7.53115 
-87.3643  7.65842 
-104.511  7.50635 
-207.313  7.28211 
-79.3843  7.36138 
-109.105  7.32348 
-124.668  7.5415 
-136.087  7.65416 
-138.38  7.3629 
-106.935  7.79928 
-78.0076  7.57567 
-208.372  7.31028 
-213.034  7.54714 
-91.4771  7.64225 
-97.3443  7.58788 
-137.958  7.37497 
-108.293  7.62968 
-133.262  7.7675 
-100.246  1.98014 
-169.774  1.84771 
-153.969  2.10845 
