146.902  2.06799 
65.4083  2.03004 
-82.8499  2.06651 
151.996  8.17432 
63.4326  7.68203 
-109.853  7.32912 
157.19  8.42289 
102.707  7.83273 
-143.154  7.27523 
166.701  8.30994 
19.3453  7.98039 
-143.65  9.27935 
114.681  8.35347 
134.037  7.91617 
-104.605  7.44721 
111.664  8.18771 
109.676  7.98263 
-61.4959  7.43082 
112.752  7.85964 
3.92041  7.53627 
-101.118  7.29048 
108.743  7.91056 
69.5014  8.39541 
-153.719  7.92147 
94.793  7.66323 
51.0717  7.73509 
-87.6365  7.00414 
107.743  7.88225 
44.6095  7.75131 
-99.1463  7.46975 
116.677  7.72906 
51.659  7.62219 
-113.482  7.09258 
15.1162  7.37995 
28.9902  7.42458 
-152.778  6.95531 
102.49  7.55071 
74.4067  7.66496 
-188.343  7.34884 
90.3287  7.43253 
63.9897  7.69856 
-175.232  7.6379 
57.0336  7.37359 
19.6363  7.67967 
-260.534  7.21788 
-18.2875  7.8003 
60.2139  7.85747 
-228.297  9.83268 
-21.571  7.46589 
72.223  7.80515 
-255.079  7.60988 
19.8369  7.49914 
65.2629  7.48803 
-215.304  8.77926 
31.3124  7.96379 
50.9922  7.9218 
-214.618  7.91073 
-33.2283  7.88962 
78.7164  7.63127 
-265.137  7.62988 
48.1336  7.9068 
90.2215  7.77365 
-263.671  10.6325 
-46.6103  8.14979 
27.0595  8.18917 
-212.079  8.30467 
-35.1947  8.25905 
82.1389  7.91001 
-184.122  8.07593 
-67.1041  2.01322 
90.8813  1.85918 
-208.607  2.07789 
1.71936  1.88628 
-134.222  1.89912 
7.52178  1.8547 
-47.9129  7.2891 
-122.394  8.26568 
-24.4831  7.34836 
8.84464  8.0362 
-162.203  8.41384 
-29.4859  7.93147 
-2.39935  7.04456 
-122.183  7.78293 
-41.8651  7.8197 
28.5615  7.28925 
-65.7429  7.89781 
-1.64286  7.23399 
85.106  7.10207 
-60.0874  7.49001 
-49.4071  7.25042 
41.477  7.24132 
-93.4629  7.84043 
-29.9321  8.10559 
50.9493  6.88175 
-158.086  7.80435 
-3.72141  7.36734 
16.0872  7.16468 
-103.513  7.82544 
2.648  7.10653 
-33.2307  7.4004 
-120.324  7.65154 
-35.6288  7.61251 
-7.93718  7.11782 
-86.8815  7.76159 
-4.91939  7.51746 
-29.7697  7.34369 
-67.1851  8.03857 
-12.9865  7.01497 
-52.1028  7.46998 
1.57302  7.1583 
-25.5157  8.88551 
-30.8047  7.502 
-79.3258  7.56892 
-2.82242  6.9592 
-35.6763  7.76147 
-48.5005  7.70837 
26.6613  6.92968 
-133.591  7.85704 
-90.6352  7.82351 
-18.5154  9.09995 
-38.24  7.84033 
-105.857  7.94521 
-50.7209  7.28185 
-18.9535  7.86792 
-53.2767  7.98076 
-31.6866  7.32525 
-70.2047  7.96319 
-23.0311  9.97504 
47.4467  7.9275 
-33.1072  7.7657 
-62.6431  7.79162 
-39.9862  7.33689 
-17.2986  8.30543 
-47.3388  7.93728 
18.1393  7.46269 
-96.4351  8.72112 
-53.0227  7.92968 
-43.3342  7.40191 
-133.673  8.70958 
-66.7046  8.1704 
-103.766  9.61292 
-79.5792  2.21279 
-9.32885  1.89293 
-4.45938  2.0186 
3.31016  1.92302 
-75.7132  1.95658 
34.6383  1.87399 
-18.9969  7.72939 
-6.69251  7.52512 
34.2257  7.67927 
42.1291  7.78014 
14.6487  8.26387 
29.163  7.84651 
10.0491  7.68671 
-5.84075  7.89804 
49.7984  7.72757 
36.367  7.70259 
9.83208  7.79091 
19.8746  7.67379 
92.9852  7.65649 
23.0942  7.76499 
20.4544  7.51741 
121.49  7.30373 
36.5885  7.63696 
73.2233  7.2065 
72.6721  7.43392 
-44.1922  7.72212 
-19.0276  7.35885 
63.3872  7.42382 
-9.5442  8.08561 
22.0343  7.6714 
93.2788  7.3322 
-1.94354  7.30596 
-5.59088  7.13093 
74.5205  7.37864 
-42.8945  7.65386 
43.0137  7.11875 
69.5308  7.4243 
-130.365  7.64942 
78.0639  7.21368 
91.3897  7.52228 
-68.297  7.54881 
82.428  7.1177 
34.0859  7.59967 
-46.8657  7.61702 
20.5247  7.06169 
114.33  7.68584 
-97.0045  7.9095 
45.187  6.97138 
63.0831  7.70769 
-125.181  7.7174 
23.1197  7.34847 
68.0122  7.85108 
-139.093  7.84292 
-4.29958  7.23088 
85.2993  7.94962 
-113.686  7.89151 
0.639237  6.76741 
61.7896  8.31439 
-89.5417  8.04353 
14.958  7.17425 
-5.18597  7.98738 
-93.2383  8.20833 
19.4609  7.39538 
111.193  8.07821 
-107.921  7.88325 
14.3437  7.74231 
151.627  8.37021 
-48.114  8.0062 
-0.891998  7.00337 
68.8625  8.37882 
-23.3478  8.13082 
35.6534  7.51299 
109.815  2.1611 
-68.7876  1.92205 
27.5963  1.8696 
-54.6084  2.19847 
33.5547  2.11986 
-22.7487  1.90442 
-55.681  8.4741 
101.719  7.86269 
-18.6974  7.49067 
-142.86  8.88931 
84.8412  8.04853 
-7.59828  7.6671 
-104.751  8.37775 
38.7067  7.56921 
19.5524  7.4835 
-91.1351  8.71649 
56.6517  8.02692 
-23.5367  7.76916 
-81.2158  8.50149 
8.31916  7.71663 
-67.3666  7.26455 
-190.769  8.60709 
65.4908  7.89125 
-61.4594  7.45849 
-113.771  8.2896 
2.89096  7.37914 
-55.1564  7.15534 
-160.737  8.24978 
16.1252  7.95219 
-5.75348  6.97197 
-131.479  8.4082 
36.4243  7.80671 
-11.2308  7.61022 
-123.292  8.38292 
92.715  7.61375 
-23.2626  7.44106 
-153.166  8.20663 
137.818  7.37047 
-88.0436  7.21227 
-132.944  8.11289 
45.3974  7.30997 
-32.6133  7.55502 
-110.544  7.9756 
157.413  7.44917 
-32.8463  7.40655 
-122.267  7.72371 
116.226  7.20162 
-15.3801  7.15691 
-107.703  8.13714 
52.9407  7.57353 
-51.9865  7.24474 
-27.1322  7.91245 
1.60272  7.39563 
17.2222  7.62463 
-0.990671  7.70839 
68.7312  8.21053 
7.96441  7.55533 
-15.4412  8.30444 
46.9386  7.8042 
41.6604  7.932 
25.3877  8.00215 
65.0704  7.65496 
8.73448  7.64651 
-81.1785  8.01808 
1.03577  7.76452 
-26.1087  8.11547 
7.92529  8.06737 
46.6756  8.56296 
-70.964  7.97153 
-21.2697  8.27288 
43.2305  8.0924 
-77.188  7.90181 
38.4841  1.90534 
46.5867  2.20928 
-6.75614  1.89089 
-30.1655  1.94736 
155.559  1.84026 
19.6978  1.88426 
38.6881  8.26674 
120.434  7.72928 
-11.6579  7.52506 
-14.0251  7.5429 
97.2885  7.27705 
9.37543  6.97163 
-29.0183  8.03301 
167.074  7.92352 
2.8775  7.35518 
-25.677  7.90556 
156.942  7.79243 
-12.0193  7.65574 
-56.8427  7.87653 
128.737  7.77937 
-28.4483  7.43479 
-48.6654  7.70368 
176.062  7.8312 
37.5124  7.31119 
-14.5821  7.77023 
113.31  7.67011 
-10.0349  7.23159 
-70.9561  7.63422 
149.828  7.56418 
36.7455  7.30096 
-8.61842  7.64587 
149.378  7.5879 
76.5257  7.17153 
-130.247  7.82962 
132.774  7.50783 
20.4683  6.90011 
-50.7737  7.61271 
155.737  7.70218 
53.2149  6.93903 
-84.8441  7.40178 
101.825  7.39786 
-1.64363  6.90515 
-76.6604  7.38624 
164.831  7.69249 
14.2504  7.69518 
-124.642  7.35488 
133.943  7.36742 
13.1237  6.98609 
-69.5363  7.61765 
143.343  7.51856 
-2.79863  6.93807 
-45.4957  7.56502 
109.423  7.62052 
21.0837  7.68865 
-94.4779  7.84506 
116.629  7.61563 
-2.27595  7.06751 
-85.9067  7.51656 
120.457  7.7852 
72.065  7.87173 
-76.6946  7.80057 
56.8395  7.99321 
-19.6722  7.6798 
-115.058  7.65548 
22.779  8.0736 
-74.2406  7.64831 
-103.112  7.87193 
76.6071  7.73828 
-66.3746  7.62717 
-172.048  7.98323 
64.4768  7.86643 
-48.2613  7.69853 
-135.786  1.92773 
24.172  1.92115 
-133.558  1.91054 
-46.2944  1.90134 
-123.834  1.86307 
-101.879  1.91148 
-52.5423  7.64437 
-206.493  7.84997 
-86.9402  7.88112 
8.25326  7.20042 
-160.352  7.9893 
-53.4087  7.57326 
-48.2807  7.34129 
-212.796  7.76933 
-146.82  7.55353 
-54.1599  7.35866 
-148.5  7.61275 
-39.9911  7.59129 
-83.6076  7.30018 
-109.282  7.67071 
-59.6701  8.09272 
-75.0427  7.33737 
-207.765  7.7437 
3.55365  7.19252 
-33.0849  7.1605 
-195.841  7.72675 
-18.4095  7.28093 
-58.0776  7.00697 
-196.344  7.38372 
-11.0478  6.9928 
-63.7618  7.10373 
-85.5731  7.49922 
-45.1317  7.51377 
-85.9995  7.81019 
-119.946  7.32531 
-59.8724  7.24411 
-2.23098  7.08456 
-111.394  7.27047 
-32.963  7.26959 
-63.2732  7.42808 
-146.923  7.36091 
17.062  7.18236 
-27.9209  7.43936 
-99.0793  7.40169 
-73.1683  6.97816 
-83.8565  7.4613 
-106.818  7.54761 
-73.2494  7.10396 
-36.2974  7.64106 
-39.6463  7.41055 
-37.3421  7.02616 
-96.5936  7.74472 
-84.955  7.71223 
15.4156  7.65049 
-44.2235  7.57065 
-112.283  7.49118 
-4.69973  6.8848 
-112.089  7.65246 
-105.706  7.66201 
-15.4964  7.22814 
-39.6377  7.85892 
-86.0889  7.86084 
-10.3205  7.7646 
-55.8962  7.39629 
-54.7679  7.40833 
5.60782  7.10083 
-106.689  8.02895 
-80.8342  7.68257 
-20.9819  7.84971 
-150.226  8.01788 
-71.8201  7.85737 
-0.615598  7.12712 
-178.455  2.14706 
-113.944  2.09878 
-46.2107  1.89976 
-63.4076  2.06251 
-132.842  1.87384 
6.39792  1.89805 
-158.172  8.09168 
-67.0688  8.01253 
-21.4587  7.72931 
-94.2961  8.11512 
-7.46045  7.65573 
10.4598  7.61523 
-76.6363  7.85303 
-118.872  7.85173 
15.9968  7.75703 
-50.3902  7.82687 
-49.3043  7.93023 
18.7569  8.18614 
-101.862  7.83957 
-55.7838  7.82713 
-4.14413  7.18367 
-43.9154  7.5261 
-75.1221  7.50013 
-26.3885  7.56892 
-83.1637  7.76976 
-17.3494  7.79326 
2.23319  7.16237 
-60.4202  7.75971 
-20.0116  7.39603 
58.9895  7.04667 
-3.22577  7.15633 
-14.5074  7.62696 
34.964  7.48098 
-28.7158  7.67126 
55.721  7.69965 
40.365  7.2431 
-56.1739  7.67883 
-29.5543  8.10235 
48.4202  7.16284 
-94.7714  7.84178 
4.97414  7.47639 
80.9698  7.01382 
-66.5794  7.84339 
-4.76376  7.16766 
75.1674  6.90019 
-9.95347  7.70158 
19.7748  7.61713 
102.877  7.12913 
-34.4712  7.80678 
-27.4641  7.65025 
81.2377  6.91967 
24.429  8.31733 
-29.5915  7.82725 
14.7246  7.38932 
2.9361  7.31568 
-28.1941  7.63711 
67.1604  6.8682 
24.4497  7.47938 
-24.61  7.27491 
23.6935  6.78488 
-23.0489  8.3739 
14.107  7.92157 
76.6799  7.4027 
-6.50748  7.4225 
-27.8964  7.89203 
23.9632  8.17772 
15.0621  8.13006 
6.47018  7.50261 
31.1268  7.28855 
44.7234  8.17418 
40.7204  7.73614 
25.0066  7.46928 
26.0353  1.93342 
22.6842  1.88052 
-9.69843  1.85378 
139.06  1.8952 
177.135  1.99517 
164.775  1.87927 
140.791  8.26693 
136.679  7.98292 
147.87  7.63233 
182.456  8.16305 
104.222  7.92027 
188.325  7.48695 
141.718  8.00774 
130.404  7.94733 
165.213  7.55183 
170.99  8.00614 
134.947  8.07722 
158.742  7.61935 
153.301  7.84152 
55.6669  7.97329 
242.531  7.42448 
100.943  8.02938 
80.4148  7.89385 
90.085  7.49734 
106.858  7.62778 
67.2731  7.61639 
180.896  6.97922 
127.801  7.90088 
98.2024  7.81437 
195.261  7.31722 
118.42  7.86366 
58.3018  7.58754 
74.6724  7.32257 
41.5795  7.72586 
92.3181  7.7969 
128.524  7.44714 
90.9447  7.75247 
23.9772  7.70149 
169.383  7.40874 
119.061  7.63362 
64.2362  7.60348 
59.6163  7.29589 
76.2856  7.67071 
-24.8098  7.93177 
104.043  7.51009 
46.39  7.601 
65.2823  7.69926 
91.7242  7.61877 
52.4917  7.33299 
84.1862  7.5446 
-3.38177  7.1454 
44.7268  7.62346 
64.4021  7.77086 
71.9338  8.06197 
8.88464  7.74364 
-7.45244  7.72551 
87.3937  7.66131 
57.6419  7.79889 
88.9594  8.08294 
20.9296  7.71569 
9.50294  7.92579 
62.6652  8.13728 
41.1541  7.7657 
-0.458309  7.92949 
-15.8741  8.03835 
29.9365  7.8766 
-41.8327  8.49141 
42.16  7.97182 
38.6183  7.80817 
-51.4879  8.15807 
48.0735  8.22011 
55.2582  8.09483 
-45.1251  1.88923 
37.1146  1.94129 
-15.0818  2.15079 
-43.6241  1.86806 
-99.8098  1.86554 
-66.9395  1.96251 
39.7201  7.31837 
-166.696  7.02776 
-14.2986  6.92334 
91.1066  7.13336 
-108.892  7.22482 
9.83562  6.54584 
44.0143  7.18628 
-139.976  7.54883 
-46.1493  6.77558 
95.1596  7.35008 
-127.867  7.33718 
-114.412  6.76556 
0.544455  6.80953 
-141.544  7.24999 
-73.7638  6.56599 
41.5124  6.92355 
-163.758  7.29709 
-74.852  6.62342 
35.0837  6.86362 
-128.088  7.42471 
-64.6015  6.52795 
91.8675  6.73409 
-125.074  7.12434 
-60.4858  6.14368 
-49.1586  7.05184 
-46.8622  7.06484 
-69.9227  6.28654 
24.2735  6.85312 
-80.0631  7.14498 
-82.021  6.62458 
6.95794  6.63146 
-69.6215  7.04348 
-44.5666  6.65229 
49.4011  6.9574 
-61.1134  6.80335 
-35.2216  6.58497 
41.2045  6.6119 
-118.992  6.98395 
-90.5998  6.53761 
91.8237  6.79168 
-104.409  6.91695 
-40.1978  6.62057 
8.64689  6.69636 
-106.212  7.1213 
-66.2871  6.81506 
52.1636  6.82988 
-99.3765  7.25083 
-36.9498  6.83952 
52.1157  7.00876 
-96.8096  7.30727 
20.2848  6.94222 
59.9269  6.92199 
-89.9806  7.13134 
-106.254  6.851 
5.29675  6.67655 
-64.0451  6.99832 
-9.49073  6.83523 
48.67  7.20567 
-75.9904  7.20845 
-119.06  7.01828 
28.8491  7.16867 
11.0301  7.17001 
-78.0622  7.23094 
48.3026  7.42845 
-84.273  7.23445 
-37.5088  7.24915 
93.6397  2.15248 
-74.1883  1.96286 
-22.1619  1.8434 
-137.39  2.00828 
-208.879  2.17131 
-80.7783  2.21094 
-121.894  7.17823 
-183.068  6.9104 
-120.441  6.66307 
-87.1536  7.37156 
-136.061  6.8745 
-182.613  6.83835 
-65.3983  7.09831 
-173.739  7.0196 
-137.876  6.83926 
-92.3979  7.06202 
-152.34  6.74662 
-97.1683  6.79749 
-43.0175  6.7783 
-194.282  6.76169 
-122.748  6.4151 
-98.8065  6.85653 
-165.911  6.86503 
-139.635  6.67238 
-103.006  6.81861 
-72.4692  6.55634 
-88.0787  6.35663 
-86.6797  6.54246 
-91.7956  6.35232 
-95.913  6.21452 
-90.9041  6.60339 
-44.4165  6.34189 
-185.35  6.51671 
-61.5844  6.59896 
-110.153  6.41648 
-187.817  6.47586 
-87.4618  6.84783 
-40.8761  6.17118 
-126.853  6.43906 
-181.316  6.68809 
-15.5743  6.51283 
-152.252  6.61601 
-101.941  6.83218 
-76.4354  6.47922 
-125.813  6.3015 
-109.382  6.59323 
-111.078  6.32099 
-220.461  6.35534 
-142.527  6.9593 
11.8669  6.56379 
-199.533  6.41598 
-132.24  6.85936 
-49.7228  6.61788 
-221.578  6.46351 
-159.942  7.18225 
-22.7763  6.50582 
-161.281  6.56684 
-209.061  7.12477 
-116.255  6.77837 
-176.636  6.62987 
-164.444  6.97423 
-108.157  6.71749 
-180.49  6.35171 
-68.5476  7.22849 
-98.1012  6.95909 
-245.251  6.63695 
-122.572  7.14142 
-104.279  6.78286 
-121.656  6.56586 
-179.224  7.34808 
-36.0072  6.94666 
-149.594  6.84931 
-133.319  1.88681 
-123.648  1.87057 
-201.894  1.90651 
217.191  2.0981 
-9.83879  1.85053 
-42.1468  1.96352 
252.885  7.04534 
-126.624  6.75157 
-39.0506  6.55842 
219.958  7.39647 
-13.2044  7.32618 
-31.343  6.90804 
179.227  7.08066 
40.6824  6.50836 
9.92406  6.27104 
126.349  7.20052 
26.0051  6.92928 
47.9871  6.72838 
209.633  7.13608 
-74.4261  6.64917 
27.2594  6.26185 
126.524  7.13725 
32.383  6.97663 
29.6745  6.74877 
60.6212  7.03308 
35.3672  6.63137 
-15.1427  6.49904 
99.4156  7.10878 
13.3439  6.91583 
32.1917  6.60628 
58.0161  6.81448 
46.8858  6.62225 
-23.2912  6.09084 
72.9748  7.12075 
24.8348  6.53861 
-5.11404  6.27776 
-13.0112  7.28561 
31.9068  6.62778 
53.709  6.42016 
24.4611  7.19036 
71.2961  6.62853 
-20.9163  6.49894 
40.6385  7.16391 
81.4958  6.71642 
66.6652  6.2762 
33.4563  7.32335 
45.252  6.86125 
-46.4487  6.48808 
-59.8999  7.14156 
30.5418  6.53961 
54.8144  6.045 
-104.347  7.60983 
138.071  6.79053 
71.6209  6.38677 
-84.8598  7.43237 
92.0043  6.64784 
-1.84761  6.14947 
-144.503  7.74751 
80.147  6.90128 
-7.75019  6.60148 
-214.036  7.46092 
-39.6782  6.65987 
85.7848  6.5037 
-114.015  7.82988 
35.6427  6.92481 
-28.9652  6.42339 
-214.408  7.53653 
12.9678  6.74429 
10.696  6.40139 
-206.359  7.42332 
-32.0017  6.47689 
41.1161  6.23516 
-167.227  1.89632 
0.203481  1.98424 
9.05632  2.01272 
-5.98079  1.92728 
-155.539  2.01506 
-69.3552  1.94791 
-16.4359  7.11682 
-180.161  6.98051 
-23.9261  6.86838 
-18.1817  7.07723 
-124.932  7.15918 
5.00913  6.6357 
-87.009  6.81006 
-125.073  6.7545 
55.5806  6.8976 
30.5082  6.98546 
-128.898  6.83096 
-0.105929  6.55461 
-70.8026  6.62046 
-136.653  6.60468 
-5.04008  6.09593 
-90.4868  7.47743 
-195.383  6.73365 
15.8929  6.60905 
1.91629  7.04981 
-144.341  6.70754 
3.37746  6.92111 
-67.7377  6.80613 
-202.127  6.85451 
0.803305  6.8656 
-49.659  6.87616 
-147.373  6.85787 
-1.82275  6.33682 
-57.9433  6.95519 
-219.365  6.76415 
32.2868  6.24254 
-5.33466  6.73137 
-181.724  6.58011 
59.1379  6.38412 
-30.883  6.84789 
-161.33  6.65244 
58.0712  6.24159 
-50.5779  6.63661 
-173.391  6.57823 
92.8627  6.42344 
42.8987  6.59246 
-173.213  6.5335 
81.0769  6.34699 
26.1656  6.48706 
-234.637  6.57439 
56.7101  6.35473 
-47.8934  6.72623 
-175.057  6.57427 
44.7349  6.36283 
-51.7414  6.6303 
-143.348  6.64323 
61.2983  6.54321 
29.7024  6.96865 
-168.91  6.91375 
98.65  6.75696 
20.0108  6.98292 
-64.5785  6.86441 
70.1045  6.671 
87.5474  7.37433 
-125.101  6.75956 
116.178  6.53788 
3.30393  7.14915 
-110.077  6.77469 
38.4827  6.775 
87.5341  7.20498 
-83.3275  6.84836 
44.0751  6.79783 
68.9413  2.04695 
-69.2334  1.90431 
23.6019  2.03246 
-18.933  1.98563 
-74.9755  1.88607 
101.909  2.06672 
8.17672  7.45695 
-48.4173  7.12039 
56.4807  6.69142 
65.5488  7.50472 
-11.9067  6.99022 
161.776  6.6741 
44.2054  7.30359 
-45.3417  6.93946 
151.157  6.48727 
-18.8913  7.42993 
5.6768  6.6474 
80.746  6.53509 
23.9557  7.12344 
-50.4172  7.39078 
126.536  6.7302 
-25.583  7.18307 
16.5261  7.00093 
59.0035  6.56168 
-11.2477  7.18222 
-88.4392  6.90423 
74.6462  6.57579 
13.9954  7.21963 
53.3892  6.90767 
184.089  6.45343 
1.28352  6.86706 
3.60893  6.6762 
78.8505  6.49229 
10.3415  7.2719 
-51.0602  7.21614 
114.478  6.41338 
-23.8813  6.76555 
-2.2051  6.71253 
97.8478  6.52349 
-16.2167  7.06018 
-18.7515  7.48961 
29.8551  6.7294 
-45.4276  6.89247 
-63.9576  6.79597 
115.212  6.77112 
-38.6496  6.90582 
50.8767  7.16814 
79.3206  6.67812 
-67.796  6.88426 
-20.1932  7.04425 
68.3704  6.67968 
-26.2627  7.13562 
8.7357  6.94857 
116.917  6.73171 
-28.0167  7.16866 
12.7715  7.36286 
148.9  6.90795 
-140.257  7.21837 
-67.2154  7.22852 
138.909  6.76581 
-104.673  7.17965 
-43.8395  7.39454 
187.443  6.89267 
-162.33  7.1674 
34.8497  7.08222 
133.8  6.97997 
-101.524  7.41544 
-55.3624  7.06816 
57.5922  7.04377 
-115.368  7.376 
-4.85488  6.87444 
53.8121  6.91019 
-118.895  1.87096 
-51.3067  2.06102 
108.797  1.89809 
-40.9554  1.84597 
-301.888  1.97736 
35.3315  1.83582 
-77.817  6.93824 
-231.866  7.57408 
-35.0613  7.19788 
-82.184  6.95727 
-261.316  7.25692 
39.2707  6.85866 
-33.8404  7.50751 
-207.469  7.03083 
44.4167  6.74889 
-1.50714  6.54374 
-209.414  7.27556 
-20.2833  6.76105 
22.9231  6.45756 
-161.7  7.14684 
-25.1391  7.25575 
20.8765  6.59847 
-180.653  7.06462 
1.06213  6.62408 
-138.887  6.61614 
-158.19  7.0129 
23.6355  6.43344 
-36.9773  6.52067 
-119.684  6.89341 
17.0206  7.02276 
-13.7953  6.46093 
-187.069  6.97181 
-4.95219  6.41024 
-41.79  6.31454 
-132.676  6.76088 
-21.2808  6.40576 
-24.5616  6.42936 
-183.267  6.71582 
-25.2816  6.53276 
-41.7761  6.76355 
-114.893  6.6734 
-18.893  6.52366 
-10.7003  6.55066 
-116.693  6.73203 
-71.8031  6.33281 
-31.5982  6.68453 
-66.8084  6.57496 
-38.962  6.24347 
50.867  6.66055 
-46.6713  6.5448 
-80.01  6.65693 
-13.691  6.74669 
-43.7984  6.71867 
-93.3563  6.52672 
23.9964  6.99967 
9.47473  6.9629 
-56.6346  6.34069 
7.07715  6.768 
-66.6991  6.79565 
-122.994  6.54864 
-28.707  6.93918 
12.6693  6.84173 
-45.362  6.56722 
-16.7246  6.91577 
30.9951  6.69985 
-94.7993  6.56485 
-17.6187  6.97229 
81.7577  6.70738 
-89.0639  6.55699 
13.0148  7.19693 
41.8254  6.76778 
-84.004  6.75203 
-36.9859  1.82418 
-15.1333  2.01312 
-98.5732  2.04098 
-18.4702  2.00408 
-119.276  1.89269 
-60.0393  1.85458 
-65.517  7.14798 
-35.1905  7.11394 
-59.1203  6.9375 
-8.14198  6.76253 
-76.1026  7.18959 
-85.1315  7.23125 
30.2181  6.90984 
-82.8085  7.23322 
-67.8677  7.00657 
49.6842  6.82922 
-29.9757  7.09964 
-61.7495  6.962 
31.0836  6.62326 
-34.3757  7.02525 
-94.3443  6.70151 
9.74113  6.65368 
16.0679  7.26201 
-31.5474  6.89515 
72.8414  6.65125 
-10.4013  7.16825 
9.84098  6.71216 
70.5222  6.62875 
69.8495  7.30337 
-29.9694  6.89434 
29.694  6.58454 
-9.34332  6.8834 
-8.64086  6.53 
77.718  6.65406 
-31.4125  6.91671 
31.2119  6.58605 
54.272  6.62637 
-44.0859  6.88 
-53.5163  6.49984 
35.1136  6.5532 
-88.3921  6.84776 
-15.6188  6.62537 
110.459  6.75749 
-80.1052  7.28197 
80.3189  6.31026 
40.3843  6.74737 
3.90428  7.31306 
54.2411  6.30286 
55.4956  6.76931 
1.76712  6.76618 
99.406  6.2131 
34.3657  6.86348 
-48.042  7.06821 
56.9253  6.24844 
102.761  7.33195 
8.7646  6.85721 
88.3673  6.32809 
2.86144  7.22695 
13.6786  7.09529 
21.2877  6.50363 
5.44644  6.88915 
73.9481  7.11465 
20.703  6.38547 
24.9434  7.15716 
7.37176  7.02356 
44.8084  6.73677 
84.7452  7.11571 
41.0367  7.07456 
-12.2101  6.80127 
139.959  7.15867 
44.9437  7.05155 
-13.5943  7.02056 
74.1816  1.98382 
-10.6248  2.06092 
0.00674615  2.04634 
-124.217  2.00047 
-168.502  1.92801 
-54.5954  1.94417 
-180.965  7.30668 
-106.838  6.83664 
-61.2488  6.53253 
-154.972  7.14162 
-129.109  6.7512 
-3.63616  6.30388 
-130.272  7.14113 
-157.18  7.07429 
-9.90555  6.79867 
-107.181  7.26294 
-56.533  6.50153 
-58.7449  6.31689 
-186.042  7.0924 
-106.053  6.68897 
-31.9377  6.6198 
-127.663  7.09883 
-117.49  6.62651 
7.81787  6.19313 
-163.758  7.18536 
-86.5378  6.53383 
-41.7587  6.37768 
-152.158  6.83137 
-108.438  6.51559 
-57.1362  6.13009 
-120.211  6.67328 
-165.302  6.31456 
-35.3276  6.19565 
-148.792  6.77245 
-103.157  6.41467 
-109.108  6.39337 
-203.472  6.75417 
-85.3892  6.4516 
-27.5852  6.35545 
-184.062  6.69971 
-163.327  6.67828 
-87.967  6.5282 
-252.011  6.99211 
-117.594  6.55325 
-124.813  6.69283 
-160.662  6.96448 
-165.059  6.71767 
-91.3369  6.86032 
-219.313  6.70661 
-202.182  6.61793 
-114.992  6.64361 
-224.206  6.87637 
-178.799  6.76776 
-112.03  6.77522 
-220.419  6.93318 
-163.959  6.92667 
-62.7947  6.73336 
-192.35  6.99362 
-134.947  6.99761 
-200.48  6.98202 
-213.517  7.03439 
-163.548  7.06847 
-78.4228  6.94542 
-259.631  7.02384 
-200.067  6.91751 
-147.182  6.90019 
-168.21  7.20913 
-176.16  6.97871 
-132.806  7.0389 
-275.494  7.06471 
-173.233  6.94108 
-183.59  7.09653 
-276.237  1.843 
-195.945  1.87943 
-186.689  1.98083 
13.9425  2.34243 
-201.791  1.97171 
185.638  1.9362 
22.6654  8.41227 
-137.336  7.65291 
114.07  7.43408 
99.9333  8.22988 
-129.597  7.51935 
209.307  7.12942 
99.3721  8.10806 
-135.533  7.78025 
190.362  7.06458 
75.5677  7.98294 
-122.661  7.70964 
190.879  7.14005 
47.148  7.5742 
-202.481  7.57396 
155.892  7.03158 
93.8214  7.68145 
-199.324  7.50278 
127.209  6.83781 
110.436  7.63417 
-147.966  7.73045 
129.886  7.21146 
62.3642  7.17796 
-230.218  7.36661 
148.069  6.8978 
79.1856  7.46805 
-245.619  7.54704 
179.172  6.99944 
112.119  7.35252 
-182.514  7.40154 
160.106  6.78365 
76.3111  7.30599 
-152.021  7.50787 
119.444  7.02636 
120.022  7.24367 
-176.881  7.40372 
112.891  6.98188 
97.7054  7.34453 
-137.306  7.251 
64.1768  6.86551 
87.378  7.23126 
-188.246  7.24553 
95.3805  7.1519 
72.1117  7.02055 
-163.796  7.35156 
77.8923  7.00438 
58.1804  7.22413 
-197.674  7.44618 
127.083  6.95153 
104.016  7.40248 
-130.066  7.62363 
61.5484  7.32026 
66.9675  7.34119 
-178.636  7.65659 
60.1886  7.32945 
-19.7063  7.53935 
-148.84  7.5497 
88.7216  7.39284 
95.8569  7.61817 
-207.16  7.74143 
31.4268  7.53031 
112.544  7.55749 
-142.233  7.56272 
27.4869  7.56606 
9.90636  7.4887 
-179.795  7.70149 
45.5532  7.94931 
43.1209  1.90305 
-162.367  2.16984 
46.7559  2.31132 
42.7999  2.04637 
-32.2037  2.17024 
12.1072  1.92833 
79.2763  7.53245 
-48.9534  7.46386 
-39.3739  7.67053 
22.0571  7.55157 
-73.7873  7.25551 
-53.9112  7.54288 
20.9708  7.50208 
-36.9359  7.41608 
-12.4921  7.40963 
30.5722  7.43424 
-48.349  7.04227 
-10.072  7.44258 
74.4862  7.36149 
-88.0046  7.42448 
8.25077  7.14621 
89.835  7.2707 
-20.3184  7.19619 
16.2307  7.17208 
102.488  6.96917 
-42.8767  7.07389 
33.1916  7.05866 
93.8118  7.13962 
16.4373  7.01842 
49.2492  6.98731 
105.514  7.04403 
-76.0478  7.0454 
43.2861  7.05079 
106.938  7.13859 
-23.8737  6.83318 
62.0416  6.83537 
87.7263  7.15126 
-57.3453  7.00855 
102.242  6.8059 
78.8418  7.30513 
-13.9368  6.87163 
56.7798  6.80501 
122.061  7.41896 
-16.3385  7.04843 
84.0971  6.85879 
68.929  7.43379 
-13.8597  7.09288 
78.8636  6.76972 
111.37  7.58685 
-50.9752  7.10882 
139.602  6.94301 
61.3671  7.76801 
-47.595  7.29972 
92.1513  7.04476 
42.1525  7.67981 
24.3229  7.29563 
100.628  7.09568 
98.4784  7.82585 
-35.6809  7.46293 
138.102  7.13442 
84.0808  7.93647 
-31.2327  7.59683 
91.2072  7.27694 
97.3864  8.22917 
-60.3741  7.74095 
94.4114  7.33272 
134.314  8.18439 
7.80144  7.275 
63.0333  7.61997 
122.767  8.23597 
-43.8593  7.43585 
131.132  7.37379 
42.1794  2.21157 
-47.7055  2.09708 
107.289  1.92166 
-173.93  1.90257 
-49.1146  2.22912 
-117.089  2.0959 
-38.809  7.67388 
-60.5527  7.75012 
-130.603  7.50667 
-98.2022  7.71787 
-73.7679  7.81762 
-75.5454  7.48328 
-82.2262  7.63791 
-30.4789  7.82653 
-107.459  7.50917 
-90.5296  7.46133 
-20.6809  7.64938 
-51.843  7.27418 
-92.4442  7.62605 
-44.4371  7.80628 
-98.4786  7.49399 
-25.5217  7.56543 
-54.5943  7.71325 
-86.7856  7.20901 
-112.72  7.44179 
-13.8997  7.80933 
-53.3336  7.17387 
-58.7277  7.35202 
-30.7904  7.6723 
-43.821  7.07258 
-49.8844  7.26302 
18.6459  7.34694 
-75.1151  6.84823 
-25.7876  7.50625 
78.1822  7.38057 
-86.5231  6.9558 
-65.1574  7.56074 
36.556  7.55802 
-85.533  7.2341 
-47.227  8.07605 
-77.4118  7.38713 
-133.06  7.25532 
0.373046  7.32699 
-32.9757  7.94642 
-99.1826  7.08887 
-27.8353  8.11244 
4.1415  7.49388 
-120.463  6.65412 
3.3257  7.76713 
7.11969  7.4816 
-36.2122  6.96307 
7.96502  8.31584 
-12.8585  7.77226 
-52.4138  7.01611 
-3.29631  8.36903 
-55.0217  7.77 
-14.4334  7.05229 
1.26384  7.7824 
-96.908  7.82641 
-146.234  7.05949 
-26.1284  8.34953 
36.2643  8.39933 
-53.2206  7.3169 
-40.2956  8.30105 
3.07732  7.62237 
-50.7273  7.50425 
-47.1019  9.07229 
-26.1672  7.72201 
-61.5429  7.14516 
-2.0731  8.38036 
12.1369  7.96542 
-27.8469  7.43518 
-18.3396  2.34614 
-1.68978  2.04623 
-79.5882  2.13428 
95.808  2.34918 
47.4349  2.12677 
133.378  1.95032 
64.4555  8.45282 
109.059  7.77058 
98.4752  7.51207 
69.0819  8.33256 
143.927  7.49747 
118.025  7.14705 
120.206  8.17265 
147.037  7.48829 
74.0066  7.21166 
62.5308  8.17475 
135.234  7.66307 
137.064  7.16881 
28.2398  7.99927 
134.646  7.64453 
91.8358  7.22694 
86.3681  7.78502 
215.556  7.37656 
149.495  7.00559 
95.1915  7.88282 
177.483  7.38279 
141.118  6.8798 
44.1591  7.61651 
178.771  7.15492 
98.4221  6.82614 
102.908  7.5175 
121.919  7.13578 
214.112  6.32585 
94.2363  7.34569 
124.827  7.15778 
89.936  6.46225 
133.73  7.33975 
181.436  7.21997 
109.554  6.70419 
120.199  7.34328 
227.732  7.12972 
150.346  6.60311 
99.1643  7.23323 
119.119  7.11417 
99.8902  6.72913 
121.313  7.12565 
181.602  7.32028 
102.231  6.82515 
116.311  7.41211 
65.62  7.40224 
125.59  7.09967 
104.146  7.15521 
161.275  7.59385 
105.169  7.11942 
97.4774  7.31628 
149.553  7.52301 
37.8957  7.14693 
82.0169  7.35717 
83.8227  7.61949 
99.6574  7.08944 
54.2184  7.34555 
129.491  7.60856 
86.7008  7.1378 
78.8918  7.36911 
96.6373  7.76443 
111.178  7.17933 
99.0166  7.60632 
15.8052  7.79583 
61.8556  7.47919 
101.957  7.67308 
59.7297  7.88701 
96.5258  7.61688 
75.4281  1.91265 
29.4318  2.07904 
49.1718  2.02256 
157.004  2.04187 
296.952  1.8758 
61.1278  1.96906 
121.791  9.01824 
249.648  8.3332 
97.9029  7.72791 
106.038  9.0158 
301.387  8.54498 
71.6943  7.82658 
134.703  8.77696 
246.53  8.35561 
65.858  7.59937 
26.7184  8.909 
276.611  8.53798 
138.436  7.83918 
38.3653  8.58789 
158.511  8.01513 
108.563  7.42664 
85.3586  8.49922 
172.237  8.33274 
156.781  7.02996 
91.7406  8.29387 
187.326  8.32235 
130.695  7.13417 
99.2223  8.20017 
247.412  8.43947 
207.593  7.24241 
110.15  8.22093 
151.738  8.21652 
206.993  7.18174 
132.306  8.03019 
137.709  8.33313 
243.44  6.96529 
64.376  8.1087 
147.047  8.22076 
234.414  7.06552 
111.922  8.06085 
48.6329  8.06984 
249.335  6.972 
137.872  7.60733 
58.0028  8.29167 
255.64  7.1677 
47.5021  7.90224 
18.5272  8.50907 
204.799  7.40525 
113.054  7.97789 
34.1364  8.30946 
217.125  7.37517 
95.5499  7.69917 
22.1439  8.66253 
291.331  7.24778 
177.811  7.86766 
45.597  8.49811 
204.882  7.45432 
97.7071  7.94348 
44.3184  8.72507 
220.149  7.46543 
131.395  8.11533 
-12.9124  8.66362 
255.934  7.66348 
109.724  8.45146 
12.3886  8.85748 
245.597  7.71082 
117.942  8.23493 
-62.9737  9.05769 
222.002  7.64394 
85.565  8.25666 
-65.4686  8.91963 
231.76  7.65673 
12.8989  2.03204 
-85.165  1.88935 
183.37  1.94846 
2.34841  1.8131 
-84.6711  1.90948 
-49.9841  2.11051 
14.8392  7.97768 
-71.393  8.14008 
-6.32049  8.05575 
7.96321  7.78317 
-52.4582  7.91893 
-8.16753  8.23127 
-52.2449  7.59298 
-21.5914  7.99484 
2.09525  8.13305 
84.8759  7.68125 
-11.1989  7.73835 
-2.03941  7.79804 
9.89167  7.26683 
-75.4777  8.08299 
6.74816  7.62346 
74.1583  7.51943 
2.1802  7.58681 
-3.52603  7.55247 
42.5785  7.36667 
51.3699  7.63507 
-38.2491  7.60097 
82.0984  7.48167 
44.7432  7.63766 
38.1849  7.39841 
136.76  7.1913 
52.0639  7.3828 
21.0778  7.1669 
134.666  7.1754 
40.052  7.43365 
111.807  7.02312 
97.3782  7.51981 
10.8383  7.24849 
25.5639  7.11675 
90.8899  7.53294 
21.4236  7.51347 
16.26  7.15181 
101.49  7.57903 
81.6748  7.41217 
-27.552  7.1845 
69.1487  7.65513 
20.5301  7.6916 
77.6201  7.23816 
74.1578  7.899 
55.2805  7.57429 
34.8133  7.22879 
129.862  7.92907 
80.2884  7.72287 
-22.8348  7.41196 
128.052  7.83732 
20.9159  7.86908 
105.977  7.45005 
91.2981  7.94868 
34.7668  7.76826 
128.579  7.22178 
111.788  8.13253 
26.8  7.99812 
53.9675  7.41501 
86.1767  8.16235 
104.036  7.75233 
15.072  7.37622 
92.9081  8.52919 
58.0137  7.89122 
50.2444  7.55087 
40.0615  8.44235 
84.3448  8.01457 
36.0749  7.72688 
102.668  2.0155 
70.5646  1.9875 
44.3517  1.84125 
-15.3739  2.08135 
45.8317  2.02093 
-143.264  2.03343 
34.2638  7.64833 
106.556  7.48039 
-116.382  7.84366 
-22.5771  7.96319 
166.308  7.55882 
-54.7113  7.89837 
-30.3827  8.05239 
84.0496  7.60325 
-11.9309  7.59375 
87.0217  7.75134 
112.927  7.50975 
-13.2915  7.652 
29.0886  7.54843 
95.6736  7.48426 
-45.746  7.47118 
14.8196  7.60573 
105.806  7.42706 
-47.7117  7.36991 
76.4479  7.4566 
111.285  7.42266 
18.7888  7.3368 
44.002  7.59574 
106.753  7.53814 
-11.6037  7.3349 
-26.5064  7.55118 
120.842  7.21809 
41.4431  6.99398 
-34.87  7.71919 
111.492  7.54879 
23.3908  7.22418 
6.95597  7.31553 
71.2421  7.67318 
10.9849  6.90763 
49.9178  7.46192 
5.36735  7.51282 
32.9986  6.97193 
48.4199  7.68578 
2.60118  6.93574 
-49.6735  6.89038 
134.384  7.71867 
12.6577  7.46809 
10.0883  7.06199 
89.5874  8.00618 
41.3315  7.63657 
18.0972  7.24239 
87.3257  8.51084 
-28.1873  7.94499 
11.8804  7.17943 
112.099  8.14062 
-66.6491  7.75566 
40.5845  7.29211 
121.572  8.28345 
-85.2091  7.93494 
9.39561  7.44213 
61.4557  8.48606 
-59.6597  8.08223 
5.77827  6.9003 
51.8262  8.26874 
-58.6301  8.13442 
-19.5771  7.27875 
174.225  8.23098 
-127.057  7.83606 
-35.7962  7.39721 
197.491  8.56281 
-108.047  8.11387 
-49.8575  7.56386 
186.044  2.10095 
-139.541  1.97998 
-90.8636  1.99414 
-67.7471  2.02043 
92.2279  2.03355 
-37.0702  1.91547 
-54.5928  8.18861 
65.2729  7.69328 
-9.34518  7.11549 
-17.2962  8.3147 
73.4136  7.81894 
-31.1526  7.67606 
-66.2998  8.10793 
71.8459  7.71014 
-7.18935  7.07799 
-129.869  8.17557 
92.1758  7.72975 
-74.3784  7.44409 
-32.3961  8.12473 
89.4423  7.46634 
-118.298  7.10592 
-102.426  8.05819 
133.894  7.38638 
-92.3489  7.30281 
-90.4168  7.88283 
62.3106  7.37012 
-42.927  7.05598 
-117.809  7.58509 
48.9954  7.33815 
-180.454  7.05165 
-92.6546  7.78545 
-21.4027  7.30124 
-141.205  7.08986 
-97.7723  7.73458 
12.5098  7.20037 
-19.93  6.85012 
-62.9344  7.60267 
23.9872  7.10326 
-80.9257  6.89883 
-135.525  7.54674 
-57.7874  7.29051 
-111.679  7.12794 
-180.869  7.50478 
-5.78692  7.26438 
-81.4634  7.22507 
-214.423  7.07779 
-33.1726  7.71188 
-108.396  6.96559 
-134.644  7.42453 
-45.0418  7.46135 
-119.638  7.3786 
-130.926  7.581 
-109.478  7.43833 
-159.797  7.51358 
-85.4865  7.73349 
-41.7303  7.5113 
-100.044  7.57424 
-94.8859  7.61326 
-34.7362  7.72358 
-68.8561  7.40832 
-159.992  7.86956 
-25.4269  7.87672 
-124.019  7.59645 
-178.895  7.73801 
-133.787  8.05319 
-39.5718  8.01308 
-206.933  7.9532 
-106.894  8.07033 
-171.327  7.74631 
-235.451  7.84759 
-101.498  7.92558 
-117.523  7.50271 
-229.622  2.04744 
-85.9218  2.02582 
-144.983  2.07864 
9.81124  1.89495 
224.834  2.10783 
241.15  1.98581 
38.6901  2.2991 
257.541  8.38604 
217.916  7.69474 
-41.2189  8.40029 
268.239  8.24548 
184.96  7.60725 
21.9287  8.28022 
216.241  8.05245 
168.064  7.43486 
-15.6865  8.32432 
288.129  8.21154 
203.199  7.63544 
6.47623  8.0191 
149.445  7.95642 
199.746  7.39246 
-45.0183  8.26473 
220.373  7.98827 
174.875  7.28744 
-86.2259  8.0711 
190.105  8.17488 
191.45  7.46646 
-105.413  8.04874 
136.295  8.18754 
234.5  7.21949 
13.4962  7.86378 
93.4785  8.11295 
219.923  7.30167 
-0.784028  7.5819 
109.6  8.04962 
182.426  7.1236 
-79.3028  8.51383 
27.3451  8.04441 
217.566  7.32214 
-24.7856  7.62403 
106.345  8.12404 
161.876  7.10989 
-7.15826  7.57546 
85.4965  8.12638 
238.701  7.26597 
-36.2578  7.9396 
48.8676  8.05453 
242.995  7.24654 
-5.53681  7.47976 
-20.38  8.09275 
183.183  7.46161 
49.9177  8.06088 
-8.38005  8.32749 
176.767  7.65037 
-6.66533  7.65988 
-27.9114  8.66117 
204.69  7.67085 
-15.8612  8.10256 
3.26555  8.45284 
156.995  7.53462 
-34.4147  7.75652 
-103.198  9.16798 
152.668  7.53346 
6.00861  7.7831 
-34.9006  8.64162 
198.909  7.92821 
-14.674  8.41161 
-18.6646  8.58536 
216.591  7.90264 
-50.0458  8.01699 
-75.4521  8.52599 
110.895  7.99001 
-58.0897  1.90823 
-94.7053  1.973 
145.947  2.08291 
17.2621  1.93911 
-18.375  1.98251 
44.3004  1.84374 
-21.5382  7.61619 
-40.4185  7.8752 
73.8173  7.5939 
34.2484  7.53458 
-74.2121  8.25437 
116.642  7.50986 
20.2398  7.48172 
-0.53367  8.3438 
98.1849  7.70772 
41.3199  7.35966 
-1.8195  7.60397 
95.6331  7.39089 
36.8621  7.45634 
-16.787  7.59553 
38.0766  7.41103 
37.5556  7.19281 
-25.1871  7.60724 
104.039  7.23807 
20.8844  7.33604 
19.4149  7.54845 
120.085  7.23651 
31.0441  7.74313 
50.2686  7.47331 
159.06  7.28728 
0.577087  7.0811 
47.6039  7.30752 
50.5251  7.03502 
41.6785  7.16765 
66.4735  7.42512 
77.4588  7.09581 
61.2242  7.38068 
55.7144  7.33221 
111.731  7.08425 
128.368  7.11693 
76.7201  7.32962 
42.4765  6.77692 
61.8323  7.47849 
103.813  7.35693 
103.758  6.91027 
11.048  7.37435 
69.7806  7.50682 
79.6889  7.07375 
35.7002  7.46837 
102.199  7.48282 
83.3187  7.00753 
111.639  7.46605 
134.006  7.43102 
34.8521  7.42788 
78.3625  7.4109 
88.2892  7.69507 
161.143  7.12766 
60.4183  8.36319 
126.874  7.49458 
177.698  7.28153 
-4.70875  7.82651 
72.8642  7.513 
103.566  7.31065 
29.6739  8.10949 
88.214  7.65101 
116.621  7.26682 
7.43194  7.78432 
87.5839  7.66731 
111.276  7.38685 
37.3764  8.10068 
79.2034  7.74292 
81.8236  7.48264 
-12.8652  2.00515 
32.2781  2.06816 
50.5426  1.8563 
-94.6592  2.01088 
-86.138  1.93162 
-86.2003  1.94518 
-61.5288  7.72407 
-97.1011  8.05211 
-67.1753  7.88196 
-55.5835  7.5773 
-56.7351  8.20718 
-68.4943  7.67846 
-28.623  7.25293 
-131.168  7.97526 
-21.0966  8.14468 
-78.9608  7.44247 
-174.059  7.94351 
-1.85766  7.25683 
-62.0232  7.27703 
-58.7399  7.89855 
-41.5157  7.39423 
-77.6252  7.33175 
-84.5889  7.85999 
14.2196  7.36447 
-55.8166  7.26391 
-89.3475  7.72516 
16.9343  7.91801 
-36.2902  7.26393 
-35.8785  7.75415 
1.07676  7.10031 
-61.3131  7.33185 
-93.9585  7.53028 
33.1554  7.06215 
-72.9932  7.25897 
-44.1378  7.7133 
12.8973  7.09677 
-38.9567  7.28943 
-9.25306  7.92928 
-11.7521  7.04961 
-12.8089  7.25345 
-2.74254  7.23089 
-13.4151  7.05261 
-40.0419  7.18632 
-22.8737  7.45839 
21.7747  6.81434 
-12.4096  7.5403 
-84.9592  7.69341 
41.0093  6.96252 
-69.807  7.64371 
-71.7579  7.81098 
45.4216  7.19689 
-98.206  7.58614 
19.7667  7.79283 
18.6568  7.34185 
-42.9622  7.45321 
28.8841  8.10989 
64.7813  7.32198 
-73.4555  7.70659 
2.41199  7.73402 
-8.00816  7.17996 
11.8824  7.76122 
8.22648  8.31105 
12.0971  7.49499 
-66.3031  7.9769 
-1.74859  7.51713 
-102.864  8.01463 
-66.5731  8.04229 
-109.668  8.30156 
2.39449  7.16253 
-44.1115  8.18266 
9.28646  8.055 
-36.3677  7.66036 
-50.8269  2.04513 
-25.1057  1.92742 
-84.9828  1.89253 
-21.6752  1.89329 
85.4368  1.92582 
-154.45  1.99659 
-43.1372  8.21147 
103.976  7.82024 
-149.545  7.36483 
-77.4196  8.06617 
75.2257  7.8059 
-50.5915  7.21524 
-70.8103  8.02177 
105.062  7.63266 
-130.441  7.259 
-12.5044  7.82795 
83.5575  7.69767 
-129.414  7.49056 
23.302  7.76262 
62.6209  7.72333 
-64.9885  7.37495 
-74.6344  7.76312 
35.9414  7.82362 
-141.99  7.2042 
-69.2674  7.8115 
46.5743  7.56652 
-122.655  7.06012 
-72.6798  7.7195 
-8.10697  7.50272 
-107.713  7.1761 
-63.9402  7.72192 
65.3959  7.76747 
-144.876  6.97318 
-91.1303  7.51354 
17.3296  7.38372 
-163.639  6.82284 
-35.9894  7.51729 
20.9013  7.5236 
-143.304  6.80347 
-121.635  7.4092 
-46.8504  7.31218 
-109.663  6.86984 
-99.2329  7.51161 
1.41895  7.32007 
-160.101  7.27069 
-103.368  7.5284 
0.95983  7.94322 
-159.732  7.31166 
-116.729  7.37071 
-77.3934  8.19592 
-149.79  7.23039 
-131.592  7.39924 
-6.35669  7.62238 
-30.1076  7.31147 
-107.851  7.73479 
-86.9215  8.07136 
-105.054  7.26528 
-207.594  7.5749 
-79.1985  7.79526 
-109.588  7.31862 
-124.838  7.73861 
-135.562  8.03671 
-139.096  7.42692 
-107.006  7.97909 
-77.4112  7.81299 
-208.757  7.38312 
-213.093  7.71102 
-91.1243  8.2154 
-98.3012  7.66057 
-137.526  7.65613 
-107.677  7.96388 
-133.228  7.45515 
-100.068  1.91861 
-169.565  1.88985 
-154.181  2.03503 
