148.2  2.07409 
66.4583  1.94109 
-83.3121  2.01713 
152.835  8.30177 
64.5653  7.76692 
-109.991  7.41572 
158.509  8.55092 
103.743  7.9723 
-143.247  7.41853 
167.807  8.46957 
20.1381  8.07844 
-143.088  9.43634 
115.766  8.48458 
135.063  7.95167 
-104.563  7.61119 
112.897  8.26896 
110.719  8.01153 
-61.1814  7.5187 
113.604  7.98497 
4.40865  7.64654 
-101.043  7.42201 
110.14  8.0708 
70.4455  8.42815 
-153.604  8.06068 
95.3523  7.79806 
51.9729  7.77101 
-87.3337  7.13272 
109.002  7.91958 
45.4702  7.71942 
-98.8685  7.55247 
117.363  7.75924 
52.6298  7.66839 
-113.433  7.23019 
15.6446  7.54187 
29.3749  7.48041 
-153.183  7.14883 
103.292  7.6369 
75.2097  7.61344 
-188.768  7.48945 
91.3571  7.50545 
64.7419  7.70222 
-175.464  7.74415 
57.3624  7.469 
20.253  7.65131 
-261.156  7.41817 
-18.049  7.87661 
61.0867  7.88526 
-228.864  10.0422 
-21.1964  7.58005 
73.2358  7.85973 
-255.614  7.72351 
20.0952  7.59203 
66.3582  7.54784 
-215.794  9.04067 
31.6053  8.09633 
52.1807  8.13838 
-215.31  8.05967 
-32.9457  8.01924 
80.447  7.67293 
-265.752  7.7743 
48.5776  8.10927 
91.3502  7.86305 
-264.382  10.9716 
-46.9928  8.21023 
27.776  8.28346 
-212.847  8.42625 
-35.367  8.3654 
83.0553  7.99997 
-184.708  8.21415 
-67.5404  1.92393 
91.903  1.78677 
-209.563  2.05585 
1.73407  1.87217 
-134.275  1.88854 
8.23023  1.85424 
-48.056  7.35568 
-122.018  7.64921 
-23.3062  7.32106 
9.19469  8.01799 
-162.097  8.37964 
-28.5026  7.93541 
-2.33209  6.99694 
-122.154  7.77274 
-40.6582  7.94427 
29.5845  7.28696 
-65.0953  7.81749 
-0.342054  7.1349 
85.903  7.07414 
-59.2226  7.46213 
-47.7685  7.15985 
42.2118  7.22857 
-93.0603  7.78042 
-28.5857  8.1359 
52.1658  6.89464 
-158.33  7.66154 
-2.33303  7.26575 
16.642  7.1232 
-103.516  7.75071 
4.08682  7.18434 
-32.5888  7.36773 
-120.517  7.56413 
-34.0446  7.71608 
-7.74379  7.11232 
-86.7816  7.66492 
-3.60304  7.4445 
-29.1146  7.26565 
-66.9939  7.93754 
-11.9417  6.98771 
-51.9446  7.43934 
1.79158  7.11221 
-23.6337  8.86557 
-30.2334  7.463 
-79.3653  7.57016 
-1.38008  6.8881 
-35.1347  7.75403 
-48.5595  7.6092 
27.8172  6.94596 
-133.831  7.8459 
-91.0361  7.79081 
-16.6922  9.04655 
-37.679  7.82774 
-105.793  7.72934 
-49.7726  7.26136 
-18.4396  7.8597 
-53.6236  7.85941 
-30.4949  7.35256 
-69.7803  7.92844 
-23.1175  9.80814 
49.022  7.94873 
-32.8557  7.67471 
-63.2659  7.76463 
-39.18  7.3167 
-16.9145  8.23375 
-47.6464  7.84 
19.6731  7.4423 
-96.1837  8.64146 
-52.9091  7.86604 
-42.3122  7.42151 
-133.763  8.62262 
-67.2594  8.00841 
-102.738  9.57932 
-79.851  2.23173 
-9.99045  1.8911 
-3.86774  2.01874 
3.19113  1.90576 
-77.0327  1.96305 
34.2948  1.84591 
-19.2788  7.77869 
-7.46611  7.599 
33.8328  7.72803 
42.5928  7.7757 
13.5583  8.18273 
28.9205  7.90003 
10.1998  7.69566 
-6.48428  7.82366 
49.7788  7.78775 
36.735  7.65774 
9.09742  7.60357 
20.1334  7.69005 
93.2934  7.71557 
22.6944  7.68485 
20.5836  7.54795 
122.407  7.26138 
36.3044  7.5744 
73.5358  7.31326 
73.2067  7.54267 
-44.7417  7.682 
-19.4325  7.46231 
63.7918  7.39764 
-9.69424  8.12518 
22.3198  7.76808 
93.5497  7.30716 
-1.92034  7.14876 
-5.32496  7.14027 
74.9122  7.36966 
-43.6358  7.5489 
43.6746  7.11764 
69.7436  7.39693 
-131.268  7.56206 
79.1931  7.24948 
91.8825  7.56122 
-68.9497  7.5365 
83.7948  7.11944 
33.9137  7.67195 
-47.3792  7.62114 
21.4378  7.02956 
114.775  7.74285 
-97.9945  7.78076 
45.9568  6.97869 
62.9435  7.68361 
-126.14  7.66615 
24.4743  7.39633 
67.8347  7.89677 
-140.361  7.74975 
-3.47896  7.28966 
85.4663  7.94376 
-114.255  7.87001 
1.33272  6.7975 
61.7254  8.33015 
-90.3997  7.97621 
16.1018  7.16682 
-5.91704  7.99322 
-93.7446  8.10984 
20.2876  7.48239 
111.329  8.08182 
-108.523  7.87091 
15.3628  7.87802 
151.414  8.40134 
-48.5234  7.99109 
-0.0233396  7.01531 
68.4992  8.35715 
-23.7101  8.04829 
36.8924  7.56937 
109.927  2.19293 
-69.1315  1.95718 
28.1577  1.89849 
-53.8951  2.22803 
33.6158  2.09302 
-23.4938  1.90329 
-54.7164  8.48854 
103.132  7.75317 
-18.8534  7.6033 
-142.634  8.86415 
85.9765  7.97421 
-7.1762  7.77052 
-104.242  8.41651 
39.5862  7.56237 
19.9259  7.58462 
-89.8488  8.78072 
58.1459  8.01562 
-23.1247  7.84132 
-80.6427  8.51498 
8.9433  7.73513 
-67.2336  7.34243 
-190.472  8.55188 
66.23  7.86777 
-61.2496  7.406 
-113.158  8.11929 
3.39311  7.31052 
-54.7794  7.25882 
-160.296  8.26762 
16.5997  7.91313 
-4.79154  7.0267 
-131.256  8.38919 
36.9751  7.65055 
-10.4102  7.70334 
-123.038  8.3639 
93.3962  7.56087 
-22.751  7.54166 
-153.063  8.17011 
139.191  7.29982 
-87.4219  7.29077 
-133.056  8.13681 
46.047  7.27297 
-32.126  7.63943 
-110.209  7.96083 
158.433  7.43457 
-32.0364  7.50415 
-122.289  7.72952 
117.326  7.20368 
-14.5491  7.21984 
-107.646  8.19348 
53.7181  7.50556 
-51.4236  7.33076 
-26.2603  8.06815 
2.70164  7.40065 
18.2834  7.68833 
-0.267603  7.63403 
70.0388  8.13772 
8.92378  7.61046 
-14.8445  8.34855 
47.8472  7.69072 
42.8266  7.87088 
26.0994  8.07301 
66.044  7.66429 
9.71993  7.72097 
-81.0111  8.07485 
1.86903  7.75802 
-24.7637  8.1007 
8.73529  8.07363 
47.4293  8.56816 
-70.0982  7.96544 
-20.8389  8.25237 
44.0499  7.93775 
-76.4352  7.96079 
38.5487  1.8939 
46.9294  2.24185 
-6.89979  1.89408 
-30.074  1.91117 
156.924  1.91565 
20.1361  1.90818 
39.0915  8.3653 
121.467  7.89109 
-11.2184  7.68731 
-13.7517  7.64904 
98.4481  7.47167 
9.57899  7.25564 
-28.8056  8.18108 
167.953  7.96444 
3.44411  7.44872 
-25.8868  8.0165 
158.334  7.88719 
-11.5122  7.73944 
-56.8032  7.98625 
129.662  7.82411 
-27.9838  7.6578 
-49.0335  7.83067 
177.48  7.8205 
38.3655  7.45715 
-14.6734  7.80031 
114.329  7.74097 
-9.24197  7.36158 
-71.3075  7.73149 
151.522  7.61831 
37.6202  7.4358 
-8.67575  7.7613 
150.971  7.62322 
77.6004  7.24333 
-130.624  7.95248 
134.372  7.65721 
20.9073  7.06442 
-50.6316  7.68101 
157.253  7.61628 
53.9071  7.04982 
-85.1123  7.49182 
103.217  7.41283 
-1.44871  7.02397 
-76.581  7.46534 
166.812  7.57284 
14.8236  7.83735 
-124.76  7.47173 
135.432  7.47093 
13.7394  7.13607 
-69.5559  7.73318 
145.097  7.52196 
-2.12366  7.03644 
-45.2762  7.68502 
111.175  7.6184 
21.5814  7.85218 
-94.6856  7.94925 
118.076  7.64745 
-1.83273  7.33631 
-86.1109  7.61764 
122.098  7.78361 
72.8743  8.06981 
-76.9158  7.7999 
58.7428  8.05433 
-19.4825  7.80982 
-115.018  7.80561 
24.259  8.16321 
-74.0729  7.81578 
-103.436  7.92746 
77.6722  7.80323 
-66.5303  7.83014 
-172.984  8.06183 
65.4675  8.05439 
-48.2576  7.90417 
-136.762  1.91074 
25.1054  1.92301 
-134.492  1.9019 
-47.348  2.094 
-124.969  1.87043 
-102.247  1.90989 
-52.839  7.56658 
-208.352  7.79599 
-86.4235  7.87926 
8.3656  7.15503 
-161.474  7.89786 
-52.8315  7.61293 
-48.1919  7.253 
-214.132  7.70575 
-146.916  7.55526 
-53.9516  7.25787 
-149.799  7.57373 
-39.4223  7.62852 
-83.7094  7.27979 
-110.176  7.53767 
-58.9651  8.0618 
-75.3713  7.25901 
-209.481  7.61179 
4.18195  7.12532 
-32.8477  7.09435 
-196.751  7.61007 
-17.6132  7.27924 
-57.7935  6.90795 
-197.415  7.26177 
-10.5819  6.94955 
-63.7854  7.04685 
-86.515  7.387 
-44.7411  7.45567 
-86.2834  7.7871 
-120.618  7.29536 
-59.2181  7.33132 
-1.94728  7.04764 
-112.271  7.2258 
-32.128  7.26011 
-63.5884  7.34002 
-147.958  7.33544 
17.981  7.17599 
-28.0195  7.39031 
-99.5673  7.37718 
-72.906  6.95523 
-84.0751  7.45783 
-107.563  7.42869 
-72.9207  7.11885 
-36.2038  7.55499 
-39.5292  7.36848 
-36.625  7.04342 
-96.6629  7.65217 
-85.3656  7.65335 
16.4381  7.76004 
-44.1353  7.5568 
-112.501  7.40725 
-3.51938  6.86638 
-112.436  7.65617 
-105.835  7.5773 
-14.6232  7.34342 
-39.6964  7.8756 
-86.1382  7.79568 
-9.18341  7.63127 
-55.6061  7.32744 
-54.6824  7.32914 
6.63098  7.05737 
-107.161  7.99385 
-80.3412  7.67311 
-19.988  7.87064 
-150.421  8.01137 
-71.8622  7.84411 
0.56642  7.182 
-179.058  2.06125 
-114.408  2.06089 
-45.3914  1.83 
-64.3993  2.10379 
-134.151  1.94012 
6.21418  1.91527 
-159.425  8.08757 
-67.7859  8.03972 
-21.2737  7.94537 
-95.2944  8.12157 
-7.55781  7.62169 
10.2623  7.61046 
-77.6962  7.8602 
-119.749  7.76373 
16.3888  7.82167 
-50.7838  7.83399 
-49.8175  7.88577 
18.7491  8.274 
-102.511  7.81286 
-56.1792  7.69032 
-3.9847  7.27217 
-44.5036  7.51891 
-75.6457  7.45404 
-26.4829  7.63848 
-83.8497  7.73688 
-17.4948  7.75444 
2.36904  7.23563 
-61.3322  7.75781 
-20.2384  7.32486 
59.9876  7.1212 
-3.71029  7.1633 
-14.691  7.52991 
35.551  7.44105 
-29.2894  7.64142 
56.1929  7.57481 
41.1807  7.24662 
-56.999  7.63495 
-29.1496  7.9765 
49.6419  7.2 
-95.664  7.83017 
5.14021  7.42072 
81.7627  7.0696 
-67.0084  7.74963 
-4.01181  7.14899 
75.9805  6.98873 
-10.3568  7.69756 
20.5261  7.58687 
104.087  7.11423 
-34.5046  7.7779 
-27.4352  7.62314 
82.3324  6.92422 
24.2873  8.35568 
-29.5457  7.75959 
15.2304  7.35071 
2.36764  7.34498 
-27.822  7.62746 
68.0289  6.92153 
24.4612  7.47685 
-24.2913  7.22554 
23.6694  6.84431 
-23.5399  8.32296 
14.4149  7.90261 
77.0171  7.38962 
-6.83045  7.42425 
-27.8507  7.90855 
24.3505  8.19173 
14.8488  8.15114 
6.70401  7.56006 
31.2779  7.38294 
44.6544  8.19044 
40.7721  7.7288 
25.0369  7.513 
26.1467  1.94501 
23.0653  1.88398 
-10.122  1.88151 
139.922  1.90433 
178.423  1.86301 
166.241  1.9003 
142.555  8.28365 
138.285  8.00158 
149.84  7.6939 
184.208  8.11754 
105.671  7.91067 
190.305  7.55137 
143.545  8.04805 
131.746  7.94082 
167.486  7.62209 
172.45  8.03225 
136.209  7.99872 
160.98  7.67656 
155.137  7.93369 
57.0893  7.92137 
245.349  7.39978 
102.571  8.06556 
81.7051  7.8332 
92.1594  7.51671 
108.497  7.64671 
68.5042  7.63415 
183.607  7.07822 
129.451  7.85352 
99.2064  7.82847 
197.972  7.3283 
120.023  7.92046 
58.9143  7.59927 
76.5403  7.28903 
42.9274  7.7496 
93.5717  7.78908 
130.754  7.46251 
91.9831  7.773 
24.6655  7.67519 
171.823  7.46962 
120.453  7.6828 
65.0516  7.52595 
60.7987  7.35655 
77.81  7.67044 
-24.5768  7.86604 
105.78  7.57288 
47.278  7.582 
65.9745  7.67397 
93.2506  7.63957 
53.205  7.32968 
85.1797  7.45355 
-2.19084  7.1921 
46.1071  7.64289 
65.4756  7.76683 
73.2101  8.21361 
9.61702  7.7951 
-6.73643  7.71063 
89.0742  7.65845 
58.8268  7.84315 
90.5514  8.1396 
22.2516  7.7732 
10.1825  7.90274 
63.7764  8.06188 
42.2507  7.76453 
0.198327  7.96639 
-15.0144  8.04788 
30.9106  7.93175 
-41.3629  8.53287 
43.3473  7.97229 
39.7343  7.84888 
-51.0054  8.20937 
49.6488  8.13681 
56.3836  8.11453 
-45.3028  1.88108 
37.4963  1.90907 
-14.9892  2.1659 
-43.2335  1.86421 
-99.6562  1.85123 
-66.5748  1.99292 
40.2303  7.29422 
-167.309  7.08968 
-13.3186  6.95738 
92.0539  7.1394 
-108.674  7.26035 
10.915  6.65836 
45.0049  7.21825 
-140.096  7.55721 
-45.1531  6.79823 
96.0051  7.4306 
-127.884  7.31273 
-113.988  6.79073 
1.10939  6.85258 
-141.378  7.2425 
-73.1261  6.63498 
41.9474  6.99017 
-163.609  7.28154 
-74.2438  6.63212 
35.8004  6.96735 
-128.234  7.36135 
-63.751  6.61644 
92.8564  6.81479 
-124.791  7.09276 
-59.615  6.22378 
-49.1728  7.08658 
-46.1525  7.03029 
-69.017  6.36026 
24.5526  6.90639 
-79.8429  7.11773 
-81.0165  6.6647 
7.61467  6.70922 
-68.8664  7.04938 
-43.3812  6.70351 
50.3527  6.95756 
-60.477  6.78196 
-34.1436  6.65641 
42.0731  6.66479 
-119.009  6.87291 
-90.1243  6.60729 
92.8098  6.80077 
-103.958  6.92017 
-39.406  6.75206 
9.22856  6.72257 
-106.022  7.12323 
-65.5937  6.83461 
53.0399  6.82773 
-99.4114  7.24148 
-35.8364  6.9755 
52.8854  6.99299 
-96.781  7.20301 
21.4996  6.97751 
60.7547  6.97485 
-90.3075  7.12493 
-105.551  6.94208 
6.07291  6.68716 
-63.7168  7.06411 
-8.84945  6.85255 
49.7108  7.2352 
-75.5459  7.26737 
-118.513  7.04987 
29.7394  7.11377 
11.6531  7.20828 
-77.3193  7.2746 
49.0682  7.48074 
-84.1375  7.29705 
-36.6743  7.32082 
94.9007  2.18437 
-73.8793  1.96591 
-21.8257  1.82666 
-136.959  1.99043 
-208.925  2.17814 
-79.4322  2.10338 
-121.747  7.30478 
-182.895  7.03195 
-119.298  6.79208 
-86.9663  7.42801 
-135.4  6.94347 
-182.156  6.94671 
-64.7157  7.1286 
-173.306  7.01156 
-137.007  6.94202 
-91.8341  7.10956 
-151.772  6.81562 
-95.9227  6.89101 
-42.0567  6.87994 
-194.156  6.78094 
-121.413  6.55429 
-98.4583  6.85447 
-165.703  6.9153 
-138.182  6.70826 
-102.89  6.85879 
-71.7037  6.56119 
-86.7455  6.57745 
-86.2706  6.64274 
-91.0783  6.36148 
-94.5342  6.30408 
-90.7641  6.75001 
-43.2891  6.30197 
-184.48  6.64303 
-61.3491  6.63843 
-109.32  6.39409 
-186.789  6.53407 
-87.0606  6.90851 
-39.9187  6.26602 
-125.837  6.48754 
-181.598  6.78811 
-14.6968  6.51732 
-151.237  6.70669 
-101.837  6.89561 
-76.2424  6.48992 
-124.688  6.38787 
-109.239  6.65514 
-110.697  6.34892 
-220.184  6.46258 
-142.382  6.98725 
12.7851  6.58585 
-198.835  6.57262 
-132.079  6.92918 
-49.0657  6.58564 
-221.14  6.52577 
-160.119  7.29316 
-21.7818  6.55661 
-160.545  6.62493 
-209.708  7.1982 
-116.484  6.7218 
-176.375  6.67031 
-164.663  7.06006 
-108.025  6.71448 
-179.683  6.50482 
-68.3582  7.28854 
-98.0008  7.01143 
-245.123  6.69051 
-122.506  7.19733 
-104.211  6.85372 
-120.96  6.71906 
-179.405  7.40697 
-35.989  7.0244 
-149.127  7.00831 
-133.383  1.8896 
-123.786  1.85498 
-202.105  1.90181 
218.822  2.09514 
-8.83553  1.85982 
-41.6972  1.92413 
254.272  7.11461 
-126.147  6.82068 
-38.4894  6.57773 
221.19  7.40047 
-12.1655  7.30563 
-30.5676  7.02094 
180.616  7.33109 
41.6719  6.56641 
11.2274  6.36524 
127.682  7.3337 
27.2038  6.95432 
48.8647  6.7828 
211.224  7.16058 
-73.4236  6.68967 
28.3064  6.35572 
128.002  7.19583 
33.6663  6.89369 
30.4383  6.81459 
61.7316  7.11117 
37.3597  6.63125 
-14.5494  6.59333 
100.814  7.14285 
14.5287  6.93199 
32.9666  6.66461 
58.9537  6.94158 
48.2494  6.61716 
-22.6141  6.22963 
74.1397  7.24123 
26.4045  6.65108 
-4.60802  6.34014 
-12.3849  7.31575 
33.5111  6.61228 
53.8055  6.58131 
25.2499  7.32352 
72.8787  6.70282 
-20.4169  6.58383 
41.6579  7.25754 
82.785  6.67419 
67.4831  6.29078 
34.0796  7.43668 
46.6082  6.86954 
-46.2684  6.55437 
-59.5712  7.23577 
31.4883  6.50594 
55.1248  6.21257 
-104.154  7.70328 
139.453  6.86282 
71.9723  6.44432 
-84.6068  7.54156 
92.8708  6.67692 
-1.82862  6.20297 
-145.069  7.79549 
80.8882  6.98118 
-7.84745  6.6935 
-214.545  7.53375 
-39.6959  6.72313 
86.127  6.55702 
-114.043  7.94556 
35.6952  6.9521 
-28.766  6.52085 
-214.966  7.56536 
12.9546  6.80836 
10.868  6.45653 
-207.063  7.50653 
-32.2496  6.49135 
41.6077  6.29292 
-167.587  1.90987 
0.0172608  1.96944 
8.63546  2.02225 
-5.32653  1.9194 
-155.632  2.00717 
-68.9398  1.91718 
-15.8031  7.13429 
-180.535  7.01969 
-22.9957  6.87386 
-17.6736  7.07016 
-124.832  7.12534 
5.60784  6.66977 
-86.6704  6.87626 
-125.283  6.7521 
56.7795  6.98521 
31.1034  7.0211 
-128.709  6.80563 
1.01202  6.76898 
-70.6533  6.55545 
-136.676  6.56319 
-3.51829  6.2152 
-90.1881  7.4628 
-195.897  6.67505 
17.0408  6.66388 
2.57849  7.02092 
-144.572  6.65001 
4.86495  6.9889 
-67.3866  6.85642 
-202.758  6.79388 
2.03698  6.97764 
-49.3635  6.85754 
-147.394  6.81392 
-0.588349  6.36975 
-57.4054  7.07216 
-220.07  6.66941 
34.0041  6.3673 
-4.88496  6.77315 
-182.072  6.5062 
60.8341  6.4928 
-30.1956  6.82889 
-162.129  6.61484 
59.7729  6.34186 
-50.1696  6.64095 
-174.063  6.56287 
94.6942  6.4911 
44.0702  6.57867 
-173.888  6.5419 
83.3987  6.48497 
27.0248  6.60854 
-235.632  6.57311 
58.8417  6.43243 
-47.5625  6.72682 
-175.649  6.72027 
46.8985  6.48359 
-50.9427  6.67976 
-143.808  6.6811 
63.4874  6.58551 
30.4943  6.97862 
-169.479  6.93712 
100.931  6.76811 
21.0978  6.94624 
-64.7399  6.89522 
72.3027  6.73444 
88.9441  7.42723 
-125.622  6.7474 
118.084  6.61832 
4.07792  7.07472 
-110.227  6.79028 
39.9011  6.79412 
88.6167  7.23769 
-83.425  6.89984 
45.7452  6.85453 
70.0672  2.11258 
-69.2457  1.9053 
25.1431  1.96205 
-17.359  2.20974 
-74.6001  1.92794 
103.481  2.01632 
9.2133  7.52082 
-47.9463  7.1124 
57.9379  6.82467 
66.8428  7.55588 
-11.5611  6.98752 
163.636  6.72223 
45.5005  7.30089 
-44.6268  6.98243 
152.61  6.58644 
-17.6361  7.40395 
6.34841  6.67697 
82.7059  6.59139 
25.2513  7.19536 
-50.558  7.31849 
128.045  6.73491 
-24.5039  7.19369 
17.3661  7.07151 
60.5292  6.60821 
-10.1635  7.16599 
-87.8439  6.87588 
76.0798  6.65678 
15.0317  7.2943 
54.137  6.83232 
185.584  6.45893 
2.42988  6.80398 
4.1532  6.6546 
80.2697  6.59026 
11.6283  7.29841 
-50.4247  7.22309 
116.101  6.42747 
-22.8473  6.77108 
-1.27168  6.6394 
99.6951  6.54083 
-15.5037  7.07011 
-18.0659  7.4893 
31.1496  6.7641 
-44.7782  6.85912 
-63.3145  6.88716 
117.33  6.74572 
-37.8327  6.91124 
51.9046  6.99367 
81.0985  6.74911 
-67.2287  6.91646 
-19.2992  7.12071 
69.7789  6.74362 
-25.7679  7.16709 
9.34133  6.99582 
118.511  6.7774 
-27.5374  7.12296 
13.5536  7.29374 
150.715  6.87385 
-140.553  7.26333 
-66.9439  7.13463 
140.812  6.87979 
-104.742  7.19721 
-43.3943  7.3445 
189.216  6.92916 
-163.039  7.22155 
35.8213  6.99081 
135.476  7.00203 
-101.834  7.39653 
-55.0344  7.1381 
59.2126  7.0141 
-115.928  7.36909 
-4.49984  6.863 
54.8652  6.97019 
-119.567  1.86701 
-51.1813  2.06407 
109.793  2.05165 
-40.2373  1.80735 
-302.219  1.97558 
36.3078  1.91498 
-76.9864  6.9609 
-231.511  7.63915 
-33.8685  7.23156 
-80.9991  7.02002 
-261.708  7.30482 
40.9269  6.95763 
-32.1751  7.66717 
-207.321  7.129 
45.8106  6.85693 
-0.00723115  6.63887 
-209.45  7.29842 
-18.9953  6.83904 
24.5714  6.57304 
-161.303  7.13278 
-23.5393  7.33822 
22.7535  6.73377 
-180.042  7.10141 
2.32431  6.69969 
-137.93  6.66726 
-157.314  7.04829 
25.2124  6.55808 
-35.2919  6.69315 
-118.506  6.90884 
18.2927  7.22711 
-12.1063  6.47629 
-186.164  7.04675 
-3.4191  6.54872 
-40.4184  6.42265 
-131.887  6.79801 
-19.8741  6.60282 
-23.0566  6.45564 
-182.368  6.77252 
-24.0274  6.50899 
-40.4355  6.70711 
-113.83  6.72502 
-17.4734  6.65352 
-8.99154  6.53771 
-115.727  6.76314 
-70.9829  6.41342 
-29.9992  6.70685 
-66.0568  6.66414 
-37.6267  6.42846 
52.6779  6.74361 
-45.6404  6.56137 
-79.2313  6.7187 
-12.1444  6.77141 
-42.5739  6.69085 
-92.6542  6.57454 
25.7285  6.94842 
10.5669  6.86065 
-55.7057  6.51886 
8.78405  6.91563 
-66.1342  6.82093 
-122.122  6.59584 
-26.997  6.95543 
13.4104  6.92259 
-44.0091  6.66922 
-15.0245  7.03358 
32.2237  6.81379 
-94.1573  6.69002 
-16.253  7.11795 
82.8559  6.77801 
-87.9941  6.65065 
14.5916  7.30938 
42.6988  6.92953 
-83.1841  6.87489 
-35.4708  1.77153 
-14.4121  1.90164 
-97.7735  2.10284 
-18.7753  1.877 
-119.308  1.90391 
-60.3182  1.81697 
-65.9244  7.17852 
-35.1595  7.1967 
-59.1106  7.05076 
-8.35393  6.85048 
-76.0786  7.26716 
-85.6123  7.27528 
30.5957  6.85024 
-82.379  7.22859 
-68.0063  7.10367 
50.1636  6.79796 
-29.4938  7.10635 
-61.6921  7.00058 
31.8954  6.68649 
-34.1105  6.99873 
-94.2721  6.79115 
10.1297  6.72182 
16.3524  7.32194 
-31.1962  6.95004 
74.0811  6.69128 
-10.0547  7.11521 
10.0439  6.78318 
71.3526  6.66416 
70.613  7.21696 
-29.5076  6.97417 
30.4089  6.62403 
-8.72388  7.01007 
-8.14026  6.63358 
78.178  6.73926 
-30.9474  7.14564 
32.0413  6.65814 
54.8492  6.69853 
-43.8651  6.98208 
-52.6575  6.62832 
35.7634  6.58554 
-88.3497  6.86159 
-14.5536  6.67586 
111.622  6.66431 
-79.9993  7.24983 
81.7354  6.42048 
41.2198  6.89031 
4.44978  7.31061 
56.0065  6.42972 
56.2213  6.80324 
2.31204  6.8636 
101.157  6.30709 
35.402  6.90853 
-48.0766  7.13899 
58.5441  6.34446 
103.772  7.36011 
9.0569  6.97485 
90.1455  6.43988 
3.28589  7.29176 
13.8832  7.05829 
22.3348  6.54742 
6.23964  6.96067 
74.7151  7.16302 
21.8102  6.44823 
25.9004  7.20958 
7.79405  7.10272 
45.6503  6.83872 
85.9229  7.14843 
41.7234  7.05656 
-11.2333  6.77327 
141.396  7.26145 
45.6914  7.10642 
-12.2998  7.05636 
75.2471  1.94483 
-10.5739  2.07358 
0.575336  1.95239 
-124.1  2.01042 
-168.468  1.89696 
-53.9488  1.95227 
-181.165  7.35062 
-106.695  6.88366 
-60.2619  6.52305 
-155.072  7.24797 
-129.14  6.79786 
-2.0862  6.38667 
-130.195  7.1615 
-157.273  7.01645 
-8.52801  6.90186 
-106.926  7.21902 
-56.4304  6.52286 
-57.8408  6.41878 
-186.153  7.09568 
-105.536  6.69198 
-31.2064  6.66215 
-127.165  7.10225 
-116.992  6.59437 
8.82022  6.19863 
-163.51  7.25936 
-86.0873  6.45599 
-40.5718  6.40515 
-152.38  6.87919 
-108.016  6.50511 
-55.9805  6.21512 
-119.901  6.64293 
-164.939  6.35355 
-34.0411  6.32064 
-148.305  6.79154 
-103.011  6.37194 
-108.401  6.42524 
-203.584  6.79433 
-85.0181  6.44184 
-26.4537  6.38864 
-183.921  6.74964 
-163.303  6.65426 
-87.2412  6.61392 
-252.457  7.00661 
-117.501  6.50821 
-124.118  6.70774 
-160.814  6.98507 
-165.4  6.73154 
-91.2004  6.96296 
-219.89  6.73802 
-202.409  6.67014 
-114.339  6.71639 
-224.855  6.94338 
-178.74  6.7392 
-111.434  6.82654 
-220.689  6.97002 
-164.107  6.91718 
-62.3711  6.77491 
-193.125  6.99576 
-135.357  7.03793 
-200.576  7.06812 
-213.674  7.03084 
-163.714  7.0648 
-78.0158  6.99879 
-260.476  7.0588 
-200.213  6.94354 
-146.902  6.94089 
-168.861  7.20689 
-176.426  7.01311 
-132.669  7.04782 
-276.301  7.07089 
-173.72  6.97502 
-184.11  7.14861 
-277.094  1.85689 
-196.642  1.85644 
-187.264  2.00109 
15.0484  2.34083 
-202.696  1.93731 
187.221  1.8954 
23.7444  8.41705 
-138.142  7.71872 
115.831  7.4706 
101.389  8.21711 
-130.637  7.52448 
211.257  7.22283 
100.827  8.0829 
-136.471  7.71839 
192.392  7.06954 
77.0275  7.989 
-123.34  7.68643 
192.79  7.14762 
48.7341  7.50946 
-203.32  7.59585 
158.087  7.01481 
95.5615  7.71715 
-200.306  7.49638 
129.022  6.90345 
111.91  7.68822 
-148.582  7.76647 
131.855  7.27857 
63.5682  7.21406 
-231.496  7.39307 
150.467  6.86307 
80.7766  7.50825 
-246.811  7.43158 
181.171  6.96201 
113.692  7.39425 
-183.381  7.37212 
161.76  6.9021 
77.681  7.28676 
-152.754  7.58365 
121.09  7.08866 
121.35  7.17834 
-177.756  7.39868 
114.465  7.08086 
99.0167  7.39114 
-138.322  7.18622 
65.7842  6.91939 
89.0301  7.24957 
-189.017  7.31162 
96.5598  7.18619 
73.1642  7.01764 
-164.319  7.32648 
79.6054  6.96318 
59.2053  7.2132 
-198.361  7.42592 
128.692  7.02653 
105.092  7.43717 
-130.479  7.61258 
62.4267  7.49215 
67.8964  7.34812 
-179.348  7.70825 
61.2475  7.38311 
-18.8702  7.47686 
-149.574  7.50843 
90.06  7.45234 
96.7804  7.62477 
-208.005  7.7773 
32.2368  7.62216 
113.245  7.63249 
-142.99  7.54693 
28.5511  7.55467 
10.7076  7.53549 
-180.757  7.72539 
46.598  8.04217 
43.4001  1.89364 
-163.156  2.12072 
47.2964  2.34091 
42.7177  2.05608 
-32.1185  2.17693 
12.9662  1.95315 
79.7485  7.60676 
-49.2755  7.49382 
-39.0601  7.78163 
22.1767  7.59678 
-73.8365  7.34214 
-53.4836  7.64576 
21.1094  7.53466 
-37.2217  7.41334 
-12.2442  7.56544 
30.9348  7.46968 
-48.3666  7.10946 
-9.57898  7.43588 
75.2377  7.4079 
-88.3347  7.3816 
9.1771  7.19918 
90.8477  7.33093 
-20.1451  7.15395 
16.9058  7.22744 
103.566  7.03757 
-42.8831  7.02525 
33.8493  7.13861 
95.0335  7.24076 
16.6929  6.97057 
50.1445  7.04802 
106.894  7.09212 
-76.1351  7.01952 
43.9068  7.1502 
108.214  7.16782 
-23.4022  6.85043 
62.935  6.90827 
89.2254  7.21339 
-56.9464  6.97805 
103.231  6.8447 
80.0635  7.45371 
-13.3182  6.84574 
57.7309  6.85317 
123.615  7.42814 
-16.1359  7.04731 
84.9778  6.92339 
70.3822  7.48412 
-13.1101  7.06564 
79.8441  6.8584 
112.84  7.60654 
-50.6861  7.07989 
140.546  7.04733 
62.2232  7.82463 
-47.1899  7.28442 
92.9975  7.12948 
42.5682  7.72006 
25.1499  7.34613 
101.635  7.15967 
99.5812  7.91014 
-35.4306  7.5204 
139.249  7.27021 
84.7807  7.96933 
-30.8221  7.57259 
92.0511  7.42297 
98.1802  8.17679 
-59.8638  7.65823 
94.6449  7.37059 
135.548  8.23068 
8.47076  7.28281 
63.5452  7.67902 
123.306  8.32829 
-43.7032  7.5009 
131.829  7.41521 
42.6477  2.18071 
-47.0951  2.04326 
107.797  1.97818 
-174.811  1.94612 
-48.7376  2.21631 
-117.843  2.11242 
-39.2573  7.67057 
-60.4323  7.77356 
-130.828  7.58238 
-98.484  7.76569 
-73.7993  7.80953 
-75.8282  7.5588 
-82.3785  7.72995 
-30.2903  7.75639 
-107.158  7.54889 
-90.8127  7.57956 
-20.2147  7.56584 
-51.2992  7.35252 
-92.6728  7.69447 
-43.8645  7.75073 
-98.1605  7.49677 
-25.3305  7.47012 
-53.8466  7.62488 
-86.3125  7.21073 
-113.03  7.50805 
-13.2397  7.65157 
-52.9458  7.19045 
-59.0512  7.44388 
-29.7596  7.59984 
-43.0755  7.12939 
-49.8079  7.19706 
19.7274  7.316 
-74.9737  6.91894 
-25.8407  7.65886 
79.6523  7.31243 
-86.6002  7.02594 
-65.6724  7.58927 
37.7255  7.54934 
-85.3812  7.27216 
-47.2976  8.15824 
-76.6898  7.45758 
-133.763  7.20894 
0.313175  7.34445 
-31.673  7.92961 
-99.7165  7.12403 
-27.5524  8.10991 
5.41405  7.40005 
-120.73  6.82087 
3.58824  7.77276 
8.28309  7.47114 
-35.9215  7.0653 
8.51428  8.38486 
-11.6711  7.64648 
-52.7001  7.12266 
-3.148  8.36255 
-54.4362  7.69383 
-14.6156  7.07486 
1.33374  7.78945 
-96.6241  7.76906 
-146.759  7.10547 
-25.8158  8.29221 
37.3652  8.30807 
-53.3238  7.33692 
-40.6756  8.28054 
3.47255  7.61421 
-50.4852  7.49514 
-47.2933  8.8442 
-25.5426  7.66044 
-61.7804  7.17059 
-2.32131  8.63302 
13.1493  8.00046 
-28.0529  7.4597 
-18.4916  2.32542 
-1.14725  2.0231 
-79.9299  2.14715 
96.7893  2.28317 
48.001  2.10103 
134.76  1.95832 
64.8599  8.35627 
110.34  7.66955 
99.5392  7.43586 
69.4698  8.21077 
145.33  7.3735 
119.056  7.10324 
121.329  8.00599 
148.305  7.48989 
74.8776  7.17014 
63.4847  8.10221 
136.584  7.49523 
138.702  7.126 
29.044  7.92855 
136.106  7.48363 
93.1561  7.12554 
87.0928  7.70011 
217.302  7.32518 
150.959  6.99469 
95.9131  7.7451 
179.175  7.30063 
142.285  6.8173 
44.7912  7.52328 
180.707  7.03929 
99.5321  6.77722 
103.796  7.43815 
123.75  7.04171 
215.334  6.29889 
95.0273  7.24566 
126.884  6.98827 
91.3595  6.49545 
134.643  7.22866 
183.716  7.12544 
110.912  6.65483 
120.864  7.25459 
229.811  6.9271 
151.386  6.52724 
99.6799  7.18873 
120.644  6.9916 
100.97  6.74639 
122.286  7.06414 
183.382  7.17417 
102.999  6.80751 
117.205  7.24765 
67.1011  7.33564 
126.446  7.0484 
105.047  7.1527 
163.025  7.4296 
105.929  7.14511 
98.0067  7.23976 
151.031  7.45013 
38.5541  7.1382 
82.5724  7.23901 
85.0921  7.52148 
100.103  7.08473 
54.624  7.31919 
130.694  7.44246 
87.5458  7.11841 
79.5569  7.32959 
98.0736  7.61872 
112.105  7.12043 
99.3675  7.54509 
16.5086  7.68232 
62.2324  7.43562 
102.453  7.59815 
60.9532  7.76273 
97.1201  7.55856 
75.4336  1.90735 
29.9431  2.17749 
49.4199  2.0213 
157.353  2.12459 
297.548  1.87433 
61.2508  1.98549 
122.56  8.99765 
250.625  8.39832 
98.3558  7.68423 
106.267  9.01069 
302.534  8.48014 
72.3028  7.8019 
135.122  8.77423 
247.426  8.26944 
66.4609  7.61521 
26.8794  8.97774 
277.909  8.5873 
139.481  7.90962 
38.2275  8.55543 
159.265  8.02777 
109.482  7.45358 
85.8993  8.50543 
172.941  8.34109 
158.207  6.99016 
92.0201  8.23949 
188.358  8.31546 
132.028  7.18083 
99.6286  8.17325 
248.7  8.46134 
209.113  7.2577 
110.642  8.17158 
152.824  8.13458 
208.543  7.15833 
132.873  7.981 
138.484  8.3035 
245.049  6.88349 
64.5643  7.97983 
148.246  8.16039 
235.992  7.11169 
112.34  8.00425 
49.5139  8.07206 
251.16  7.09001 
138.478  7.61216 
59.0153  8.15436 
257.446  7.2688 
47.6829  7.81986 
19.3349  8.4956 
205.928  7.40967 
113.811  7.87904 
34.8039  8.35162 
218.336  7.41851 
95.8369  7.69021 
22.8576  8.6763 
292.604  7.29404 
178.546  7.85783 
46.2381  8.36941 
205.984  7.44753 
98.1746  7.80918 
45.376  8.68523 
221.339  7.42954 
131.83  8.06851 
-12.2266  8.60419 
257.109  7.71022 
110.268  8.40045 
13.3562  8.84234 
247.246  7.79092 
118.331  8.23551 
-62.5389  8.93398 
223.456  7.72767 
86.0657  8.25867 
-64.9753  8.91958 
232.711  7.67641 
12.9961  2.03866 
-85.1612  1.87847 
183.902  1.99911 
2.5531  1.80973 
-84.5169  1.93547 
-49.0036  2.14736 
15.0819  7.9259 
-70.6104  8.1119 
-4.90226  8.17392 
8.62845  7.76537 
-51.6155  7.78857 
-6.81614  8.11359 
-51.5748  7.55366 
-20.4397  7.91667 
3.75662  8.15095 
85.8709  7.63555 
-10.7345  7.74177 
0.142929  7.68746 
10.5986  7.25238 
-74.7169  7.93703 
8.55074  7.70612 
75.7569  7.45169 
3.3925  7.57497 
-1.76026  7.5354 
43.4182  7.39088 
52.3962  7.58693 
-36.6684  7.65101 
83.6586  7.36092 
45.7735  7.61828 
40.1425  7.4535 
138.427  7.04778 
53.5374  7.27787 
22.9104  7.17042 
136.696  7.14173 
40.9845  7.25727 
114.057  7.07581 
99.2577  7.43381 
12.0401  7.20001 
27.7264  7.15513 
92.7285  7.49593 
22.4375  7.40604 
18.0813  7.17624 
103.378  7.53593 
82.6235  7.35224 
-26.1562  7.15034 
70.7647  7.64505 
20.821  7.57782 
80.1148  7.16567 
76.1622  7.80386 
56.1419  7.51624 
36.7695  7.15093 
132.233  7.86002 
81.8039  7.64645 
-21.0682  7.44584 
129.976  7.79107 
21.6172  7.75509 
108.234  7.32711 
93.287  7.93068 
35.5558  7.75632 
131.208  7.19765 
114.275  8.09022 
27.3718  7.92324 
55.8564  7.3935 
88.1587  8.16523 
104.899  7.71812 
16.6879  7.40029 
94.7712  9.01413 
58.5274  7.84851 
51.9446  7.59594 
41.6335  8.39456 
85.1623  7.99372 
37.7491  7.64247 
103.862  2.04393 
71.2384  1.97089 
46.0115  1.97697 
-16.0654  2.14577 
45.3648  1.95885 
-143.778  2.09604 
34.055  7.69741 
106.392  7.56832 
-116.354  7.92321 
-23.2178  8.00636 
166.615  7.59009 
-54.4013  7.98973 
-31.1066  8.03721 
84.1021  7.62424 
-11.4476  7.6947 
86.8153  7.81696 
112.656  7.47047 
-12.6126  7.6721 
28.9842  7.64445 
95.4725  7.44429 
-45.4415  7.50368 
14.7016  7.6421 
105.652  7.41584 
-47.4837  7.42817 
76.6072  7.5521 
111.719  7.36937 
19.4315  7.49214 
43.9651  7.60127 
106.425  7.51515 
-10.7997  7.40272 
-26.935  7.62574 
120.952  7.19263 
42.5515  7.12026 
-35.36  7.90732 
111.57  7.69283 
24.4075  7.19018 
6.64674  7.37811 
71.2013  7.67101 
11.2021  6.9611 
50.0966  7.58032 
5.188  7.63042 
33.6177  7.06692 
48.6479  7.73605 
2.09639  7.06452 
-49.1597  7.00306 
134.633  7.80845 
12.2179  7.48486 
10.8176  7.19107 
89.9807  8.03397 
41.3772  7.65814 
19.0458  7.25167 
88.0304  8.384 
-28.5773  7.92318 
12.5772  7.27658 
112.79  8.18141 
-67.1923  7.78677 
41.3146  7.36321 
122.216  8.3977 
-85.9402  7.924 
9.9672  7.61357 
61.9019  8.57508 
-60.1969  8.13893 
6.05455  7.07278 
52.2041  8.29435 
-59.0053  8.13871 
-19.5654  7.38829 
175.243  8.34498 
-127.828  7.81778 
-36.0613  7.47697 
198.898  8.67324 
-108.524  8.1381 
-50.0661  7.67775 
186.962  2.03193 
-139.87  1.96624 
-91.8419  1.91198 
-67.7364  2.01182 
93.0197  2.04887 
-37.0073  1.91126 
-54.2793  8.23458 
65.9345  7.67274 
-9.07409  7.15933 
-17.0637  8.25177 
74.2092  7.82074 
-30.8858  7.75002 
-65.9251  8.0558 
73.0943  7.50849 
-6.98974  7.09213 
-130.198  8.17256 
93.2535  7.63077 
-74.0126  7.56179 
-31.8113  8.08731 
91.3653  7.47553 
-118.371  7.15889 
-102.144  7.98925 
135.441  7.34767 
-92.5981  7.35365 
-90.273  7.84588 
63.5954  7.32391 
-42.7362  7.09123 
-117.852  7.58558 
50.1933  7.35023 
-180.825  7.13127 
-92.7487  7.75933 
-20.5121  7.29286 
-141.488  7.12376 
-97.6379  7.70128 
13.3857  7.18273 
-19.9144  6.92458 
-62.5836  7.53914 
24.6592  7.02513 
-80.7443  6.95735 
-135.629  7.56334 
-57.0955  7.24615 
-111.452  7.21259 
-181.295  7.54546 
-5.05193  7.18914 
-81.2283  7.21567 
-214.871  7.15624 
-32.6918  7.74761 
-108.342  7.02265 
-135.075  7.45401 
-44.663  7.44223 
-119.413  7.4086 
-131.042  7.58324 
-109.362  7.39304 
-160.108  7.51672 
-85.4406  7.77613 
-41.1088  7.52888 
-99.8146  7.56433 
-95.296  7.6582 
-34.4436  7.6777 
-68.2102  7.43799 
-160.549  7.78894 
-25.2931  7.85947 
-123.702  7.57078 
-179.579  7.70382 
-133.936  8.01891 
-39.1808  8.01337 
-208.216  7.90721 
-107.325  8.05198 
-171.226  7.775 
-236.732  7.82679 
-101.827  7.89229 
-117.375  7.57272 
-230.89  1.99095 
-86.3946  1.98634 
-145.06  2.05543 
9.549  1.89579 
225.888  1.97061 
241.982  1.89241 
38.3942  2.2835 
258.833  8.39055 
219.189  7.68969 
-41.3191  8.45344 
269.11  8.14129 
186.521  7.61507 
22.2052  8.28534 
216.986  8.03835 
169.394  7.50718 
-15.7743  8.28993 
289.112  8.19722 
204.535  7.70449 
6.45873  7.99885 
149.935  8.00134 
200.705  7.35268 
-45.0057  8.29547 
220.719  7.94597 
176.123  7.30582 
-86.6373  8.07199 
190.894  8.25082 
192.978  7.4982 
-105.924  8.0229 
136.541  8.11286 
235.96  7.30178 
13.4702  7.88683 
93.5  8.13687 
220.974  7.31597 
-0.605596  7.61046 
110.014  8.06308 
183.735  7.20633 
-79.9254  8.40331 
27.3271  8.04627 
218.868  7.33881 
-24.7559  7.59043 
106.674  8.1524 
163.031  7.20289 
-7.46696  7.56887 
85.5616  8.04297 
240.408  7.33595 
-36.417  7.87227 
49.0765  7.98429 
244.833  7.23934 
-5.54747  7.46402 
-20.4691  8.06418 
184.487  7.47971 
50.1979  8.01367 
-8.32001  8.32178 
177.989  7.75399 
-6.30545  7.59418 
-27.9699  8.5829 
205.987  7.75591 
-15.7159  8.11104 
3.03893  8.35906 
158.348  7.51373 
-34.5091  7.68525 
-103.892  9.1675 
153.709  7.55542 
5.83284  7.74101 
-34.9616  8.59402 
200.187  7.90267 
-14.807  8.39812 
-18.7647  8.494 
217.296  7.90096 
-50.4419  8.02291 
-76.0268  8.41405 
111.608  8.00992 
-58.9999  1.89691 
-95.4919  2.03763 
146.426  2.03269 
18.4745  1.87645 
-17.9466  1.99524 
45.2378  1.89852 
-20.5816  7.55086 
-40.1653  7.77687 
75.715  7.69845 
35.4706  7.55097 
-74.2281  8.17515 
118.892  7.53329 
21.3955  7.45167 
0.176065  8.2079 
100.08  7.7225 
42.5208  7.25735 
-1.06593  7.44436 
97.4565  7.39564 
38.1552  7.36168 
-16.1343  7.48134 
39.7868  7.39254 
38.9027  7.12361 
-24.9686  7.4082 
106.547  7.3513 
22.1536  7.30922 
19.7474  7.43349 
122.095  7.26582 
32.836  7.68422 
51.0959  7.38526 
161.815  7.2884 
1.89057  7.01251 
48.2812  7.23146 
52.6148  7.10986 
43.2633  7.16134 
67.6212  7.26445 
79.3182  7.06305 
62.7861  7.31171 
56.5596  7.21028 
113.899  7.13079 
130.299  7.14546 
77.9409  7.11556 
44.1127  6.82711 
63.3931  7.3754 
104.753  7.23955 
105.44  6.95667 
12.4401  7.31678 
70.7342  7.35913 
81.4486  7.08437 
36.8636  7.43662 
103.259  7.31063 
85.0286  7.04695 
113.468  7.46625 
135.478  7.30485 
36.2811  7.38691 
79.8844  7.43413 
89.2967  7.61322 
163.21  7.21075 
61.8852  8.53852 
128.165  7.45402 
179.666  7.29997 
-3.69775  7.66169 
73.858  7.4074 
105.352  7.38895 
30.3587  8.01546 
89.1532  7.62685 
118.349  7.30404 
8.1235  7.80271 
88.4796  7.62843 
113.013  7.44023 
38.0865  8.07543 
79.7645  7.71473 
83.5621  7.59936 
-12.24  2.00626 
32.7323  2.0128 
51.4039  1.84127 
-95.2314  2.05823 
-85.8969  1.92005 
-86.5542  1.93695 
-62.0803  7.77987 
-96.9687  8.09205 
-66.813  8.01315 
-55.8867  7.67324 
-56.6034  8.20728 
-68.2332  7.77726 
-28.9267  7.3237 
-131.076  7.92171 
-20.6486  8.2552 
-79.174  7.54079 
-174.234  7.96795 
-1.36667  7.30663 
-62.033  7.34174 
-58.5176  7.87475 
-41.4002  7.47723 
-77.9336  7.42049 
-84.5752  7.86672 
14.9887  7.43087 
-56.0817  7.2751 
-89.4671  7.77545 
17.6064  8.05634 
-36.4062  7.29673 
-35.386  7.71021 
1.67606  7.16844 
-61.2826  7.37728 
-93.76  7.51523 
33.6098  7.18695 
-72.8846  7.31404 
-43.6796  7.78918 
13.32  7.24092 
-38.8248  7.35636 
-8.78942  7.98894 
-11.5292  7.14888 
-12.1735  7.3056 
-2.30662  7.24168 
-13.3289  7.19853 
-39.662  7.23284 
-22.1954  7.53521 
22.4267  6.91211 
-12.4871  7.57675 
-84.8783  7.72587 
41.5503  7.06971 
-70.2465  7.70258 
-71.9404  7.80623 
45.9979  7.29515 
-99.1651  7.7117 
20.413  7.81182 
19.2301  7.43413 
-42.7422  7.51898 
29.1865  8.18288 
65.3156  7.4482 
-74.0697  7.74456 
2.53878  7.75589 
-7.47804  7.24828 
12.0926  7.83363 
8.11086  8.32784 
12.432  7.58487 
-66.7742  8.00699 
-1.61997  7.58675 
-102.931  8.08715 
-67.5441  8.07182 
-110.097  8.26623 
2.53205  7.24795 
-44.518  8.13352 
9.46358  8.06436 
-36.1664  7.71995 
-51.0497  2.03867 
-24.6911  1.93805 
-85.3194  1.89411 
-21.1558  1.8893 
86.6585  1.89453 
-155.142  1.95618 
-42.5917  8.21465 
105.013  7.69913 
-149.848  7.45678 
-76.9092  7.9264 
76.2405  7.68254 
-50.4049  7.22935 
-70.2774  8.41337 
106.054  7.62309 
-130.502  7.35003 
-11.9336  7.79542 
84.4139  7.68696 
-129.472  7.61584 
24.0911  7.86352 
63.3254  7.69364 
-65.2536  7.40637 
-74.1704  7.76241 
36.9658  7.78363 
-142.624  7.15369 
-69.1505  7.76553 
47.3658  7.53998 
-122.939  7.04022 
-71.9746  7.6975 
-7.44381  7.46043 
-107.717  7.25077 
-63.3353  7.74023 
66.4108  7.85103 
-145.118  6.8952 
-90.6428  7.45785 
18.0323  7.4326 
-163.874  6.83062 
-35.6962  7.53545 
21.487  7.32958 
-143.506  6.80695 
-121.672  7.41347 
-46.3707  7.24407 
-109.313  6.89897 
-99.2552  7.53027 
2.02889  7.36275 
-160.604  7.2717 
-103.525  7.47559 
1.54139  7.97563 
-159.943  7.38488 
-116.891  7.39158 
-77.2504  8.1797 
-149.959  7.20627 
-132.061  7.40638 
-5.79265  7.56636 
-29.5615  7.36465 
-108.033  7.68821 
-86.9662  8.03067 
-104.567  7.26654 
-208.282  7.58221 
-79.0996  7.63949 
-109.293  7.30096 
-124.969  7.77247 
-135.924  7.95177 
-139.198  7.42892 
-107.553  7.97536 
-77.5479  7.80325 
-209.241  7.37289 
-213.605  7.72057 
-91.0989  8.08483 
-98.2497  7.60307 
-138.182  7.61368 
-108.17  7.9117 
-133.491  7.45403 
-100.572  1.88024 
-169.719  1.87294 
-154.533  1.98093 
