148.465  2.03955 
66.6453  1.92584 
-83.1906  2.02254 
154.942  7.85948 
66.3238  7.30826 
-107.919  7.09517 
160.902  8.03122 
106.123  7.31879 
-141.044  7.01924 
170.341  8.0009 
22.3535  7.31802 
-140.006  8.97247 
118.044  8.0657 
137.399  7.38956 
-102.106  7.19676 
115.125  7.80584 
112.321  7.24159 
-59.159  6.95821 
115.596  7.60723 
5.87077  6.96157 
-99.0543  7.24242 
112.253  7.74416 
72.3994  7.42085 
-151.149  7.68753 
97.3948  7.50103 
53.5159  7.06546 
-85.4228  6.66524 
110.743  7.3787 
46.5404  7.11544 
-96.8866  7.13433 
118.849  7.30912 
53.9254  6.78776 
-111.215  6.8449 
17.3944  7.1005 
30.39  6.73379 
-151.013  6.4631 
104.966  7.29245 
76.5745  6.94947 
-186.417  7.05106 
92.7304  7.11238 
66.1445  7.03271 
-173.275  7.39075 
59.2004  7.004 
21.6573  6.99826 
-259.126  6.9677 
-15.9602  7.4591 
62.779  7.31418 
-225.075  9.43418 
-19.2768  7.04869 
74.9876  7.24789 
-253.587  7.27758 
21.7988  7.12261 
67.9845  6.74708 
-213.125  8.47983 
33.2963  7.74506 
53.5978  7.37038 
-212.98  7.66008 
-31.1473  7.52104 
81.7669  7.09389 
-263.652  7.28172 
50.4728  7.6837 
93.1699  7.25897 
-259.738  10.4058 
-44.5877  7.9438 
29.6212  7.61719 
-210.227  7.95312 
-33.2146  7.89098 
84.8489  7.4042 
-182.092  7.74075 
-67.5266  1.92449 
91.7466  1.76516 
-210.08  1.96611 
1.69365  1.87801 
-134.189  1.888 
8.06261  1.86759 
-46.7547  6.97705 
-120.871  7.10828 
-21.7119  6.93807 
10.6651  7.79498 
-160.712  7.96253 
-26.4587  7.3681 
-1.13243  6.54974 
-120.961  7.30207 
-38.9491  7.53912 
30.6262  6.84704 
-63.8873  7.34141 
1.22296  6.90082 
86.8716  6.7143 
-58.1036  6.87299 
-46.3968  6.82804 
43.2188  7.05689 
-92.2555  7.2554 
-26.7924  7.93592 
53.5051  6.5094 
-157.61  7.26225 
-0.895761  6.69304 
17.6833  6.82585 
-102.71  7.14818 
5.83321  6.82573 
-31.0949  7.26962 
-119.98  6.84991 
-32.378  7.28247 
-6.39709  6.63885 
-85.9045  7.08372 
-1.9775  7.07143 
-27.9996  6.98355 
-65.9367  7.28495 
-10.7361  6.52262 
-50.7549  7.04574 
2.41685  6.57784 
-21.4924  8.42413 
-28.7797  7.18291 
-78.9033  6.88626 
-0.214225  6.49022 
-33.5663  7.3834 
-47.5687  6.8305 
29.5432  6.61149 
-131.956  7.50243 
-90.0488  7.1383 
-14.217  8.48218 
-36.3982  7.53753 
-104.945  7.25875 
-48.2205  6.94588 
-17.1693  7.61235 
-52.5564  7.09339 
-29.1196  6.99686 
-68.0385  7.56728 
-21.3304  9.09048 
51.0286  7.48672 
-31.4602  7.37106 
-62.3985  7.06216 
-37.5705  6.8627 
-15.0867  7.76735 
-46.4217  7.28189 
21.3419  7.05744 
-94.0557  8.27164 
-51.9625  7.36141 
-40.3223  7.00999 
-132.351  8.23563 
-65.7781  7.38623 
-100.183  9.20806 
-80.3714  2.30408 
-10.1406  1.93812 
-3.90207  2.0354 
3.12649  1.89223 
-76.4416  1.92588 
33.8705  1.8627 
-17.1722  7.5456 
-5.55285  7.08522 
36.1299  7.36084 
44.8497  7.51282 
15.7741  7.6892 
31.1034  7.47648 
12.3095  7.62302 
-4.3064  7.08674 
52.2119  7.33938 
38.6926  7.35298 
11.2537  7.29854 
22.6336  7.3218 
95.0296  7.32378 
24.4841  7.25892 
22.7877  7.19318 
124.159  6.8743 
37.6983  7.13228 
75.8798  6.9181 
74.9942  7.08376 
-42.902  7.15068 
-17.1492  7.02454 
65.4394  7.09856 
-7.91538  7.36762 
24.7493  7.49023 
95.0581  6.70758 
-0.359922  6.619 
-3.1764  6.83473 
76.709  7.03922 
-42.0098  6.95771 
45.4965  6.88599 
71.3229  7.11441 
-129.906  7.06459 
81.0968  6.98467 
93.54  7.26945 
-67.8344  6.82061 
85.7753  6.79493 
35.6151  7.37216 
-45.9066  7.06126 
23.3425  6.75973 
116.765  7.39574 
-96.1117  7.16522 
47.9611  6.65567 
65.2204  7.48091 
-124.256  7.18548 
26.0527  7.23621 
70.1118  7.59665 
-138.605  7.13442 
-1.5088  6.84506 
87.3451  7.62268 
-112.235  7.26337 
3.0756  6.4412 
63.9069  8.04452 
-88.3978  7.19429 
18.3647  6.8918 
-3.15714  7.39056 
-91.5486  7.56819 
22.5776  7.06907 
113.706  7.51933 
-106.256  7.30231 
17.47  7.62254 
154.205  8.03601 
-46.1757  7.37399 
2.02139  6.60563 
70.947  8.08122 
-20.8749  7.66039 
39.0416  7.18353 
109.91  2.19495 
-69.343  1.97124 
28.1144  1.89977 
-53.8828  2.16633 
34.0094  2.06385 
-23.4391  1.89491 
-53.6234  8.61331 
104.016  7.77718 
-17.7497  7.58099 
-141.388  8.80404 
87.0838  7.85981 
-5.95282  7.66194 
-103.334  8.48855 
40.9609  7.49588 
21.1077  7.60013 
-88.8061  8.78786 
59.1484  7.96416 
-21.8771  7.71716 
-79.5745  8.70992 
10.122  7.73711 
-65.9537  7.21285 
-189.676  8.55828 
67.3431  7.75918 
-60.407  7.47025 
-112.406  8.13028 
4.00026  7.23237 
-53.7797  7.18318 
-159.341  8.29561 
17.4477  7.79251 
-3.79902  7.00787 
-130.281  8.32311 
37.4643  7.53288 
-9.33785  7.64493 
-122.375  8.40384 
94.2131  7.47594 
-21.7072  7.51305 
-152.191  8.26218 
139.881  7.09793 
-86.3642  7.36297 
-132.326  8.05434 
46.5464  7.09333 
-31.0334  7.79057 
-109.317  8.39355 
159.142  7.27884 
-31.0675  7.44679 
-121.565  7.78505 
118.203  7.07079 
-13.6006  7.28164 
-106.945  8.21519 
54.6781  7.40833 
-50.7285  7.4062 
-25.7364  7.91577 
3.61108  7.48287 
19.8209  7.59796 
0.694387  7.67181 
70.7748  7.97395 
10.4993  7.54533 
-14.1756  8.30059 
48.9872  7.64098 
44.0986  7.74327 
27.1223  8.09679 
67.1251  7.58086 
11.0525  7.71154 
-79.9181  8.07834 
2.88614  7.60564 
-23.6273  8.09638 
9.71524  8.11109 
48.5808  8.45498 
-68.7956  7.91751 
-19.7106  8.23617 
45.1102  7.76793 
-75.1923  7.86115 
38.3243  1.88042 
47.0335  2.22353 
-7.24691  1.9107 
-29.8908  1.86324 
157.093  1.91363 
20.4616  1.91009 
41.7505  7.84142 
123.693  7.37098 
-8.68262  7.0876 
-11.6923  7.27464 
100.52  7.00369 
11.9527  6.81293 
-26.4374  7.68526 
170.302  7.27653 
5.59528  6.86595 
-23.4227  7.42705 
160.368  7.1993 
-9.09888  7.0649 
-54.0682  7.45143 
131.487  7.22641 
-25.3997  7.16386 
-47.0888  7.18884 
179.317  7.14166 
40.7202  6.80351 
-12.5465  7.38723 
116.314  7.07263 
-6.99789  6.78337 
-69.3932  7.48239 
153.203  6.9382 
39.7525  6.91135 
-6.39052  7.16949 
152.566  7.08294 
79.7205  6.65584 
-128.351  7.78966 
135.688  6.95566 
23.0542  6.46544 
-48.6997  7.24481 
158.564  7.05812 
56.121  6.71812 
-83.1219  6.88284 
104.626  6.81941 
0.493186  6.59803 
-74.6744  7.16584 
168.312  6.94471 
16.9735  7.50069 
-123.104  7.09754 
136.817  6.75179 
15.8765  6.75552 
-67.6893  7.2404 
147.113  6.87509 
-0.235469  6.59804 
-43.684  7.18237 
112.745  6.8472 
23.9065  7.437 
-93.0011  7.37553 
119.695  6.96462 
0.524017  6.82379 
-84.2249  7.1609 
123.774  7.1555 
74.7768  7.6581 
-74.6485  7.60349 
60.5514  7.40979 
-17.3682  7.09789 
-113.244  7.18587 
26.1173  7.49429 
-71.6797  7.32756 
-101.403  7.62535 
79.7691  7.127 
-63.9548  7.44311 
-170.633  7.5593 
67.7125  7.85395 
-45.6018  7.42515 
-136.514  1.90627 
25.0492  1.96153 
-134.413  1.90508 
-47.3123  2.00477 
-125.196  1.88694 
-102.372  1.91308 
-51.3456  7.05796 
-206.72  7.53853 
-84.7694  7.49437 
9.62981  6.87274 
-160.01  7.53975 
-51.4278  7.29444 
-47.0221  7.06055 
-213.095  7.33476 
-145.41  7.11861 
-52.7487  6.89159 
-148.478  7.26115 
-38.0432  7.22809 
-82.5804  7.08878 
-109.219  7.15844 
-57.5043  7.57413 
-74.2668  6.97946 
-209.187  7.28741 
5.40117  6.81306 
-31.7017  6.91132 
-195.485  7.30636 
-16.5032  7.05294 
-57.0667  6.64723 
-196.653  6.88648 
-9.14089  6.62445 
-62.7526  6.67144 
-85.4714  6.88617 
-43.4899  6.93701 
-84.5912  7.45672 
-119.952  6.95931 
-57.8031  6.99014 
-0.643597  6.69915 
-111.321  6.98833 
-30.9321  7.04828 
-61.9716  7.10154 
-146.715  6.91279 
19.1501  6.85434 
-26.5041  6.93288 
-98.7144  7.107 
-71.4787  6.62876 
-82.2559  7.13592 
-106.544  7.02159 
-71.4963  6.82049 
-35.0695  7.18633 
-38.5167  6.9323 
-35.2807  6.73405 
-95.3592  7.30052 
-84.1817  7.25713 
17.7491  7.45885 
-42.5806  7.07767 
-111.186  7.17077 
-2.30616  6.55287 
-110.994  7.42166 
-104.532  7.2663 
-12.9532  6.92716 
-38.3583  7.52077 
-84.6215  7.35174 
-7.45415  6.92122 
-54.1397  7.01472 
-53.1656  7.0296 
8.08821  6.77 
-105.1  7.61383 
-78.5548  7.33104 
-18.0645  7.49912 
-148.574  7.48894 
-70.1313  7.5415 
2.63382  6.8662 
-179.158  2.04048 
-114.076  2.06879 
-45.2312  1.844 
-64.2936  2.12732 
-134.145  1.85912 
6.36313  1.89265 
-157.138  7.93817 
-66.1424  7.69561 
-18.6251  7.44137 
-93.0658  7.63993 
-6.23682  7.15208 
12.7449  7.30725 
-75.9491  7.47521 
-118.414  7.33864 
19.2165  7.41058 
-48.9448  7.52384 
-48.293  7.37973 
21.4008  8.08175 
-100.922  7.60305 
-54.3316  7.15008 
-1.64654  6.86128 
-42.6994  7.41366 
-74.3372  6.95251 
-23.9422  7.25025 
-82.2338  7.46749 
-16.2867  7.19102 
4.32542  6.99244 
-59.4622  7.4076 
-19.4129  6.74489 
62.319  6.86916 
-2.35873  6.88834 
-13.2103  6.95033 
37.9318  6.88673 
-27.6014  7.22503 
57.482  6.98926 
43.1229  6.84438 
-55.0295  7.44798 
-27.8668  7.24018 
51.5467  6.74583 
-93.6759  7.61732 
6.40468  7.06214 
84.1194  6.75409 
-65.1323  7.6785 
-2.78664  6.57978 
77.5604  6.73346 
-8.40229  7.45482 
21.562  6.93842 
106.19  6.69809 
-32.501  7.45902 
-25.8083  6.92996 
84.1565  6.61176 
26.5779  8.00098 
-28.2593  7.05048 
17.4858  7.01834 
4.2882  7.0949 
-26.489  6.88593 
70.1851  6.52794 
26.3394  7.28392 
-23.0086  6.55842 
25.4263  6.54535 
-21.074  8.22175 
16.1497  7.23204 
79.1325  7.11984 
-4.96888  7.07089 
-26.0394  7.03551 
26.9317  7.63308 
17.1579  7.87075 
8.59984  7.26624 
33.777  7.04359 
47.1045  7.83926 
43.228  7.24036 
27.6573  7.17598 
26.1745  1.9871 
22.7572  1.90196 
-10.0459  1.88967 
139.92  1.86555 
178.629  1.85968 
166.338  1.92644 
143.833  8.23367 
139.191  7.86036 
151.252  7.62294 
185.123  8.23471 
106.592  7.9294 
191.596  7.55072 
144.809  7.95247 
132.746  7.83083 
168.719  7.55912 
173.448  7.92192 
137.429  8.03966 
162.149  7.61869 
155.953  7.81197 
57.7455  7.8725 
246.487  7.39267 
103.294  7.99394 
82.3187  7.82644 
92.8957  7.43703 
109.348  7.57879 
69.2487  7.44591 
184.908  7.09711 
130.103  7.7733 
99.9302  7.85107 
199.052  7.28081 
120.867  7.84843 
60.0284  7.64458 
77.5114  7.32585 
43.7912  7.67805 
94.3438  7.7261 
132.112  7.21923 
93.0051  7.7534 
25.312  7.63632 
172.944  7.32188 
121.007  7.88416 
65.9232  7.53719 
61.7966  7.45324 
78.1209  7.53878 
-24.0032  7.86533 
106.696  7.6241 
47.8133  7.70615 
66.373  7.60219 
94.4818  7.66427 
53.7998  7.3496 
86.0035  7.60947 
-1.38073  7.14839 
47.2814  7.6266 
66.2285  7.78934 
74.5263  8.07689 
10.054  7.95692 
-5.96414  7.79593 
90.317  7.69308 
59.1424  7.77681 
91.7939  8.12102 
23.3222  7.73097 
11.0369  7.84254 
64.7683  7.93305 
43.2207  7.73139 
0.854872  7.84995 
-14.2402  7.97038 
32.3892  7.88189 
-40.6306  8.50233 
44.3987  8.00479 
41.1525  7.80239 
-50.17  8.13268 
50.5139  7.94797 
57.8984  8.00778 
-45.641  1.8784 
37.6941  1.90033 
-14.8248  2.14689 
-43.2013  1.88815 
-99.6175  1.83228 
-66.4623  2.02412 
40.2358  7.1814 
-166.973  7.01996 
-12.6399  6.92366 
91.9831  7.03961 
-108.98  7.05507 
11.5211  6.67702 
45.0995  7.18858 
-139.96  7.33896 
-44.5132  6.77381 
96.1131  7.35915 
-128.133  7.11299 
-113.519  6.67749 
1.33306  6.82412 
-141.72  6.93081 
-72.6673  6.60708 
42.2077  7.01813 
-163.867  7.07439 
-73.903  6.65475 
35.7929  6.88868 
-128.046  7.06393 
-63.3341  6.49635 
92.5649  6.84311 
-125.056  6.76905 
-59.3471  6.08083 
-48.8594  7.09145 
-46.2724  6.78377 
-68.7313  6.33745 
24.8766  7.00694 
-80.1148  6.90184 
-80.5754  6.55112 
7.57146  6.66507 
-68.8907  6.73927 
-42.6871  6.53981 
50.3702  6.79271 
-60.5622  6.52427 
-33.581  6.59 
42.4691  6.75689 
-118.893  6.60244 
-89.6944  6.55818 
92.8293  6.88203 
-104.171  6.60287 
-38.8977  6.60222 
9.32059  6.69073 
-106.379  6.80307 
-64.9977  6.7422 
52.9388  6.78682 
-99.4709  6.94881 
-35.0043  6.83192 
53.0465  6.98565 
-96.9131  6.8713 
21.8878  6.86014 
60.6615  6.94281 
-90.5819  6.97658 
-105.325  6.85609 
6.07491  6.67199 
-64.1793  6.80868 
-8.08452  6.7171 
49.7377  7.3126 
-75.6052  7.08593 
-117.873  6.85233 
29.7791  7.17063 
11.4814  6.95969 
-76.6376  7.16763 
49.1813  7.45259 
-84.1714  7.34238 
-36.0756  7.2447 
95.0908  2.18665 
-73.7592  2.0193 
-21.6056  1.79653 
-136.911  1.94775 
-208.641  2.13868 
-79.1715  2.04686 
-121.825  7.26918 
-182.753  7.06088 
-119.257  6.78416 
-87.1445  7.49349 
-135.697  6.88333 
-182.037  6.92699 
-64.6309  7.03748 
-173.814  7.10118 
-136.99  6.80906 
-91.8692  7.11493 
-152.393  6.86735 
-95.8388  6.83869 
-41.9531  6.85217 
-194.033  6.50679 
-121.261  6.44721 
-98.4634  6.86802 
-165.93  6.79707 
-138.292  6.56098 
-102.553  6.86501 
-71.8947  6.46788 
-87.1781  6.40207 
-86.1891  6.64938 
-91.5079  6.19353 
-94.7478  6.15555 
-90.713  6.79815 
-43.4674  6.36138 
-184.568  6.63509 
-60.9638  6.58959 
-109.492  6.38781 
-186.688  6.55437 
-87.246  6.81447 
-40.3031  5.97218 
-126.217  6.5158 
-181.478  6.7074 
-15.0231  6.46184 
-151.3  6.61278 
-101.894  6.84301 
-76.3426  6.57406 
-124.546  6.26218 
-109.335  6.68197 
-110.797  6.17713 
-219.673  6.30642 
-142.194  6.9466 
12.4968  6.57818 
-198.884  6.55172 
-131.903  6.98383 
-49.548  6.47813 
-221.043  6.34865 
-160.032  7.29156 
-22.124  6.31863 
-160.379  6.65303 
-209.821  7.11432 
-116.897  6.66368 
-176.471  6.48578 
-164.946  7.01001 
-108.149  6.67803 
-179.753  6.45054 
-68.0177  7.21677 
-98.1566  6.93988 
-245.582  6.67915 
-122.574  7.16703 
-104.618  6.74224 
-121.33  6.69579 
-179.637  7.32653 
-36.2745  6.98363 
-149.349  7.03707 
-133.093  1.87882 
-123.572  1.86913 
-201.823  1.87648 
218.86  2.02433 
-9.02252  1.83584 
-41.1708  1.86231 
254.435  6.93404 
-126.199  6.77936 
-37.7692  6.52831 
221.474  7.26916 
-12.413  7.05573 
-29.8509  6.93283 
180.572  6.98798 
41.5386  6.24597 
11.8113  6.19764 
127.973  7.29316 
26.8703  6.72783 
49.6672  6.62375 
211.23  7.15221 
-73.6566  6.38309 
28.771  6.29787 
128.352  7.18274 
33.7247  6.64115 
30.9284  6.66324 
62.0795  6.96793 
36.8213  6.39713 
-13.7694  6.36727 
101.294  7.14425 
14.3203  6.65905 
33.7478  6.53572 
58.9797  6.76855 
48.0568  6.18614 
-22.0378  6.14852 
74.425  7.16981 
25.9325  6.30784 
-3.91118  6.27002 
-11.5964  7.30321 
33.2269  6.36075 
55.0132  6.4721 
25.8471  7.15367 
72.6193  6.23724 
-19.8271  6.5491 
42.1358  7.15587 
82.2725  6.25156 
67.9812  6.03218 
34.5481  7.38157 
46.0362  6.46793 
-45.5293  6.43258 
-59.1755  7.23171 
31.1059  6.31158 
55.8269  6.05824 
-103.779  7.62333 
139.322  6.59725 
72.8582  6.32191 
-84.4341  7.30273 
92.7191  6.36977 
-1.05215  6.21932 
-144.774  7.62945 
80.4136  6.59654 
-7.06288  6.50042 
-214.007  7.38211 
-40.0804  6.47825 
86.4131  6.39706 
-114.051  7.8807 
35.5751  6.71224 
-28.3156  6.38461 
-214.641  7.43049 
12.5422  6.69289 
11.7093  6.33567 
-206.887  7.43018 
-32.3208  6.5916 
42.043  6.18444 
-167.713  1.86923 
0.0429929  1.95283 
8.41813  2.00219 
-5.66607  1.93766 
-155.144  1.97874 
-69.0259  1.89648 
-15.8924  6.83365 
-180.537  7.07331 
-23.0016  6.84653 
-17.7779  7.03677 
-124.903  7.07238 
6.06539  6.60782 
-87.0702  6.86652 
-125.213  6.81233 
56.8488  6.89032 
30.6736  6.95724 
-128.819  6.79654 
1.19604  6.79647 
-70.7149  6.5197 
-136.518  6.4963 
-3.56283  6.18896 
-90.8317  7.54014 
-195.883  6.69448 
17.3193  6.70189 
2.3706  6.96589 
-144.561  6.59715 
4.85851  6.96979 
-67.6631  6.83464 
-202.979  6.57224 
2.41258  6.92807 
-49.4824  6.81154 
-147.745  6.61448 
-0.455778  6.4 
-58.0987  6.91243 
-220.314  6.57963 
33.7695  6.27941 
-4.99698  6.71423 
-182.375  6.46577 
61.1306  6.38325 
-30.4772  6.88992 
-161.891  6.51495 
59.9531  6.17478 
-50.5757  6.5755 
-173.612  6.44499 
95.0705  6.18825 
43.5118  6.61816 
-173.811  6.42391 
83.7621  6.48122 
26.6779  6.53149 
-235.722  6.46066 
58.8091  6.44452 
-47.8758  6.66935 
-175.585  6.62613 
46.9633  6.42747 
-51.3457  6.55484 
-143.84  6.7211 
63.4268  6.46145 
30.0474  6.86081 
-169.124  6.94357 
101.195  6.64206 
20.3225  7.00829 
-64.74  6.67388 
72.3688  6.77828 
88.6109  7.39184 
-125.46  6.6463 
118.233  6.58615 
3.80125  7.08859 
-110.399  6.75212 
40.0121  6.66133 
88.1509  7.11462 
-83.147  6.80952 
46.2018  6.7777 
69.7361  2.1289 
-69.2299  1.83919 
25.4242  1.84748 
-17.0807  2.20883 
-74.453  1.89409 
103.556  1.94124 
9.54589  7.46471 
-47.7894  6.94154 
58.447  6.80233 
67.0189  7.56483 
-11.3201  6.8586 
164.229  6.75553 
45.8988  7.37904 
-44.6665  6.92812 
153.274  6.51212 
-17.4765  7.41954 
6.59269  6.41829 
83.1959  6.4359 
25.0717  7.18049 
-50.6705  7.24012 
128.389  6.6394 
-24.404  7.08431 
17.0698  6.69208 
60.8435  6.43407 
-10.3379  7.18674 
-87.719  6.63082 
76.5207  6.522 
15.2498  7.22137 
53.9079  6.58806 
186.09  6.30984 
2.71041  6.80639 
3.60816  6.29621 
80.4902  6.4792 
11.9496  7.2837 
-50.8009  6.95896 
116.307  6.33576 
-22.7485  6.66379 
-1.61599  6.42048 
99.924  6.56358 
-15.2606  6.98997 
-18.4468  7.10986 
31.7064  6.79725 
-44.6083  6.77566 
-63.7664  6.51053 
117.608  6.64183 
-37.4283  6.89692 
51.6627  6.72673 
81.3689  6.66119 
-67.3141  6.82728 
-19.8192  6.85028 
70.1858  6.71144 
-26.01  6.9712 
8.68188  6.64737 
118.886  6.70082 
-27.2433  7.11681 
13.1108  7.0645 
151.173  6.77321 
-140.175  7.15704 
-67.2557  6.90761 
140.952  6.83244 
-104.391  7.23769 
-43.7355  7.3137 
189.822  6.80681 
-162.616  7.11492 
35.8325  6.81773 
135.935  6.92315 
-101.56  7.3987 
-54.7787  6.89298 
59.6461  6.90269 
-115.534  7.33221 
-4.96301  6.98823 
55.3618  6.83914 
-119.052  1.85387 
-51.1015  1.98043 
109.544  2.01508 
-40.0924  1.81283 
-302.354  1.97846 
36.6122  1.93206 
-77.194  6.91371 
-231.936  7.53749 
-33.9863  7.17337 
-81.1913  7.08125 
-262.027  7.31166 
40.4919  6.89454 
-32.8074  7.66299 
-207.314  7.03287 
45.8316  6.76275 
0.0116644  6.70966 
-209.719  7.28005 
-19.0693  6.68851 
24.7718  6.56238 
-161.672  7.22149 
-23.6607  7.45406 
22.2721  6.62965 
-180.375  7.01951 
2.44136  6.50531 
-138.31  6.67244 
-157.811  6.84191 
25.4524  6.25203 
-35.3951  6.61602 
-118.808  6.6634 
18.36  7.03916 
-11.976  6.4636 
-186.568  6.97586 
-3.24939  6.41154 
-40.6551  6.28569 
-132.45  6.67869 
-19.9916  6.50668 
-23.0833  6.40776 
-182.815  6.53592 
-24.1992  6.38796 
-40.41  6.56613 
-114.076  6.59326 
-17.5817  6.47224 
-9.02879  6.53624 
-116.02  6.69214 
-70.7835  6.33972 
-29.9498  6.68856 
-66.2364  6.6164 
-37.7791  6.43512 
52.468  6.58304 
-45.972  6.38835 
-79.083  6.49083 
-11.9246  6.76702 
-43.0119  6.41484 
-92.5206  6.50444 
25.9142  6.72861 
10.2263  6.8282 
-55.8667  6.42212 
8.84852  6.8265 
-66.3542  6.84133 
-122.053  6.49165 
-27.1776  6.85465 
13.3835  6.77076 
-44.3192  6.70993 
-15.1004  6.89575 
32.0434  6.70412 
-93.9545  6.62281 
-16.2961  6.98039 
82.8664  6.6897 
-87.6761  6.56076 
14.6471  7.25976 
42.446  6.98349 
-83.0789  6.66136 
-35.5758  1.78861 
-14.168  1.83777 
-97.4198  2.03589 
-18.8754  1.85911 
-119.274  1.88598 
-60.17  1.87051 
-65.5467  7.08613 
-34.9835  7.05464 
-58.7468  6.88478 
-8.15178  6.63913 
-76.1339  7.05693 
-84.7156  7.30655 
30.6624  6.66934 
-82.7915  6.97372 
-67.302  6.96803 
50.1392  6.78885 
-29.7365  6.73861 
-61.32  6.81966 
31.6625  6.64441 
-34.2286  6.68737 
-93.5604  6.56188 
10.1907  6.61767 
16.072  6.96032 
-30.7109  6.66319 
74.2632  6.60015 
-10.0293  6.85342 
10.6959  6.60604 
71.3364  6.6234 
70.5675  6.84343 
-29.2329  6.69973 
30.6928  6.46779 
-9.02494  6.5254 
-7.78262  6.33202 
78.4762  6.5998 
-31.6039  6.95019 
32.3224  6.41707 
54.9672  6.55162 
-44.3359  6.59745 
-52.4077  6.43852 
35.5644  6.39445 
-88.321  6.53443 
-14.1812  6.6025 
111.563  6.39876 
-80.3047  6.86361 
82.1233  6.25197 
41.2499  6.72704 
4.2717  6.9369 
56.6035  6.23211 
56.1496  6.76875 
2.34264  6.35541 
101.691  6.2173 
35.5415  6.83366 
-48.3215  6.63539 
59.0638  6.22285 
103.772  7.32465 
9.10796  6.64315 
91.0127  6.36523 
3.12597  7.26057 
13.7317  6.78425 
22.9869  6.40605 
5.99528  6.88498 
74.4951  6.83239 
22.3529  6.44102 
25.7058  7.19181 
7.88918  6.83296 
46.433  6.7475 
85.7681  6.98055 
42.0628  6.94773 
-10.5989  6.69282 
141.111  7.13 
46.0022  6.9552 
-11.711  6.77719 
75.3425  1.92524 
-10.1414  2.03305 
0.922846  1.92433 
-124.041  1.95441 
-168.613  1.88354 
-53.7138  1.92814 
-181.363  7.3763 
-106.86  6.82584 
-60.364  6.47824 
-155.023  7.23514 
-129.31  6.67581 
-1.73433  6.38125 
-130.353  7.21659 
-157.401  6.84525 
-8.30991  6.77079 
-107.082  7.11554 
-56.893  6.33723 
-57.694  6.4437 
-186.087  7.04331 
-105.672  6.60379 
-31.271  6.64021 
-127.049  6.91535 
-117.016  6.38167 
8.86659  6.29255 
-163.381  7.14208 
-86.3374  6.3062 
-40.4553  6.28808 
-152.418  6.84663 
-108.356  6.39936 
-56.2631  6.26252 
-119.872  6.66214 
-164.916  6.37604 
-33.9684  6.26337 
-148.347  6.85764 
-103.027  6.37688 
-108.472  6.16534 
-203.415  6.80696 
-85.2537  6.21333 
-26.4749  6.29963 
-183.8  6.65177 
-163.468  6.55261 
-87.3093  6.54443 
-252.182  6.90008 
-117.635  6.48643 
-124.042  6.65152 
-161.076  7.00156 
-165.371  6.63341 
-91.1049  6.79165 
-219.91  6.8048 
-202.821  6.72833 
-114.325  6.57153 
-224.976  6.75448 
-179.156  6.67348 
-111.602  6.83085 
-220.767  6.97211 
-163.979  6.86957 
-62.4298  6.7732 
-192.923  6.99103 
-135.51  6.91194 
-200.595  6.93273 
-214.154  6.98035 
-163.803  7.02101 
-77.7355  6.79726 
-260.686  6.9307 
-200.349  6.81656 
-146.587  6.86837 
-169.341  7.25747 
-176.591  6.82693 
-132.776  7.03445 
-276.539  7.04258 
-174.035  6.81888 
-183.933  7.1581 
-276.949  1.81475 
-196.357  1.82086 
-187.251  2.00221 
14.7808  2.29214 
-202.397  1.92275 
187.381  1.90278 
23.5652  8.31027 
-137.961  7.55886 
116.133  7.41704 
101.122  8.25313 
-130.352  7.30814 
211.711  7.06702 
100.916  8.02629 
-136.533  7.40862 
192.937  6.95099 
76.8013  7.94396 
-123.433  7.29704 
193.062  7.07034 
48.4537  7.51301 
-203.384  7.10405 
158.599  6.95135 
95.4334  7.42463 
-200.51  7.02934 
129.24  6.77221 
111.649  7.70818 
-148.673  7.23984 
132.069  6.99029 
63.5345  7.237 
-231.726  6.8799 
150.683  6.70531 
80.3355  7.43772 
-247.068  7.02314 
181.398  6.90452 
113.372  7.34638 
-183.446  7.06798 
162.286  6.86435 
77.5658  7.2033 
-152.958  7.08028 
121.755  6.69732 
121.032  7.1639 
-177.934  6.99326 
114.9  6.8936 
98.8723  7.41346 
-138.572  6.78247 
65.8837  6.72499 
89.1643  7.2048 
-189.213  6.89357 
96.7921  7.00892 
72.8014  6.71235 
-164.623  7.00153 
79.6651  6.72243 
59.0824  7.05489 
-198.699  7.04575 
129.127  6.75288 
104.886  7.29358 
-130.697  7.16319 
63.0007  7.38772 
67.7797  7.26882 
-179.661  7.39086 
61.578  7.29433 
-19.0409  7.38364 
-149.661  6.93461 
90.5569  7.39248 
97.0002  7.52365 
-207.816  7.45212 
33.0667  7.58244 
113.096  7.64873 
-142.69  7.28954 
28.7774  7.50135 
10.4683  7.47064 
-180.593  7.52103 
46.9324  7.87354 
43.3957  1.88248 
-163.187  2.13424 
47.3095  2.30253 
42.9998  2.02538 
-32.2062  2.20284 
13.1728  1.94394 
80.0528  7.51959 
-49.4184  7.46666 
-38.6955  7.69302 
22.3064  7.61533 
-73.7075  7.24196 
-53.4908  7.59252 
21.4933  7.48525 
-37.22  7.36083 
-12.0379  7.42359 
31.2257  7.3452 
-48.2869  6.94449 
-9.23864  7.26074 
75.5806  7.24778 
-88.2322  7.25922 
9.27698  7.07503 
91.0353  7.26933 
-20.5929  7.11176 
17.1342  7.15087 
103.664  7.04071 
-42.9112  6.86082 
34.1841  7.03871 
95.0906  7.11286 
16.3093  6.89461 
50.194  7.01547 
107.094  7.11818 
-75.9297  6.83486 
44.3965  7.00876 
108.32  7.15428 
-23.519  6.72322 
63.2163  6.6314 
89.2709  7.12774 
-57.2728  6.96077 
103.465  6.72173 
80.1737  7.29221 
-13.4939  6.72279 
57.8072  6.7545 
123.657  7.35672 
-16.1937  6.9114 
85.0221  6.83972 
70.6847  7.47301 
-13.1587  6.88306 
80.2868  6.7614 
113.408  7.68786 
-50.2666  6.73076 
140.876  6.98518 
62.217  7.70526 
-47.0236  7.26684 
93.2434  7.00994 
42.9278  7.64071 
25.0995  7.14761 
102.12  7.07141 
99.417  7.84479 
-35.6836  7.35216 
139.512  7.16312 
84.9673  7.96285 
-31.0348  7.47443 
92.5443  7.20662 
98.1864  8.17431 
-60.036  7.40645 
95.0547  7.25255 
135.902  8.23935 
8.52335  7.14998 
63.5963  7.53804 
123.382  8.2125 
-43.4538  7.26667 
132.43  7.21094 
42.7413  2.19083 
-47.2398  2.0201 
107.953  1.87947 
-174.839  1.92347 
-48.6451  2.18527 
-117.923  2.13823 
-39.1233  7.60838 
-60.6167  7.71269 
-130.045  7.60396 
-98.3197  7.70042 
-73.8667  7.65859 
-75.0381  7.44364 
-81.9396  7.61608 
-30.1401  7.47058 
-106.541  7.36481 
-90.6728  7.67231 
-20.3514  7.32189 
-50.7257  7.32203 
-92.2997  7.52744 
-44.0043  7.44186 
-97.3257  7.36388 
-25.4365  7.3221 
-54.1999  7.33832 
-85.8176  7.17943 
-112.479  7.42933 
-13.3944  7.50066 
-52.4883  7.06748 
-58.5533  7.382 
-30.2208  7.28021 
-42.6164  7.10509 
-49.4787  7.13317 
19.1597  7.01183 
-74.578  6.76812 
-26.0138  7.64778 
79.4532  7.0681 
-85.9935  6.92183 
-65.407  7.62251 
37.2862  7.21887 
-84.8871  7.03761 
-47.1649  8.00657 
-77.0695  7.10607 
-133.198  7.20419 
0.452269  7.30058 
-32.1337  7.47936 
-99.0176  7.01935 
-27.5089  8.12145 
4.95388  7.04351 
-119.911  6.59581 
3.82877  7.73703 
7.84007  6.99179 
-35.2368  6.84179 
8.5574  8.18012 
-12.3167  7.33554 
-52.1169  6.94149 
-2.85498  8.34064 
-54.7102  7.22402 
-13.8979  7.0793 
1.82436  7.66599 
-96.855  7.46929 
-146.389  6.93585 
-25.8706  8.27144 
37.407  8.15867 
-52.6132  7.18827 
-40.4104  8.13195 
3.80207  7.46894 
-49.6772  7.41023 
-46.9559  9.00911 
-25.919  7.51171 
-60.9944  7.1591 
-2.09064  8.37128 
13.1216  7.71116 
-27.2724  7.39051 
-18.3346  2.31901 
-1.38925  2.00385 
-80.0179  2.1751 
96.8158  2.30018 
48.1146  2.04375 
134.953  1.96411 
65.2919  8.40761 
110.512  7.44965 
99.9864  7.32688 
69.9944  7.98935 
145.501  7.32899 
119.424  6.97821 
121.567  7.98885 
148.633  7.34324 
75.0215  7.10794 
63.6453  7.95881 
136.612  7.46788 
138.817  6.97363 
29.3013  7.7281 
135.878  7.40899 
93.8031  6.91018 
87.1161  7.63225 
217.483  7.15825 
151.038  6.80531 
96.099  7.69796 
179.059  7.2557 
142.707  6.73973 
44.7183  7.36021 
180.556  6.82602 
99.6169  6.60234 
103.675  7.26108 
123.727  6.93783 
215.873  6.42598 
95.5869  7.15522 
126.975  6.83343 
91.6132  6.28721 
135.037  7.26071 
183.153  6.97237 
111.282  6.55625 
121.207  7.19229 
229.894  6.65366 
151.951  6.40488 
100.088  7.04394 
120.725  6.83621 
101.416  6.58036 
122.408  6.94597 
183.347  6.90103 
103.379  6.70203 
117.411  7.54108 
66.8642  7.24579 
126.593  6.97669 
105.134  7.06018 
162.999  7.30005 
106.745  7.04617 
98.2058  7.13008 
151.118  7.32004 
38.8236  7.0351 
82.5838  7.15814 
85.1007  7.31136 
100.505  6.85969 
55.0994  7.16614 
130.721  7.231 
87.817  6.96229 
79.8922  7.18318 
98.0277  7.74454 
112.689  6.91615 
99.7319  7.44335 
16.3078  7.67741 
62.0789  7.21999 
102.513  7.51453 
60.9195  7.64608 
97.4198  7.55057 
75.678  1.95505 
30.0778  2.22514 
49.5146  1.9905 
158.095  2.14648 
297.696  1.82661 
61.2892  2.02087 
125.633  8.82224 
252.876  8.21449 
100.89  7.61006 
109.041  8.80546 
304.752  8.12275 
75.1049  7.66061 
137.703  8.53705 
249.401  7.96607 
68.7779  7.13231 
29.3313  8.54655 
279.952  8.10957 
141.999  7.59223 
40.6624  8.37038 
160.741  7.54582 
111.838  7.09698 
88.1561  8.26015 
174.481  7.70065 
160.449  6.82725 
94.4938  7.99217 
189.913  7.7904 
134.413  6.9346 
101.783  7.92893 
250.214  7.96416 
211.766  6.95164 
113.409  7.67332 
154.385  7.66002 
210.596  6.91224 
135.005  7.82156 
139.999  7.87462 
247.32  6.68864 
66.6429  7.85097 
149.33  7.60052 
238.356  6.88148 
114.344  7.77012 
50.6932  7.67005 
253.311  7.02904 
140.427  7.41868 
60.3523  7.48097 
259.789  6.94432 
49.3762  7.58654 
20.7839  7.98784 
208.364  7.2231 
115.129  7.69077 
36.267  7.82762 
220.614  7.17833 
98.1065  7.58884 
24.2744  7.90663 
295.122  7.13667 
180.376  7.61912 
47.9495  7.87675 
208.405  7.06058 
100.04  7.80143 
46.8529  8.21809 
223.931  7.29824 
133.95  7.79451 
-10.6963  8.15186 
259.724  7.47164 
112.147  8.10466 
15.3737  8.38475 
250.11  7.508 
120.955  8.02747 
-60.5445  8.35193 
226.21  7.41568 
88.3834  7.9848 
-62.9965  8.61119 
235.273  7.36094 
13.0828  2.06699 
-85.011  1.8475 
183.663  1.99207 
2.38383  1.78696 
-84.3923  1.89297 
-48.6593  2.16944 
16.6064  7.55405 
-69.3383  7.83243 
-3.0885  7.82966 
9.96742  7.55316 
-50.0537  7.44622 
-4.71857  7.51898 
-50.3631  7.32706 
-18.7545  7.62954 
5.72476  7.75638 
87.0664  7.37841 
-9.83229  7.46004 
1.48232  7.17391 
12.118  7.05415 
-73.5471  7.61896 
10.051  7.48388 
76.8762  7.23789 
4.48352  7.27741 
-0.070873  7.07855 
44.6938  7.12615 
53.5494  7.1801 
-35.1342  7.4226 
84.8843  6.99001 
46.9442  7.24523 
41.6683  7.04057 
139.584  6.8718 
54.1446  6.92131 
24.6821  6.83173 
137.853  6.95456 
42.1705  6.93845 
115.756  6.64178 
100.669  7.25893 
13.1878  6.85954 
28.9126  6.95003 
94.2313  7.08059 
23.1376  7.06616 
19.5125  6.74664 
104.953  7.19318 
83.3756  6.96313 
-24.6029  6.71206 
72.3272  7.3908 
21.8572  7.22582 
81.4823  6.8259 
77.8258  7.24458 
57.5727  7.2317 
38.1936  6.85731 
133.903  7.55605 
82.6368  7.46517 
-19.5825  7.04281 
131.775  7.3942 
22.8919  7.31695 
109.81  7.04162 
95.0039  7.61999 
36.8314  7.34471 
132.959  6.88114 
116.121  7.83039 
28.8798  7.59022 
57.962  7.15671 
90.0101  7.89099 
106.575  7.4444 
18.6307  7.07172 
96.7408  8.08682 
60.2507  7.54267 
54.2653  7.28325 
43.5955  8.02428 
86.9808  7.64305 
39.7109  7.40139 
103.667  2.01282 
70.8851  2.04005 
46.5442  1.99902 
-16.0638  2.12586 
45.56  2.035 
-143.618  2.05559 
36.5713  7.68801 
109.103  7.33521 
-113.519  7.75486 
-20.8469  7.88447 
169.336  7.35335 
-51.3185  7.90692 
-28.4982  8.03013 
86.1667  7.36099 
-8.70059  7.63866 
89.0732  7.83686 
114.631  7.25302 
-10.0548  7.62507 
30.9735  7.65939 
97.5219  7.16493 
-43.0067  7.38928 
16.5476  7.72948 
107.9  7.14516 
-45.1279  7.40687 
78.7111  7.34458 
113.3  7.07105 
21.9754  7.34877 
46.0811  7.27197 
108.324  7.21726 
-8.14477  7.16026 
-24.9543  7.56664 
122.763  6.86709 
44.7955  7.16435 
-33.3387  7.79968 
113.358  7.62313 
26.8215  7.09314 
8.50164  7.44774 
72.9573  7.12515 
13.7571  6.91725 
52.1903  7.65165 
6.84115  7.27171 
35.9535  6.95639 
50.814  7.68202 
3.87701  6.72 
-46.8263  6.77875 
137.01  7.70145 
14.09  7.17115 
13.1838  7.17591 
92.576  7.914 
43.2544  7.14826 
21.5836  7.04172 
90.5809  9.63307 
-26.5637  7.54918 
15.1366  7.2106 
115.082  8.23541 
-65.2799  7.4369 
43.7796  7.12523 
124.892  8.308 
-83.7418  7.62737 
12.4129  7.31647 
64.797  8.489 
-57.6653  7.69472 
8.69105  6.98205 
55.021  8.27795 
-56.7472  7.72751 
-16.7762  7.37861 
178.319  8.34108 
-125.473  7.7136 
-33.4944  7.50683 
201.363  8.56109 
-105.847  8.04023 
-47.2452  7.50576 
187.318  2.00111 
-139.821  1.95299 
-91.7956  1.93177 
-68.1923  2.02866 
92.6506  2.0561 
-37.3359  1.92519 
-54.3429  7.83949 
65.8771  7.2326 
-9.11423  6.77263 
-17.1422  8.00904 
73.8898  7.38853 
-31.2152  7.24852 
-65.9857  7.65328 
73.1485  7.0733 
-7.24277  6.70257 
-130.08  7.84722 
93.2819  7.27684 
-74.1592  7.02599 
-31.6564  7.70434 
91.0194  7.0267 
-118.399  6.71854 
-102.1  7.62581 
135.225  6.97059 
-92.5201  6.93079 
-90.0916  7.53005 
63.482  7.04141 
-42.5934  6.77245 
-117.887  7.15526 
50.1124  6.9645 
-180.557  6.72251 
-92.958  7.24038 
-20.6266  6.81874 
-141.895  6.92812 
-98.0646  7.33375 
13.5632  6.767 
-19.955  6.56005 
-63.1566  7.05756 
24.3192  6.66375 
-81.2837  6.66663 
-135.805  7.14963 
-57.1605  6.87443 
-111.934  6.85252 
-181.118  7.15974 
-5.17335  6.84094 
-81.1811  6.8285 
-215.141  6.68351 
-33.2284  7.44601 
-108.519  6.6707 
-135.251  6.97248 
-44.9105  7.01724 
-119.392  6.89105 
-131.375  7.10841 
-109.83  7.16405 
-160.257  7.21276 
-85.4845  7.2059 
-41.6298  7.16943 
-99.6806  7.33043 
-95.2633  7.1991 
-34.7905  7.29764 
-68.4054  7.19351 
-160.934  7.354 
-25.557  7.47741 
-123.799  7.2275 
-179.745  7.37878 
-134.325  7.54839 
-39.1086  7.53731 
-208.521  7.56068 
-107.712  7.56011 
-171.329  7.35661 
-236.943  7.53247 
-101.977  7.38461 
-117.36  7.10411 
-231.337  1.93896 
-86.6545  1.96853 
-145.427  2.09824 
9.60041  1.85693 
226.278  1.93508 
242.28  1.82035 
38.6642  2.26323 
261.174  7.95296 
221.643  7.35512 
-38.8255  8.09657 
271.119  7.64583 
189.009  7.34406 
24.7357  8.11302 
218.613  7.4709 
171.834  7.34749 
-13.2993  7.97473 
290.639  7.62222 
206.835  7.37667 
8.56682  7.71589 
151.491  7.38938 
203.107  7.06601 
-42.581  7.81412 
222.355  7.4234 
178.431  7.00333 
-84.6094  7.91053 
192.194  7.71529 
195.475  7.25521 
-103.744  7.71277 
137.926  7.6308 
238.112  7.09359 
15.5499  7.7461 
94.7641  7.37068 
223.276  7.05394 
1.02447  7.38105 
111.375  7.50573 
185.686  6.81996 
-77.5735  8.60613 
28.4543  7.47274 
220.83  7.17531 
-22.9062  7.57448 
107.471  7.49924 
165.128  6.83999 
-5.78015  7.28531 
86.7093  7.39166 
242.584  7.18373 
-34.44  7.84717 
50.2172  7.44937 
246.577  6.96922 
-3.77286  7.3484 
-19.0237  7.51677 
186.629  7.34229 
52.1294  7.93982 
-6.96559  7.68079 
180.284  7.42124 
-3.95647  7.40286 
-26.5731  8.30652 
208.338  7.55888 
-13.4369  8.00145 
4.39146  8.00982 
160.604  7.25698 
-32.5228  7.52462 
-102.079  8.42507 
156.431  7.26321 
8.17718  7.59199 
-33.5791  8.22827 
202.8  7.62175 
-12.3124  7.92282 
-17.1385  8.20413 
220.06  7.56757 
-48.3476  7.81702 
-74.4328  8.19636 
114.671  7.78852 
-58.5841  1.94175 
-95.4697  2.05012 
146.303  2.02176 
18.2332  1.85581 
-18.2331  1.99088 
45.3987  1.83508 
-19.1357  7.28324 
-38.4064  7.48323 
77.5245  7.3798 
37.0604  7.24636 
-72.4906  7.82632 
120.711  7.16914 
22.6423  7.19768 
1.449  7.77136 
101.877  7.35487 
43.8628  7.13552 
-0.333637  6.96567 
99.3702  7.13528 
39.135  7.1097 
-15.3359  7.06136 
41.3529  7.09649 
39.9801  6.90333 
-23.4815  7.37928 
108.045  6.95564 
23.3774  6.93725 
21.1409  6.89919 
124.037  6.82982 
34.099  7.36595 
52.1354  6.89695 
163.151  6.98199 
2.67908  6.79603 
49.2726  6.76673 
53.9766  6.77892 
44.3348  6.86692 
68.469  6.83897 
80.5328  6.92016 
64.21  7.03983 
57.3958  6.75654 
115.144  6.85074 
131.842  6.72803 
78.9446  6.69227 
46.0378  6.62017 
64.6832  7.14818 
105.815  6.7297 
106.832  6.71371 
13.8353  7.12408 
71.8479  6.69577 
82.8271  6.76775 
38.2537  7.07737 
104.533  6.9333 
86.3939  6.6344 
114.636  7.17727 
136.534  6.85941 
37.9571  7.12103 
81.5478  7.13925 
90.6791  7.18783 
164.84  6.87618 
63.593  8.26014 
129.395  7.04071 
181.386  6.89269 
-2.16888  7.49723 
75.2223  7.05035 
107.125  7.10979 
32.1829  7.56102 
91.0674  7.23638 
120.189  7.03088 
9.7352  7.49505 
89.8536  7.34852 
114.927  7.18097 
39.9836  7.83924 
81.6638  7.42205 
85.2322  7.24999 
-12.1492  2.04532 
33.1038  1.93898 
51.9226  1.83672 
-95.4415  2.04599 
-86.0266  1.92159 
-86.2186  1.96784 
-59.6549  7.65568 
-94.9338  7.84075 
-63.6286  7.94221 
-53.7335  7.54865 
-54.4151  7.98131 
-65.5073  7.37263 
-26.8635  7.49178 
-129.107  7.77072 
-17.8741  8.10167 
-77.2875  7.47785 
-172.551  7.81498 
1.1755  7.24368 
-59.9056  7.2264 
-57.0708  7.66384 
-39.0669  7.5579 
-76.0005  7.32698 
-82.6834  7.60363 
17.7711  7.41146 
-54.0851  7.288 
-87.5828  7.45347 
20.3231  7.79788 
-34.4772  7.20425 
-33.7806  7.474 
3.96022  6.92141 
-59.2928  7.27255 
-92.3528  7.45013 
35.8901  7.11793 
-71.3202  7.28929 
-42.3393  7.50298 
15.748  7.26578 
-37.1077  7.45632 
-7.47773  7.8091 
-9.24409  7.06263 
-10.1276  7.04957 
-0.949118  6.93427 
-10.8139  6.92984 
-37.6012  7.28161 
-20.7225  7.26228 
24.3033  6.82323 
-10.2339  7.50637 
-83.6571  7.28903 
43.925  6.91461 
-67.9795  7.8812 
-70.4553  7.49862 
48.3867  7.10823 
-97.1199  7.55083 
21.973  7.48599 
21.8237  7.23671 
-40.3489  7.29386 
30.7237  7.70029 
67.9911  7.4054 
-71.6733  7.70338 
4.25804  7.28155 
-5.34861  6.99644 
14.2462  7.87808 
10.1225  8.25854 
14.8645  7.56069 
-64.2768  7.93876 
0.424049  7.3281 
-100.017  7.80186 
-64.9649  7.92368 
-107.977  7.91879 
5.25468  7.19638 
-41.7196  8.03906 
11.8402  7.83821 
-33.3769  7.71161 
-50.9571  2.02592 
-24.5049  1.98363 
-84.9794  1.92386 
-21.2151  1.86537 
86.9895  1.92352 
-155.131  1.95026 
-43.0483  7.67536 
104.996  7.17767 
-149.534  7.04314 
-77.0357  7.41287 
76.1299  7.15559 
-50.3647  6.84421 
-70.2337  7.39779 
106.074  7.08423 
-130.202  7.0498 
-11.8988  7.24418 
83.9891  7.24403 
-129.33  7.21305 
24.191  7.343 
63.0878  7.18609 
-64.7893  7.09764 
-74.0837  7.24494 
36.975  7.29416 
-142.691  6.79437 
-69.1378  7.25073 
47.0125  6.98011 
-122.977  6.47542 
-72.1766  7.26811 
-7.46182  6.81118 
-107.498  6.77471 
-63.3901  7.29668 
65.7918  7.34513 
-145.07  6.63051 
-90.6036  7.01321 
17.4701  6.71882 
-163.838  6.43451 
-35.7496  7.1564 
21.1537  6.78159 
-142.942  6.5404 
-121.552  7.04739 
-46.7053  6.75549 
-108.993  6.53711 
-99.4027  7.08865 
1.94752  6.75283 
-160.332  6.99941 
-104.016  7.1252 
1.03897  7.26505 
-159.776  6.96667 
-116.959  6.83782 
-77.6836  7.56526 
-149.971  6.9595 
-131.896  7.05909 
-6.59931  6.97628 
-29.05  6.90168 
-108.156  7.34533 
-87.4485  7.49302 
-104.497  6.85599 
-208.74  7.19791 
-79.5243  7.13076 
-108.971  6.86063 
-124.996  7.28953 
-136.37  7.48277 
-138.895  7.15457 
-107.753  7.52106 
-78.0655  7.22837 
-209.256  6.97449 
-213.882  7.27771 
-91.7301  7.52495 
-98.0102  7.17215 
-138.567  7.07348 
-108.583  7.28454 
-133.338  7.05493 
-100.425  1.89886 
-169.868  1.96566 
-154.677  1.9816 
