148.562  2.07912 
66.8299  1.90302 
-83.3055  1.99803 
155.319  8.22906 
66.7591  7.52116 
-107.787  7.26394 
161.356  8.46003 
106.048  7.50611 
-141.014  7.31989 
170.716  8.44436 
22.2977  7.6543 
-139.628  8.877 
118.62  8.33099 
137.426  7.66531 
-102.032  7.39369 
115.444  8.10191 
112.819  7.58972 
-59.0443  7.2937 
116.054  7.86441 
6.2341  7.39558 
-98.898  7.39061 
112.797  8.01074 
72.5075  7.96407 
-151.261  7.84894 
97.6473  7.74135 
53.6831  7.31163 
-85.4944  6.97989 
111.27  7.75672 
46.9008  7.32566 
-96.7762  7.30233 
119.318  7.62038 
54.1426  7.26889 
-111.32  7.09287 
17.7671  7.52804 
30.8511  7.21791 
-151.273  6.94193 
105.371  7.49467 
76.7916  7.22282 
-186.945  7.21828 
93.2491  7.36701 
66.4921  7.33459 
-173.393  7.57397 
59.3719  7.25926 
21.8108  7.44867 
-259.145  7.20634 
-15.8418  7.70544 
62.9557  7.50523 
-225.22  9.82637 
-19.051  7.46668 
75.1091  7.47186 
-253.616  7.53752 
22.3283  7.35195 
68.053  7.10214 
-213.069  8.64987 
33.9  7.83164 
54.1448  7.60924 
-212.814  7.87314 
-31.0087  7.64363 
82.1842  7.30191 
-263.909  7.46175 
51.1261  8.00189 
93.545  7.45144 
-259.83  10.9733 
-44.3305  8.02407 
30.0474  7.92821 
-210.451  8.27227 
-32.6925  8.08728 
85.3919  7.65526 
-182.175  7.98127 
-67.2419  1.93909 
92.1916  1.819 
-209.842  2.07243 
1.77281  1.90749 
-134.297  1.90875 
8.2269  1.82557 
-46.4912  6.99036 
-120.718  7.22661 
-21.4057  7.00792 
11.169  7.78524 
-160.392  7.71286 
-26.2622  7.46866 
-1.03287  6.58748 
-120.917  7.07745 
-38.4865  7.5455 
31.3796  6.90929 
-63.9126  7.26314 
1.61443  6.84967 
87.0538  6.74531 
-58.2539  6.78404 
-46.0999  6.81133 
43.6395  6.95775 
-91.7801  7.23627 
-26.3431  7.86813 
53.7185  6.68727 
-157.463  7.24788 
-0.320477  6.76349 
18.1366  6.73687 
-102.317  7.06862 
6.21122  6.85692 
-30.9809  7.1477 
-119.44  6.84475 
-31.9491  7.36843 
-6.08796  6.72848 
-85.922  7.13356 
-1.71845  6.94667 
-27.7551  6.94012 
-65.9405  7.49026 
-10.389  6.663 
-50.2898  7.1506 
2.87878  6.55445 
-21.2245  8.41252 
-28.4252  7.26473 
-78.6228  7.08928 
0.134988  6.68747 
-33.0862  7.44489 
-47.5164  6.91363 
29.4868  6.63223 
-131.83  7.51645 
-90.1975  7.26852 
-14.0158  8.44342 
-35.6739  7.58201 
-104.765  7.00621 
-47.9095  7.03992 
-16.6044  7.63102 
-52.4112  7.23267 
-28.6564  7.04167 
-68.1786  7.42028 
-21.1789  8.97963 
51.1946  7.59146 
-30.7202  7.33437 
-62.339  7.2393 
-37.2639  7.01475 
-14.7106  7.84524 
-46.1247  7.4006 
21.5613  6.9833 
-93.7843  8.19026 
-51.4107  7.41028 
-40.2615  7.20059 
-131.545  8.22271 
-65.664  7.59654 
-99.8433  9.09507 
-79.8802  2.22372 
-9.89924  1.89748 
-3.83321  2.00827 
3.11835  1.92007 
-77.2375  1.94195 
34.2968  1.85428 
-17.2377  7.28365 
-5.65196  7.05685 
36.2159  7.35757 
44.858  7.21496 
15.3805  7.90549 
31.323  7.5589 
11.9275  7.4189 
-4.86954  7.02031 
52.0325  7.49307 
38.7075  7.36993 
10.8452  7.19576 
22.1435  7.23567 
95.1083  7.4917 
23.8317  7.00036 
23.0111  7.10518 
124.134  6.95081 
37.7375  6.9201 
75.6147  6.93074 
75.0546  7.26256 
-43.3966  7.13439 
-17.1114  7.03161 
65.4919  7.01049 
-8.4245  7.37364 
24.4524  7.39694 
95.2154  6.98328 
-0.8106  6.63192 
-3.46155  6.77747 
76.5805  6.94252 
-42.6546  7.08988 
45.4893  6.76545 
71.6242  7.18553 
-130.267  7.01998 
80.9636  6.96661 
93.5892  7.1881 
-67.9816  6.88357 
85.5269  6.80557 
35.8852  7.33632 
-46.3214  7.1889 
23.5052  6.60199 
116.445  7.3829 
-96.7412  7.17818 
47.5726  6.62326 
65.0555  7.3858 
-124.77  7.15656 
26.0925  7.12641 
70.1353  7.40624 
-138.882  7.13676 
-1.51495  6.98087 
87.5572  7.66109 
-113.339  7.24006 
3.11316  6.44712 
64.0007  8.02682 
-88.8638  7.32749 
18.1623  6.87213 
-3.70128  7.52479 
-91.9768  7.64056 
22.4576  7.13018 
113.562  7.73566 
-106.819  7.40606 
17.7715  7.53917 
154.031  7.99672 
-46.5199  7.49509 
2.10199  6.51985 
70.8255  7.9981 
-21.696  7.66742 
39.2256  7.16156 
109.733  2.1171 
-69.3624  1.96065 
28.1577  1.94609 
-53.8042  2.28158 
33.4837  2.13881 
-23.6964  1.9214 
-53.6506  8.45072 
104.014  7.46515 
-17.9269  7.56528 
-141.542  8.82433 
87.3072  7.93583 
-6.07075  7.65621 
-103.02  8.27379 
40.4525  7.40717 
20.9006  7.53178 
-88.4343  8.67641 
59.044  7.95143 
-21.8908  7.7162 
-79.2187  8.29882 
9.60928  7.54991 
-66.3503  7.2408 
-189.188  8.25057 
67.0956  7.7566 
-60.1922  7.23087 
-112.241  7.88823 
4.28329  7.17877 
-53.7985  7.17257 
-159.243  8.15011 
17.4265  7.69468 
-4.02461  6.81591 
-130.191  8.39631 
37.7335  7.4486 
-9.67144  7.6435 
-122.276  8.31983 
94.0335  7.29529 
-21.7622  7.40258 
-152.091  8.09533 
140.029  7.13886 
-86.6319  7.18214 
-132.336  8.15453 
46.7858  7.17141 
-31.253  7.56723 
-109.436  7.79208 
159.257  7.15823 
-31.2517  7.33988 
-121.329  7.69135 
118.169  6.95287 
-13.5089  7.12958 
-106.916  8.00341 
54.3049  7.31356 
-50.5544  7.04459 
-25.0805  7.80959 
3.53126  7.31678 
19.3934  7.58684 
0.616822  7.50968 
71.0352  8.01943 
10.2008  7.51674 
-13.8952  8.27402 
48.6358  7.61155 
43.9666  7.63192 
27.1768  7.86949 
67.0789  7.53037 
11.0903  7.56119 
-80.026  7.96516 
2.98482  7.61872 
-23.5219  7.8361 
9.87431  7.93621 
48.6741  8.40429 
-68.7043  7.82188 
-19.5943  8.13617 
45.2217  7.65175 
-75.3798  7.82343 
38.8015  1.8892 
46.8406  2.22024 
-7.2014  1.83042 
-29.9421  1.90802 
157.154  1.98645 
20.3845  1.90956 
41.7469  8.18202 
123.985  7.70098 
-8.39335  7.45507 
-11.6196  7.35555 
100.48  7.27314 
12.1193  7.18927 
-26.3532  7.9438 
170.215  7.54333 
5.94679  7.20155 
-23.4723  7.62881 
160.286  7.5591 
-8.96193  7.41811 
-54.5424  7.79675 
131.37  7.53865 
-25.2486  7.44592 
-46.7697  7.58992 
179.271  7.47913 
40.8142  7.21862 
-12.5774  7.63336 
116.395  7.29456 
-6.96097  7.1203 
-69.3553  7.58938 
153.12  7.13375 
39.833  7.44121 
-6.56779  7.67007 
152.72  7.26938 
79.8634  7.00666 
-128.43  7.91159 
135.716  7.09939 
22.7758  6.78355 
-48.7724  7.56492 
158.549  7.13767 
56.1051  6.9408 
-83.2437  7.46043 
104.678  7.06375 
0.577013  6.86789 
-75.0309  7.18888 
168.276  7.0282 
17.1919  7.66716 
-123.195  7.31733 
136.872  7.14833 
16.1075  6.88049 
-67.6387  7.61497 
146.731  7.12889 
-0.0951309  6.80167 
-43.3219  7.63569 
112.919  7.19303 
24.2889  7.64083 
-92.7086  7.74062 
119.72  7.13877 
0.508865  7.04606 
-84.2338  7.54606 
123.944  7.39685 
75.4465  7.80857 
-75.0826  7.50191 
60.5734  7.72798 
-17.0281  7.54122 
-113.023  7.44795 
26.2111  7.82468 
-71.5952  7.67083 
-101.268  7.82565 
79.9221  7.48809 
-63.6207  7.60104 
-170.69  7.97051 
67.8877  7.84436 
-45.4409  7.64089 
-136.861  1.88741 
25.1912  1.95879 
-134.691  1.90717 
-47.3264  2.10521 
-125.262  1.88575 
-102.41  1.90191 
-51.159  7.14519 
-206.991  7.44817 
-84.6512  7.432 
9.94723  6.89033 
-159.857  7.50616 
-51.1577  7.38216 
-46.7345  7.0536 
-212.961  7.41798 
-145.196  7.42008 
-52.6267  7.02181 
-148.607  7.1905 
-37.9116  7.15447 
-82.2902  6.78461 
-109.162  7.20291 
-57.339  7.50447 
-74.1241  6.80239 
-208.31  7.23634 
5.55455  6.72809 
-31.4358  6.99634 
-195.587  7.28485 
-16.0355  6.84334 
-56.6582  6.60017 
-196.562  6.80103 
-9.26793  6.58029 
-62.5115  6.79099 
-85.2588  7.05859 
-43.2517  7.13702 
-84.7073  7.59871 
-119.581  6.99335 
-57.7032  6.91726 
-0.528834  6.72458 
-111.24  7.01754 
-30.8053  6.72506 
-62.2731  7.09975 
-146.916  7.12832 
19.4708  6.94622 
-26.6134  7.14895 
-98.3433  7.11763 
-71.5655  6.62141 
-82.4361  7.11075 
-106.375  6.99708 
-71.6015  6.72464 
-34.7148  7.16474 
-38.5451  7.03554 
-35.0202  6.69518 
-95.2414  7.33298 
-83.9747  7.3776 
18.2227  7.36544 
-42.2426  7.09441 
-111.033  7.08199 
-2.15703  6.45971 
-110.881  7.24602 
-104.381  7.09609 
-12.9406  7.11006 
-38.0601  7.55667 
-84.8072  7.35557 
-7.53842  7.20957 
-54.2302  6.91074 
-53.1531  7.02124 
8.53411  6.75299 
-105.456  7.54214 
-78.671  7.11199 
-17.8406  7.45301 
-148.525  7.58636 
-70.0137  7.60223 
2.62472  6.8034 
-179.146  2.07708 
-114.591  1.99379 
-45.2512  1.81855 
-64.6312  2.09382 
-134.282  1.95576 
6.21303  1.89422 
-157.626  7.79105 
-66.0046  7.72705 
-18.9093  7.33149 
-93.4451  7.77395 
-5.91228  7.14359 
12.4738  7.33141 
-76.0296  7.59552 
-118.304  7.36258 
18.832  7.59223 
-49.1515  7.70344 
-48.2547  7.46024 
21.1578  7.93199 
-101.035  7.42282 
-54.5953  7.1145 
-1.78904  6.88768 
-43.0496  7.27472 
-74.4922  6.82879 
-24.3933  7.27532 
-82.342  7.2428 
-16.4044  7.15819 
4.36942  6.91665 
-59.8429  7.54052 
-19.1264  6.52909 
61.7923  6.66533 
-2.18167  6.88852 
-13.6349  6.96903 
37.7817  6.98174 
-27.8428  7.18789 
57.3379  6.93108 
43.047  6.98217 
-55.6914  7.35671 
-28.1231  7.30442 
51.5781  6.89645 
-94.0201  7.53463 
6.38599  7.07602 
83.8738  6.72557 
-65.2634  7.53071 
-2.81353  6.5134 
77.782  6.66886 
-8.73777  7.34228 
21.761  6.8967 
105.794  6.74436 
-32.6843  7.47057 
-26.3145  6.96238 
83.9018  6.58134 
26.061  8.022 
-28.2354  7.15425 
17.0978  6.9434 
3.92788  7.07648 
-26.3442  6.9832 
70.1979  6.62251 
25.8136  7.15779 
-23.0948  6.81906 
25.4254  6.5265 
-21.3968  8.05244 
16.0335  7.37326 
79.4409  6.93147 
-5.19593  7.03977 
-26.2642  7.13747 
26.8213  7.71965 
17.0664  7.90706 
8.53924  7.17812 
33.8619  7.07565 
46.912  7.79521 
42.9721  7.3533 
27.4198  7.11124 
26.065  1.96265 
23.1264  1.87922 
-9.98716  1.88122 
140.133  1.91465 
178.94  1.83581 
166.488  1.90936 
143.702  8.10274 
140.01  7.7117 
151.418  7.63139 
185.497  7.95421 
107.163  7.75201 
191.845  7.50379 
144.764  8.03068 
133.114  7.74703 
168.743  7.23515 
173.797  8.00479 
137.376  7.93103 
162.516  7.65135 
155.815  7.7296 
58.0786  7.77362 
246.683  7.16826 
103.807  7.9582 
82.7186  7.64837 
93.5835  7.30686 
109.635  7.405 
69.4458  7.42967 
184.772  7.03174 
130.653  7.6532 
100.394  7.56271 
199.555  7.16391 
121.345  7.81195 
60.0785  7.63127 
77.685  7.17208 
43.7477  7.65747 
94.7153  7.84445 
132.143  7.29699 
93.1753  7.5268 
25.4597  7.52064 
173.121  7.19967 
121.389  7.63905 
66.0641  7.39901 
61.8139  7.21345 
78.6168  7.72097 
-23.6355  7.68873 
106.785  7.37234 
48.1085  7.47241 
67.0309  7.61801 
94.6054  7.40397 
54.0354  7.25125 
86.051  7.33957 
-1.16171  7.09089 
47.32  7.5487 
66.5096  7.77171 
74.4118  8.08225 
10.2081  7.77649 
-5.861  7.56573 
90.3551  7.43774 
59.7286  7.77996 
91.9712  7.90263 
23.4204  7.60628 
11.0837  7.80176 
65.1234  7.82327 
43.5213  7.64531 
1.12104  7.82212 
-13.8274  8.02512 
32.5463  7.92042 
-40.4475  8.53557 
44.4678  7.71119 
40.8054  7.66516 
-49.9664  8.03253 
50.8112  8.14935 
57.8205  7.83621 
-45.1606  1.84696 
37.7597  1.90456 
-14.7912  2.12355 
-42.9101  1.89694 
-99.5566  1.86029 
-66.5679  2.00187 
40.5797  7.08184 
-167.039  7.07008 
-12.3151  6.74555 
92.5187  6.97195 
-108.468  7.09162 
11.5436  6.54722 
45.6099  7.07238 
-139.518  7.27518 
-44.334  6.59661 
96.6069  7.1642 
-127.625  6.9825 
-113.304  6.70058 
1.52647  6.89222 
-141.447  6.91878 
-72.5539  6.48471 
42.4618  6.84918 
-163.674  6.98967 
-73.5922  6.5885 
36.235  6.83312 
-128.216  7.13909 
-62.9839  6.46305 
93.1931  6.71401 
-124.478  6.58035 
-59.0623  6.07363 
-48.5131  7.04241 
-46.1297  6.74149 
-68.5017  6.26435 
25.2019  6.8062 
-79.9765  6.68486 
-80.2954  6.53964 
7.93906  6.67822 
-69.0161  6.71843 
-42.5727  6.55262 
50.5619  6.79799 
-60.5254  6.49303 
-33.5828  6.47472 
42.507  6.5822 
-118.716  6.53042 
-89.3734  6.36158 
93.3473  6.78014 
-103.932  6.56491 
-38.6295  6.73823 
9.60978  6.69693 
-105.903  6.76338 
-64.9837  6.69326 
53.3896  6.74517 
-99.3448  6.95513 
-35.1048  6.92736 
53.1724  6.95338 
-96.7755  6.82914 
22.4385  6.76267 
61.1797  6.96867 
-90.5771  6.78963 
-104.995  6.78671 
6.44901  6.57855 
-63.7335  6.77076 
-8.24063  6.77253 
49.9485  7.05598 
-75.3962  7.08442 
-117.819  7.08782 
29.8134  7.07079 
12.0617  7.06495 
-76.4474  7.13911 
49.7282  7.38646 
-83.7845  7.17485 
-36.1068  7.22785 
95.0707  2.20917 
-73.756  1.95168 
-21.6868  1.81401 
-136.6  1.97239 
-209.019  2.1515 
-79.3349  2.07697 
-121.581  7.31964 
-182.695  6.86939 
-119.145  6.57505 
-86.8207  7.3956 
-135.482  6.91372 
-182.043  6.72896 
-64.8539  7.01752 
-173.217  6.89666 
-136.79  6.78004 
-91.6173  7.0542 
-151.969  6.68877 
-95.7342  6.8299 
-42.058  6.71366 
-194.205  6.74629 
-121.361  6.45923 
-98.1538  6.75556 
-165.73  6.70123 
-138.044  6.56151 
-102.804  6.81325 
-71.7553  6.41726 
-86.7866  6.32123 
-86.208  6.52276 
-91.0062  6.26222 
-94.3599  6.13806 
-90.5397  6.57368 
-43.3112  6.09918 
-184.202  6.48961 
-61.2315  6.6012 
-109.336  6.34017 
-186.682  6.28824 
-86.7535  6.78346 
-39.994  6.25841 
-125.597  6.38868 
-181.717  6.60408 
-14.7168  6.36261 
-151.134  6.57232 
-101.703  6.80701 
-76.1071  6.35187 
-124.292  6.25941 
-108.927  6.53301 
-110.827  6.19355 
-219.635  6.27558 
-142.253  6.80843 
12.7469  6.49242 
-198.857  6.37812 
-131.895  6.82445 
-49.0415  6.33948 
-221.043  6.38726 
-160.193  7.22404 
-21.8464  6.37395 
-160.536  6.48397 
-209.868  7.09456 
-116.623  6.58658 
-175.954  6.55246 
-164.479  7.07483 
-108.034  6.64017 
-179.614  6.28622 
-68.1039  7.11782 
-97.9485  7.03519 
-245.215  6.6056 
-122.455  7.10091 
-104.245  6.82188 
-121.02  6.56779 
-179.995  7.43184 
-35.9173  6.93556 
-149.231  6.93983 
-133.245  1.90467 
-123.832  1.8352 
-202.011  1.89635 
218.868  2.12409 
-8.7214  1.79274 
-41.477  1.91261 
254.364  7.15458 
-126.07  6.67629 
-38.2167  6.55714 
221.352  7.22037 
-12.0761  7.14298 
-30.038  7.03741 
180.667  7.14938 
41.6839  6.40696 
11.8565  6.26885 
127.806  7.3197 
27.1121  6.8888 
49.6601  6.8474 
210.989  7.17928 
-73.572  6.50989 
28.8563  6.35304 
128.272  7.16781 
33.3229  6.7925 
30.9124  6.74961 
62.0709  7.10779 
37.0103  6.34298 
-14.0372  6.37635 
100.999  7.10526 
14.2131  6.70542 
33.4471  6.57127 
58.9312  6.98211 
48.0295  6.28518 
-22.0853  6.1289 
74.4179  7.16933 
26.0697  6.28824 
-4.26897  6.11411 
-12.1437  7.28954 
33.3087  6.23 
54.2404  6.43937 
25.8757  7.20853 
72.9882  6.37074 
-19.8009  6.63636 
41.9426  7.19816 
82.3739  6.4157 
67.804  6.1898 
34.2552  7.3534 
46.2432  6.60279 
-45.8345  6.56296 
-59.5732  7.1237 
31.1448  6.3778 
55.5293  6.09245 
-104.033  7.66472 
139.239  6.54086 
72.2796  6.34971 
-84.6164  7.43532 
92.1686  6.35532 
-1.44476  6.06854 
-145.038  7.87063 
80.5704  6.70282 
-7.70913  6.71983 
-214.607  7.5879 
-40.0235  6.52416 
86.2075  6.4832 
-113.978  7.94897 
35.4205  6.82624 
-28.3056  6.4996 
-214.872  7.55395 
13.0632  6.76861 
11.522  6.40991 
-207.143  7.57368 
-32.021  6.50394 
41.8801  6.17415 
-167.69  1.93477 
-0.00197974  1.95453 
8.74372  2.00263 
-5.45599  1.8934 
-155.657  1.97416 
-68.7568  1.85513 
-16.0847  7.01645 
-180.683  6.94364 
-23.1357  6.83839 
-17.6133  6.97311 
-125.026  6.95728 
5.78299  6.61656 
-86.8717  6.77881 
-125.39  6.72507 
56.8077  6.93343 
30.8523  6.91978 
-129.181  6.7967 
0.919819  6.71868 
-70.3752  6.57698 
-137.044  6.42838 
-3.34658  6.13898 
-90.5685  7.38501 
-196.173  6.68028 
17.3418  6.48113 
2.61988  7.0063 
-144.933  6.61508 
5.00327  6.94731 
-67.3887  6.81633 
-203.262  6.66577 
2.2498  6.89361 
-49.3881  6.80223 
-147.683  6.61917 
-0.496101  6.28021 
-57.5262  6.95315 
-220.394  6.49165 
34.1809  6.30375 
-5.26593  6.70445 
-182.562  6.35037 
60.9174  6.36205 
-30.5091  6.83657 
-162.405  6.49613 
59.8962  6.21466 
-50.4071  6.61888 
-174.078  6.4207 
95.1267  6.40511 
43.7302  6.53963 
-174.054  6.3258 
83.4376  6.46439 
26.9681  6.59527 
-236.163  6.48667 
58.9921  6.24287 
-47.4073  6.64526 
-175.921  6.66754 
46.8765  6.44676 
-51.1296  6.52263 
-143.7  6.60988 
63.6228  6.43978 
30.3243  6.82265 
-169.489  6.85702 
101.199  6.6909 
21.0231  6.96579 
-64.8549  6.83295 
72.3149  6.69148 
88.8338  7.32323 
-125.978  6.70039 
118.309  6.52927 
3.85378  7.0321 
-110.364  6.81242 
39.9861  6.64336 
88.4379  7.22082 
-83.5145  6.90015 
46.0786  6.81521 
69.9329  2.14746 
-69.1978  1.85106 
25.2998  1.91472 
-17.0738  2.20481 
-74.5369  1.95962 
103.972  1.89498 
9.70156  7.48059 
-47.496  7.05188 
58.6261  6.76254 
67.2075  7.49342 
-11.4912  6.69784 
164.474  6.62392 
45.9947  7.28227 
-44.6272  6.74398 
153.358  6.58559 
-17.2205  7.24795 
6.71915  6.53952 
83.6572  6.49012 
25.3718  7.1091 
-50.3683  7.02475 
128.785  6.64279 
-24.1035  7.15901 
17.5259  6.76371 
61.038  6.53094 
-9.87658  7.24681 
-87.7714  6.38283 
76.8312  6.52391 
15.3336  7.29882 
54.0741  6.48335 
186.329  6.36396 
3.07939  6.75897 
4.04539  6.24565 
80.8912  6.3556 
12.0095  7.16424 
-50.7509  6.90056 
116.844  6.23275 
-22.5024  6.80267 
-1.35395  6.19734 
100.174  6.37745 
-15.0862  7.11181 
-18.2616  7.04942 
31.6936  6.40949 
-44.2653  6.78238 
-63.4109  6.47615 
118.006  6.60499 
-37.547  6.86149 
51.896  6.642 
81.8775  6.61842 
-66.7404  6.77806 
-19.3388  6.6067 
70.4755  6.73751 
-25.6351  7.15355 
9.16671  6.61198 
119.407  6.57811 
-27.1377  7.04061 
13.5712  6.86107 
151.536  6.74388 
-139.91  7.30622 
-66.7968  6.8962 
141.518  6.86041 
-104.512  7.18292 
-43.0247  7.27374 
190.201  6.66292 
-162.672  7.18201 
36.2202  6.88081 
136.333  6.94035 
-101.401  7.45373 
-54.7996  7.03475 
60.2541  6.85185 
-115.498  7.36804 
-4.0772  6.70057 
55.878  6.96312 
-119.219  1.8733 
-50.9339  2.11641 
109.897  2.07366 
-39.9188  1.83623 
-302.229  1.93948 
36.5723  1.90168 
-76.6252  6.81726 
-231.59  7.48215 
-33.4927  7.26707 
-80.6504  7.00466 
-261.715  7.23959 
41.4562  6.84853 
-31.9443  7.62489 
-207.478  6.91958 
45.7823  6.80062 
0.292851  6.53537 
-209.363  7.25445 
-18.9059  6.61277 
25.0022  6.35267 
-161.22  6.96605 
-23.175  7.20454 
22.9772  6.58225 
-179.858  7.00655 
2.58783  6.55778 
-137.595  6.58316 
-157.375  6.88237 
25.4167  6.46805 
-34.9148  6.57069 
-118.544  6.76753 
18.4956  7.07225 
-12.0425  6.35838 
-186.145  6.8667 
-3.13308  6.4044 
-40.0213  6.30565 
-131.936  6.73497 
-19.7671  6.32406 
-22.6963  6.3753 
-182.372  6.63897 
-24.252  6.27527 
-39.9354  6.51378 
-113.861  6.71255 
-17.1745  6.54027 
-8.63754  6.42129 
-115.841  6.58315 
-70.8952  6.28565 
-29.4987  6.71978 
-65.8161  6.42886 
-37.7676  6.37103 
53.0116  6.62617 
-45.7099  6.45655 
-78.9324  6.59412 
-11.8674  6.77811 
-42.3791  6.51034 
-92.3458  6.41647 
26.0244  6.9535 
10.4476  6.74798 
-55.6012  6.32894 
9.13424  6.91992 
-66.1484  6.74361 
-122.142  6.48611 
-26.7429  6.77073 
13.7926  6.8322 
-43.4022  6.5956 
-14.811  6.9018 
32.259  6.70502 
-93.7575  6.59142 
-15.9736  7.05385 
83.0207  6.66235 
-87.6232  6.45945 
14.875  7.26016 
42.9154  6.87913 
-83.0035  6.72527 
-35.2996  1.7481 
-14.2151  1.84113 
-97.5287  2.06143 
-18.7621  1.87735 
-119.313  1.88899 
-60.3077  1.81571 
-65.8432  7.18898 
-35.3124  7.32336 
-58.8413  6.98984 
-8.22019  6.85293 
-76.118  7.13419 
-84.9686  7.26076 
30.6537  6.90803 
-82.5959  7.11527 
-67.4381  7.00583 
50.0708  6.82515 
-29.7533  6.95258 
-61.3047  6.83463 
32.019  6.81395 
-34.2293  6.86332 
-93.8566  6.66544 
10.1344  6.83986 
16.0088  6.99352 
-30.7298  6.84823 
74.0989  6.75366 
-10.3263  6.87209 
10.6934  6.85865 
71.4665  6.61033 
70.0513  6.95425 
-29.0423  6.87124 
30.2756  6.63314 
-8.96064  6.78156 
-7.58524  6.55574 
78.3105  6.80416 
-31.2751  6.92926 
32.0977  6.63036 
54.8192  6.64778 
-44.2388  6.67513 
-52.2717  6.71604 
35.7816  6.65507 
-88.9146  6.4516 
-13.9696  6.62638 
111.579  6.72107 
-80.331  7.35159 
82.1432  6.33082 
41.1591  6.79909 
3.99631  7.10212 
56.3006  6.36147 
56.3549  6.86927 
1.97998  6.4931 
101.663  6.16843 
35.4193  6.84694 
-48.5398  6.92138 
59.036  6.25561 
103.905  7.4023 
8.32415  6.65489 
90.6444  6.42484 
3.25617  7.30461 
13.6626  6.82794 
22.784  6.42524 
6.29316  6.98638 
74.236  6.98911 
22.2385  6.45533 
25.7312  7.09834 
7.91706  7.03187 
46.1145  6.77188 
85.8035  7.09067 
41.854  6.97771 
-10.7869  6.69377 
141.426  7.29778 
45.6035  6.95748 
-11.9915  7.09145 
75.359  1.91595 
-10.215  2.02109 
0.729676  1.86434 
-124.055  1.98156 
-168.643  1.8808 
-53.9352  1.89568 
-181.275  7.42207 
-107.122  6.81409 
-60.5066  6.49235 
-155.104  7.17459 
-129.514  6.79542 
-1.89174  6.30976 
-130.18  7.13319 
-157.62  6.91683 
-8.69297  6.87835 
-107.095  7.13002 
-56.6059  6.57731 
-57.7379  6.23896 
-186.275  7.01657 
-106.067  6.64164 
-31.3857  6.5873 
-126.959  7.12169 
-117.413  6.54054 
9.05671  6.13464 
-163.714  7.18857 
-86.6091  6.50253 
-40.9283  6.28087 
-152.439  6.81171 
-108.583  6.41614 
-56.2728  6.18751 
-119.805  6.56821 
-164.991  6.31513 
-34.102  6.1755 
-148.78  6.84793 
-103.585  6.32468 
-108.34  6.38623 
-203.611  6.76414 
-85.4576  6.37195 
-26.6693  6.29141 
-184.258  6.61504 
-163.763  6.72456 
-87.5147  6.49874 
-252.2  6.9785 
-117.859  6.37718 
-124.24  6.59752 
-160.849  6.95078 
-165.939  6.70218 
-91.27  6.80839 
-219.993  6.80796 
-203.305  6.51176 
-114.664  6.66065 
-224.639  7.05978 
-179.133  6.64219 
-111.715  6.73711 
-220.912  7.02058 
-164.138  6.84563 
-62.4891  6.51608 
-193.19  6.97848 
-135.586  6.93165 
-200.706  6.99918 
-213.969  7.01546 
-163.725  6.97286 
-77.9371  6.93136 
-260.412  6.90357 
-200.261  6.94159 
-146.826  6.881 
-168.891  7.18269 
-176.768  6.77833 
-132.697  6.98635 
-276.547  7.00018 
-174.162  6.92168 
-184.385  7.08887 
-276.901  1.86405 
-196.705  1.82314 
-187.542  2.03618 
14.9402  2.35816 
-202.556  1.98815 
187.262  1.87438 
23.9137  8.19037 
-137.721  7.55976 
116.496  7.34313 
101.393  8.04842 
-130.167  7.23942 
211.8  6.94208 
101.352  7.8135 
-136.249  7.40982 
193.032  6.90826 
77.2314  7.71722 
-123.678  7.30118 
193.277  7.11348 
49.0417  7.25789 
-203.251  7.23161 
158.438  6.91142 
95.8079  7.52726 
-200.502  7.0306 
129.66  6.77886 
112.115  7.65232 
-148.668  7.40328 
132.492  7.08646 
63.6308  7.04843 
-231.674  6.92511 
150.917  6.7158 
80.7054  7.40747 
-246.919  7.01416 
181.508  6.70631 
114.016  7.41996 
-183.544  6.99031 
162.319  6.67824 
77.9812  7.29244 
-152.757  7.06226 
121.379  6.84641 
121.671  6.98032 
-177.868  6.87989 
114.841  6.8562 
99.5097  7.33929 
-138.262  6.82021 
66.0587  6.63035 
89.2616  7.14579 
-189.098  6.82352 
96.9202  6.96085 
73.394  7.02871 
-164.57  6.86365 
80.3453  6.83767 
59.558  7.01085 
-198.234  6.94086 
129.16  6.85987 
105.561  7.21954 
-130.733  7.19514 
62.9605  7.26342 
67.9545  7.15815 
-179.415  7.40856 
61.7685  7.24718 
-18.1591  7.27641 
-149.329  7.2299 
90.7018  7.20318 
97.3047  7.32838 
-208.003  7.40084 
32.9504  7.39725 
113.387  7.47723 
-142.503  7.28804 
28.868  7.43108 
11.2313  7.39361 
-180.555  7.506 
47.4285  7.86288 
43.2854  1.90699 
-162.821  2.1271 
47.5024  2.30765 
42.5496  2.0526 
-32.1806  2.11952 
13.2398  1.97386 
79.9221  7.66824 
-49.1394  7.58986 
-38.7011  7.7595 
22.5076  7.53837 
-73.8498  7.26514 
-53.4472  7.6283 
21.3105  7.53576 
-37.122  7.45836 
-11.9743  7.51093 
30.9279  7.40121 
-48.1831  6.95364 
-9.42724  7.42137 
75.4903  7.48197 
-88.3626  7.25075 
9.21662  7.24841 
90.9983  7.2935 
-20.2603  7.05801 
16.8335  7.26502 
103.966  6.96111 
-42.6058  6.86951 
34.0485  7.09773 
95.3135  7.39459 
16.6693  6.87012 
50.3733  6.84543 
107.15  7.04328 
-76.2816  6.71967 
43.9299  7.07801 
108.42  7.20327 
-23.5776  6.75375 
63.0916  6.9197 
89.483  7.0861 
-56.7673  6.84312 
103.463  6.64417 
80.263  7.48885 
-13.2336  6.80591 
58.0478  6.87071 
123.749  7.24631 
-16.2287  6.87631 
85.2259  6.86783 
70.6629  7.44676 
-12.9969  6.95677 
79.9453  6.83061 
113.218  7.58671 
-50.7683  7.02394 
140.629  6.95657 
62.6664  7.7076 
-47.3214  7.24756 
93.1372  7.13985 
42.9049  7.71637 
25.1992  7.31808 
101.735  7.01506 
99.8984  7.92468 
-35.3692  7.48569 
139.703  7.15085 
85.1203  7.87879 
-30.7259  7.31639 
92.3812  7.42883 
98.4258  8.08455 
-59.7138  7.57926 
94.6133  7.26153 
136.002  8.18102 
8.64252  7.3098 
63.5375  7.61968 
123.693  8.39015 
-43.5171  7.4718 
131.856  7.3919 
42.1614  2.12817 
-46.8798  1.99359 
107.82  1.92936 
-174.598  1.87512 
-48.7441  2.19423 
-118.199  2.09563 
-39.3729  7.60358 
-60.4534  7.77085 
-130.54  7.54579 
-98.6595  7.7958 
-74.3201  7.58276 
-75.4971  7.4266 
-82.1868  7.6389 
-30.526  7.40291 
-106.673  7.29187 
-90.6897  7.44759 
-20.6845  7.1131 
-51.0469  7.21128 
-92.515  7.5366 
-44.2049  7.21539 
-97.8747  7.33294 
-25.2651  7.38936 
-54.4178  7.12654 
-86.1957  7.01876 
-112.892  7.4101 
-13.6579  7.25426 
-52.5552  7.05642 
-58.8605  7.44759 
-30.0833  7.04736 
-42.6863  7.06051 
-49.7325  7.2068 
19.2177  7.01771 
-74.7227  6.78642 
-25.7069  7.46733 
79.1287  7.09357 
-86.2988  6.8543 
-65.5622  7.4548 
37.5085  7.13935 
-85.0867  7.14448 
-47.2208  7.96746 
-77.1872  7.04998 
-133.394  6.95996 
0.401238  7.16816 
-32.1957  7.63594 
-99.6385  7.01354 
-27.3997  8.20959 
5.03856  6.82168 
-120.349  6.53762 
3.32228  7.72997 
7.97781  6.92783 
-35.5811  6.88607 
8.43257  8.27002 
-12.2613  7.22928 
-52.5499  7.03134 
-3.22816  8.34718 
-54.9402  7.2967 
-14.4266  6.95033 
1.51827  7.51865 
-97.0582  7.34485 
-146.201  7.0639 
-25.7742  8.10167 
37.1916  8.00775 
-52.894  7.05881 
-40.5238  8.18787 
3.43599  7.22542 
-50.3082  7.36508 
-47.3582  8.6046 
-25.7959  7.35013 
-61.3051  6.93356 
-2.55123  8.09624 
13.1326  7.83069 
-27.5959  7.31889 
-18.484  2.38077 
-1.15473  2.0101 
-79.968  2.13735 
97.1404  2.22276 
47.8579  2.13381 
134.764  1.95953 
65.2102  8.33207 
110.431  7.65453 
99.9891  7.52573 
69.8799  8.13617 
145.204  7.29401 
119.162  6.97976 
121.719  7.95662 
148.267  7.62516 
75.0593  7.07303 
63.5308  7.95758 
136.323  7.44328 
139.037  7.11412 
29.4383  7.91718 
136.029  7.34845 
93.5634  7.07637 
87.3383  7.74058 
217.264  7.23928 
151.066  6.96686 
96.1629  7.76314 
179.413  7.28599 
142.432  6.74073 
45.132  7.55238 
180.332  7.07318 
99.7761  6.76823 
103.947  7.48063 
123.713  7.07849 
215.454  6.10654 
95.4441  7.23552 
126.974  6.94582 
91.657  6.25873 
134.945  7.09914 
183.294  7.03205 
111.291  6.59832 
121.274  7.37903 
229.665  6.82672 
151.649  6.51169 
99.9198  7.20775 
120.459  6.98492 
101.161  6.52208 
122.577  7.03375 
183.325  7.10651 
103.257  6.75067 
117.432  7.37144 
67.2946  7.24023 
126.704  6.93077 
105.459  7.27087 
163.005  7.29218 
106.186  6.99544 
98.2206  7.25756 
150.963  7.23056 
38.8856  7.08463 
82.6384  7.11163 
84.9193  7.43077 
100.302  6.96842 
54.9543  7.44334 
130.556  7.28623 
88.0621  7.03986 
80.0448  7.27736 
97.8819  7.5176 
112.595  7.11625 
99.7547  7.59174 
16.5204  7.71874 
62.4881  7.47863 
102.637  7.43663 
60.9504  7.61447 
97.2773  7.56596 
75.6683  1.87395 
30.0674  2.16028 
49.1417  2.01717 
158.007  2.19586 
297.873  1.86639 
61.5709  2.03945 
125.402  9.00576 
252.641  8.23037 
100.738  7.69985 
108.769  9.01215 
304.838  8.28761 
74.6928  7.78808 
137.776  8.7815 
249.412  7.95468 
68.8165  7.48594 
29.2576  8.79051 
280  8.22816 
141.749  7.62465 
40.2793  8.57362 
160.827  7.70278 
111.647  7.33521 
88.1824  8.35254 
174.618  8.043 
160.277  6.94233 
94.0266  8.24926 
189.991  8.00663 
134.463  7.04115 
101.416  8.12584 
250.093  8.17937 
211.33  7.21125 
112.674  8.07457 
154.187  7.82398 
210.432  7.08637 
134.787  8.04245 
139.896  7.99567 
247.026  6.89814 
66.3072  7.9496 
149.374  7.62994 
238.148  6.97428 
114.062  7.96188 
50.7783  7.81793 
253.165  7.06165 
140.083  7.61394 
60.2021  7.77556 
259.558  7.0533 
48.9666  7.77166 
20.3122  8.33281 
208.164  7.31644 
115.459  8.0374 
36.1029  8.11705 
220.579  7.3308 
97.6079  7.61168 
24.3237  8.1372 
294.828  7.20183 
180.107  8.0087 
47.8303  8.20158 
208.37  7.28011 
99.9765  7.91382 
47.0122  8.057 
223.8  7.20661 
133.534  8.12961 
-10.7887  8.24091 
259.56  7.53062 
112.305  8.22511 
15.3055  8.60246 
249.79  7.71961 
120.637  8.31342 
-60.24  8.69432 
226  7.71452 
87.9897  8.30459 
-62.8436  8.80315 
235.329  7.59593 
12.8999  1.97853 
-84.9969  1.84936 
183.9  2.03852 
2.70234  1.80405 
-84.1874  1.98271 
-48.9676  2.16598 
16.8769  7.53992 
-68.9449  7.82932 
-3.07032  7.94456 
10.3132  7.43336 
-50.2452  7.36309 
-5.04282  7.59881 
-50.0979  7.18439 
-19.0465  7.48374 
5.57849  7.73196 
87.3115  7.15493 
-9.1329  7.29838 
1.46142  7.18134 
12.0256  7.0218 
-73.4125  7.4825 
9.90729  7.46534 
77.221  7.2028 
4.62685  7.19416 
-0.0111318  7.16647 
44.6854  7.08606 
53.8005  7.14017 
-35.2548  7.21976 
85.1203  7.11013 
47.1371  7.24129 
41.9037  7.0535 
139.768  6.77558 
54.703  6.89498 
24.4516  6.73732 
138.543  6.7544 
42.2373  6.92129 
115.52  6.77498 
100.808  7.13082 
13.2389  6.94989 
29.2353  6.79802 
94.4003  7.09361 
23.3745  7.15546 
19.2325  6.81113 
104.923  7.22357 
83.7904  6.97204 
-24.9399  6.58776 
72.686  7.21182 
21.906  7.28714 
81.4521  6.86127 
77.935  7.28816 
57.3478  7.05997 
38.2583  6.7499 
134.095  7.42069 
82.9317  7.37341 
-19.511  6.96372 
131.926  7.43694 
22.6826  7.35706 
110.029  6.9234 
95.4739  7.70413 
36.9147  7.50566 
132.826  6.83309 
116.577  7.76822 
28.7577  7.55768 
57.5549  7.1334 
90.3242  7.687 
106.856  7.39545 
18.6815  7.15572 
96.903  8.99298 
59.9925  7.4552 
53.8002  7.19247 
43.6939  7.96468 
87.1141  7.56884 
39.24  7.33397 
103.944  2.07748 
71.1729  1.96321 
46.1536  1.99207 
-15.8184  2.12999 
45.4422  1.97969 
-144.001  2.05834 
36.2148  7.60759 
108.751  7.43716 
-113.777  7.77481 
-20.828  7.94221 
168.77  7.25771 
-51.6841  7.87243 
-28.8756  7.86574 
86.0861  7.27598 
-8.98673  7.54068 
89.0597  7.64768 
114.202  7.27847 
-10.0704  7.36539 
30.9859  7.53448 
97.1967  7.08081 
-43.1235  7.28267 
16.3467  7.50063 
107.265  7.07998 
-45.3716  7.27956 
78.4445  7.2889 
113.234  7.00283 
21.6122  7.38619 
45.7154  7.33894 
108.093  7.1513 
-8.35734  7.16696 
-25.0607  7.44576 
122.152  6.77258 
44.5861  6.98542 
-33.4085  7.64467 
112.795  7.03067 
26.33  6.93371 
8.67722  7.23978 
72.6807  7.08287 
13.3039  6.93541 
52.0804  7.42765 
6.53934  7.21154 
35.424  6.7982 
50.8014  7.63157 
3.4688  6.65201 
-46.9976  6.85844 
137.185  7.73232 
13.8245  6.97639 
12.6427  7.10879 
92.1568  7.90585 
43.1248  7.26898 
21.2618  7.09025 
90.485  7.97036 
-26.9503  7.56969 
14.8976  7.25052 
115.1  8.13918 
-65.6086  7.2833 
43.439  7.04414 
124.972  8.45923 
-84.3239  7.56115 
12.2343  7.50058 
64.5329  8.3338 
-57.9807  7.52853 
8.53626  6.84121 
54.5622  8.27593 
-57.2252  7.82711 
-17.1315  7.12805 
178.002  8.13576 
-126.037  7.45413 
-33.753  7.31073 
201.732  8.40372 
-106.088  7.96427 
-47.5761  7.48942 
187.412  1.92246 
-139.749  1.96916 
-91.8137  1.92009 
-67.801  1.99145 
93.1423  2.017 
-36.8827  1.89664 
-54.1401  7.80322 
65.9974  7.4123 
-9.21205  6.88649 
-16.8916  7.87378 
74.3281  7.46916 
-30.9669  7.40729 
-65.7051  7.72766 
73.3104  7.20304 
-6.80803  6.86949 
-130.205  7.7373 
93.4187  7.2728 
-74.1787  7.26982 
-31.2929  7.65685 
91.2907  7.15176 
-118.454  6.95133 
-101.898  7.60503 
135.603  7.04692 
-92.3931  7.07503 
-90.4137  7.51293 
63.6943  7.00885 
-42.5879  6.82319 
-117.625  7.23314 
50.2443  7.01249 
-180.967  6.77695 
-92.7784  7.46626 
-20.4726  6.95769 
-141.7  6.70522 
-97.5989  7.52995 
13.1972  6.79382 
-19.9746  6.58141 
-62.5381  7.30854 
24.8385  6.70258 
-80.9088  6.83292 
-135.452  7.16939 
-57.0111  6.9179 
-111.686  6.94575 
-181.173  7.02068 
-5.07809  6.87915 
-81.2783  6.9868 
-214.957  6.79464 
-32.8752  7.20089 
-108.547  6.70158 
-135.184  7.14685 
-44.8272  7.1137 
-119.437  7.03965 
-131.124  7.44872 
-109.704  7.14988 
-160.201  7.1417 
-85.4874  7.43487 
-41.515  7.0473 
-99.8059  7.19658 
-95.4522  7.34767 
-34.5422  7.22692 
-68.1141  7.11717 
-160.315  7.38656 
-25.4362  7.48668 
-123.807  7.39984 
-179.624  7.44871 
-134.166  7.63174 
-39.3201  7.58622 
-208.242  7.63411 
-107.573  7.67001 
-171.273  7.42704 
-236.883  7.62663 
-101.863  7.56459 
-117.181  7.32847 
-231.088  1.96559 
-86.2241  2.03859 
-145.289  2.03437 
9.66243  1.86444 
226.353  1.84637 
242.343  1.80362 
38.5401  2.26414 
261.134  8.19117 
221.564  7.55741 
-39.1226  8.33774 
270.936  7.89039 
188.851  7.62288 
24.2311  8.27722 
218.674  7.73926 
171.647  7.51436 
-13.794  8.17963 
291.083  7.82622 
206.982  7.58901 
8.36917  8.02648 
151.596  7.68146 
202.827  7.17986 
-42.7486  8.04362 
222.13  7.62292 
178.388  7.25402 
-84.6441  8.07006 
192.477  8.01072 
195.167  7.44101 
-103.833  8.0358 
137.894  7.80381 
237.952  7.04654 
15.4051  7.70471 
94.7868  7.80414 
223.24  7.22453 
0.885932  7.48846 
110.939  7.63445 
185.984  7.16751 
-78.1096  8.38909 
28.5161  7.68338 
220.676  7.39251 
-23.2273  7.55222 
107.826  7.69525 
164.87  7.28476 
-5.69283  7.37967 
86.526  7.68754 
242.453  7.3019 
-34.6473  7.96517 
50.4568  7.71782 
247.168  7.16207 
-4.09588  7.6213 
-19.175  7.73806 
186.784  7.41894 
52.068  8.17665 
-6.9853  7.96211 
180.353  7.67598 
-4.35321  7.62002 
-26.6947  8.53163 
208.488  7.63142 
-13.8999  8.1141 
4.59978  8.10269 
160.499  7.50128 
-32.8738  7.82782 
-102.263  8.73979 
155.951  7.45166 
7.8986  7.76543 
-33.1337  8.32959 
202.693  7.93342 
-12.8347  8.15661 
-16.9948  8.02208 
220.049  7.78652 
-48.6307  7.94602 
-74.2773  8.30654 
114.106  7.91329 
-58.9881  1.87863 
-95.4875  2.05776 
146.274  2.02188 
18.3378  1.88865 
-18.1716  1.99185 
45.3694  1.91327 
-19.2112  7.17515 
-38.5179  7.33062 
77.639  7.33861 
36.9419  7.14775 
-72.6639  7.81288 
120.83  7.14508 
23.0187  7.11966 
1.68791  7.79687 
102.039  7.25444 
44.2613  7.01765 
0.164393  7.15948 
99.3267  7.01657 
39.4697  7.12989 
-15.0387  7.06535 
41.7887  7.04788 
40.1969  6.86289 
-23.7091  6.92019 
108.502  6.90988 
23.6648  7.01546 
20.8818  7.09468 
124.096  6.80167 
34.4205  7.35182 
52.0255  6.83374 
163.468  6.89493 
3.00186  6.76843 
49.2981  6.75356 
54.1386  6.75987 
44.4113  6.87899 
68.4394  6.88195 
80.885  6.74715 
64.3497  7.07515 
57.4418  6.78781 
115.421  6.8869 
132.191  6.76241 
79.1116  6.69297 
46.1467  6.48831 
64.9635  7.10288 
105.737  6.62824 
106.98  6.67957 
13.8946  6.85655 
72.1212  6.87236 
83.1872  6.70874 
38.3775  7.08501 
104.803  6.80619 
87.0569  6.62535 
115.012  7.38587 
136.734  6.82998 
37.9298  6.96295 
81.6088  7.12964 
90.7109  7.14121 
165.079  6.819 
63.7157  8.22923 
129.519  7.05 
181.555  6.94055 
-1.82439  7.28789 
75.5004  7.08634 
107.222  6.89851 
32.0537  7.59636 
90.9735  7.10027 
120.193  6.99324 
9.99405  7.52883 
90.0576  7.22601 
115.023  7.12437 
39.7348  7.73997 
81.4909  7.29709 
85.6715  7.26548 
-11.8955  1.98469 
32.9755  1.99522 
51.7649  1.84719 
-94.851  2.02982 
-85.8567  1.87841 
-86.5459  1.9416 
-59.709  7.58933 
-94.7695  7.70159 
-64.2813  7.80837 
-53.806  7.59449 
-54.7352  7.89267 
-65.7469  7.57724 
-26.5825  7.21797 
-129.316  7.6114 
-18.0317  8.15535 
-77.1511  7.33386 
-172.474  7.66889 
0.980086  7.05923 
-60.1501  7.10202 
-56.8997  7.45166 
-39.1138  7.25758 
-76.1817  7.35435 
-82.7282  7.51108 
17.1073  7.28697 
-54.0249  7.15766 
-87.9083  7.44814 
20.1208  7.77674 
-34.4597  7.15285 
-34.2478  7.25441 
3.76701  6.89014 
-59.3046  7.13087 
-92.3569  7.27828 
35.4477  6.97286 
-70.9992  7.27827 
-42.1496  7.502 
15.307  7.2562 
-37.0798  7.19035 
-7.16475  7.52023 
-9.36866  7.01243 
-10.2336  7.03084 
-0.755976  6.78579 
-11.3011  6.92884 
-37.7128  7.1066 
-21.0134  7.20408 
24.3054  6.72993 
-10.3278  7.30166 
-83.2667  7.32039 
43.7506  6.81573 
-68.0923  7.62975 
-70.5527  7.44099 
48.1033  7.22349 
-96.8569  7.4288 
22.0219  7.33754 
21.4376  7.14215 
-40.4154  7.37707 
31.2247  7.6719 
67.5414  7.51763 
-71.706  7.6143 
4.55087  7.29326 
-5.24704  7.04373 
14.426  7.84297 
10.0244  8.04976 
14.8865  7.47603 
-64.4194  7.86072 
0.325783  7.20782 
-100.682  7.79904 
-65.2485  7.89815 
-108.029  7.88621 
4.64989  6.97103 
-41.7935  7.98558 
11.473  7.6575 
-33.4724  7.49715 
-50.6765  2.08705 
-24.4378  1.92158 
-85.2449  1.89302 
-21.294  1.86215 
86.822  1.89236 
-155.098  1.95588 
-42.5692  7.81879 
105.079  7.50219 
-149.309  7.14585 
-76.9062  7.58186 
76.1411  7.33287 
-50.1123  7.01612 
-70.2709  7.64857 
106.12  7.1357 
-129.924  7.08933 
-11.731  7.43419 
84.0771  7.12342 
-129.098  7.29271 
24.1984  7.72898 
63.2284  7.20999 
-64.86  7.14172 
-74.0953  7.39162 
36.7637  7.30404 
-142.503  6.97684 
-69.2075  7.43541 
47.126  6.9725 
-123.002  6.82813 
-72.0268  7.18463 
-7.37496  6.9767 
-107.618  6.94864 
-63.3808  7.42048 
65.9498  7.46011 
-145.015  6.65824 
-90.5942  7.30392 
17.739  6.92504 
-163.709  6.57581 
-35.3624  7.27504 
21.2079  6.93164 
-143.249  6.63315 
-121.461  7.07544 
-46.4227  6.70722 
-108.94  6.65052 
-99.3319  7.2161 
1.63922  6.77242 
-160.321  6.86652 
-103.59  7.11053 
0.976518  7.39395 
-159.762  7.13584 
-117.184  7.12894 
-77.8647  7.73021 
-149.704  6.90303 
-132.095  7.14321 
-6.23443  7.06907 
-29.1382  7.02088 
-108.263  7.39762 
-87.5087  7.47666 
-104.649  6.9304 
-208.526  7.24405 
-79.4528  7.14867 
-109.128  7.02347 
-125.132  7.45995 
-136.411  7.36645 
-138.822  7.17911 
-108.119  7.68779 
-77.9275  7.44807 
-209.202  7.07989 
-213.899  7.42054 
-91.4124  7.68938 
-98.0218  7.28024 
-138.432  7.27537 
-108.63  7.41348 
-133.051  7.12827 
-100.631  1.90456 
-169.695  1.84766 
-154.69  1.94811 
