-1.62724e+15  0 
63.7867  2.08293 
123.5  0 
-1.62724e+15  0 
92.8762  8.58805 
-620.59  166.283 
-1.62724e+15  0 
132.701  8.26293 
-217.311  65.7043 
-1.62724e+15  0 
-78.2019  35.7136 
-225.53  119.604 
154.674  0.24466 
40.2338  28.8066 
-268.948  104.355 
154.5  0 
21.4494  28.6976 
-250.573  112.373 
154.5  0 
-59.7912  29.7715 
-305.518  99.6852 
144.667  0.237983 
-3.23484  28.7545 
-276.575  117.47 
-47.7383  53.0979 
-25.8299  29.4945 
-302.946  101.518 
189.679  0.248792 
-28.573  27.1227 
-214.272  113.588 
152.68  0.249888 
-54.5399  34.1974 
-245.721  105.117 
48.6803  0.249855 
-39.8575  24.5903 
-388.547  95.7603 
138.68  0.249894 
12.7049  24.1131 
-994.743  243.103 
138.5  0 
-39.3461  30.6807 
-873.829  183.429 
138.5  0 
-78.7243  35.1282 
-431.372  103.166 
16.6804  0.249894 
-43.8202  34.0949 
1.26862  578.325 
16.5  0 
-17.2835  28.1812 
-453.942  102.359 
16.5  0 
-20.8839  30.1556 
-324.909  113.877 
16.5  0 
-15.8297  31.3823 
-734.146  200.344 
0.678468  0.248556 
-4.57543  28.5013 
-932.501  590.135 
0.5  0 
115.538  12.8869 
-305.012  563.493 
6.68036  0.249894 
-20.3927  25.9758 
-191.947  572.166 
6.5  0 
-34.9795  37.4573 
-775.433  247.42 
6.5  0 
86.658  2.63861 
-122.333  0.238044 
-122.5  0 
-31.5  0 
19.3917  4.11976 
-122.5  0 
-239.302  35.4511 
-278.676  93.9582 
-122.5  0 
-276.593  36.7183 
-96.2086  107.972 
-122.5  0 
-209.813  31.9356 
-234.097  106.064 
-122.5  0 
-190.628  39.0781 
-235.366  102.707 
-122.5  0 
-132.504  33.1408 
-593.277  155.461 
-122.5  0 
-224.158  38.8146 
-631.268  175.505 
80.6803  0.249861 
-244.784  28.9384 
-721.136  211.532 
50.5  8.16165 
-230.575  36.6394 
-229.411  100.287 
57.6804  0.249894 
-213.021  32.2412 
-188.992  91.1151 
57.5  0 
-167.141  27.6663 
-278.108  104.921 
-38.0502  9.5455 
-21.7472  2.37139 
-240.708  100.222 
57.5  0 
-93.7568  30.702 
-213.455  103.812 
1.68031  0.249859 
-170.922  31.8076 
-204.864  101.787 
1.5  0 
-151.173  35.6593 
-140.564  100.724 
1.5  0 
-172.428  30.6364 
-192.696  102.15 
1.5  0 
-187.966  25.7791 
-767.665  201.345 
1.5  0 
-205.161  47.1648 
-199.595  97.5351 
1.5  0 
-170.376  44.2791 
-837.657  263.59 
0.680305  0.249855 
-128.627  27.3056 
-254.341  108.072 
0.5  0 
-121.245  27.3245 
-105.745  114.679 
-31.3196  0.249894 
-153.807  37.2315 
-305.864  157.115 
-31.5  0 
-177.102  37.4729 
357.807  119.502 
-31.5  0 
-19.5  0 
193.679  0.248785 
238.5  0 
104.5  0 
-347.78  96.1342 
53.6804  0.249894 
-118.271  35.1367 
-427.801  163.249 
91.6804  0.249894 
-69.5253  33.0046 
-225.852  102.352 
91.5  0 
-114.952  34.1686 
-139.358  104.075 
91.5  0 
-17.05  21.5835 
-533.583  155.021 
91.5  0 
48.1529  12.0066 
-515.603  204.909 
152.68  0.24991 
-19.9928  27.3348 
-66.515  105.244 
105  0.55573 
-175.611  40.1127 
-139.456  106.212 
96.6788  0.24879 
-100.165  33.0974 
-587.231  185.636 
141.667  0.237501 
-92.9484  31.3331 
-694.991  240.297 
40.6665  21.1373 
-182.13  40.4873 
-178.465  104.714 
104.5  0 
-278.186  43.5348 
-475.41  201.84 
121.433  2.54148 
-152.187  28.9624 
-162.962  94.7955 
64.828  0.498068 
-124.067  31.2335 
-114.705  113.825 
157.68  0.249918 
-196.201  38.08 
-389.886  178.515 
222.675  0.245868 
-218.671  35.8383 
-598.963  197.993 
135.679  0.248791 
-233.011  30.6624 
-225.541  101.233 
135.5  0 
-74.6184  8.83892 
35.3413  17.5621 
96.6803  0.24985 
-186.302  32.7674 
-162.423  107.894 
47.6804  0.249894 
-195.915  32.6893 
-153.828  109.177 
145.68  0.249892 
-212.241  34.5951 
-720.079  209.804 
145.5  0 
-151.813  32.9893 
-206.658  105.958 
104.68  0.249894 
-106.102  34.6202 
-96.8091  103.107 
104.5  0 
12.5  0 
26.7994  2.14953 
87.5  0 
40.7484  0.347825 
26.5  16.6719 
13.6804  0.249895 
-33.3227  37.3214 
7.58466  18.9626 
13.5  0 
-94.1306  57.2886 
-887.821  253.355 
13.5  0 
-115.923  43.4904 
-158.201  100.487 
13.5  0 
-116.644  70.7786 
-736.885  227.87 
13.5  0 
-69.2926  26.0159 
-300.285  100.533 
13.5  0 
-63.8584  92.8865 
987.535  426.023 
13.5  0 
-83.8281  25.2527 
-248.293  101.376 
13.5  0 
-102.297  32.9229 
-543.881  175.643 
-85.3196  0.249894 
-80.0178  31.0301 
-205.615  101.981 
-85.5  0 
-280.004  105.755 
-332.803  134.978 
-85.5  0 
65.1857  22.3542 
-230.151  110.053 
-85.5  0 
-96.1738  59.393 
-731.47  202.884 
-85.5  0 
77.2336  25.9371 
-237.705  96.4115 
-85.5  0 
368.68  0.249881 
-240.699  94.9896 
-51.3196  0.249894 
-237.166  77.5777 
-278.06  92.9754 
-51.5  0 
-88.2667  27.712 
-151.432  105.474 
33.5716  1.83858 
-92.9854  56.3395 
-175.159  101.341 
-51.5  0 
-140.97  70.3933 
-112.449  114.112 
-51.5  0 
104.888  0.526055 
-1545.74  611.884 
-51.5  0 
-190.066  171.755 
-336.487  100.139 
-51.5  0 
-225.394  79.8482 
628.673  326.947 
-51.5  0 
-108.873  69.1543 
-297.074  108.517 
30.5249  3.48874 
83.5  0 
-5.60166  1.58575 
-16.5  0 
-20.5  0 
103  13.8932 
-16.5  0 
11.6911  38.7671 
-314.936  105.394 
-16.5  0 
8.94705  30.4225 
-220.735  107.185 
-16.5  0 
113.715  24.6814 
-145.747  109.045 
9.68036  0.249895 
61.272  31.9187 
-146.503  113.804 
9.5  0 
42.7775  28.5764 
-183.996  108.758 
9.5  0 
91.5277  28.23 
-57.6613  71.3495 
45.6804  0.249894 
-12.4197  36.5616 
-681.616  202.121 
-16.3196  0.249894 
46.7188  31.6789 
-101.944  106.417 
32  3.89011 
40.419  34.4846 
-82.1645  110.59 
-16.5  0 
65.9625  29.7013 
-619.738  212.772 
-16.5  0 
57.9149  30.7239 
89.97  46.3009 
-16.5  0 
34.3814  27.0049 
-197.981  102.858 
-16.5  0 
47.5354  34.0563 
-824.952  269.356 
-16.5  0 
70.7356  27.8083 
-877.89  247.598 
-16.5  0 
62.7796  28.7353 
-146.201  111.474 
-16.5  0 
27.1418  30.3493 
-159.531  105.241 
-16.5  0 
115.232  19.8206 
-587.381  195.717 
-16.5  0 
19.3012  30.2972 
-711.239  246.912 
-16.5  0 
-33.3766  31.9229 
-873.487  253.82 
-36.3196  0.249894 
-68.0767  35.5775 
-20.0626  34.179 
-20.3196  0.249894 
-8.54971  27.8364 
-131.13  118.055 
-20.5  0 
-40.8465  34.0632 
-309.972  108.292 
-20.5  0 
32.664  0.421975 
17.5  0 
17.5  0 
40.5  0 
54.5  0 
17.5  0 
22.6804  0.249894 
1059.33  577.295 
40.6804  0.249894 
116.68  0.249894 
276.593  109.294 
40.5  0 
-161.587  9.07256 
-263.291  117.02 
40.5  0 
134.68  0.249895 
541.75  587.161 
40.5  0 
132.68  0.249894 
-395.34  306.654 
40.5  0 
219.674  0.245291 
977.418  591.053 
40.5  0 
-285.869  204.234 
250.061  141.608 
40.5  0 
168.679  0.248801 
271.158  152.739 
40.5  0 
102.5  17.7833 
-141.53  108.033 
40.5  0 
173.68  0.249938 
-409.043  166.4 
40.5  0 
173.5  0 
-231.556  97.6553 
40.5  0 
145.68  0.249893 
43.0041  28.6308 
40.5  0 
-52.8583  21.5432 
283.599  194.396 
40.5  0 
-101.72  148.733 
-232.418  110.025 
40.5  0 
11.4258  30.7058 
777.559  603.765 
40.5  0 
-8.73873  188.796 
324.872  129.11 
40.5  0 
-132.611  255.258 
-176.532  106.345 
40.5  0 
54.6804  0.249894 
-129.694  102.26 
40.5  0 
-204.614  471.177 
-222.843  97.8974 
40.5  0 
39.6673  0.237996 
-183.934  96.6984 
40.5  0 
41.6673  0.238029 
773.538  597.35 
40.5  0 
51.5  8.89167 
1180.23  577.668 
40.5  0 
54.5  0 
77.6804  0.249894 
77.5  0 
83.5  0 
75.5  0 
-87.3196  0.249894 
-293.302  64.0098 
-208.871  63.6578 
-87.5  0 
-122.291  34.2331 
-104.64  112.642 
-87.5  0 
-233.837  33.6072 
-146.882  130.408 
-87.5  0 
-152.884  31.6576 
-245.258  97.3881 
-87.5  0 
-109.276  29.2264 
-194.748  100.942 
-87.5  0 
-176.05  31.9951 
-229.771  98.1759 
-87.5  0 
-84.96  28.1772 
-225.72  101.264 
-87.5  0 
-69.9584  26.6699 
-44.638  109.889 
-87.5  0 
-90.0469  25.7941 
-28.5849  87.6868 
4.08796  23.1481 
-22.3541  31.1668 
-740.062  280.087 
11.6804  0.2499 
-6.17199  10.5893 
-145.505  106.399 
11.5  0 
-72.5995  29.2849 
-94.6716  105.873 
11.5  0 
-74.2485  30.5972 
-70.6924  103.486 
24.6803  0.249855 
44.5354  10.0242 
-29.2099  107.348 
24.5  0 
-8.75201  11.0057 
-45.5832  109.265 
74.6804  0.249894 
-111.026  28.295 
-174.34  108.213 
60.6804  0.249894 
-18.6416  16.2516 
10.2327  61.6961 
56.6804  0.249894 
-96.5421  26.2072 
-133.264  102.932 
56.5  0 
-73.3589  33.7802 
-39.7171  111.853 
25.9194  12.4627 
-131.142  32.2824 
-169.786  109.154 
-17.0526  15.7791 
-11.4945  20.657 
-73.6759  108.509 
83.6804  0.249895 
-79.2222  32.4618 
-239.962  104.913 
24.0168  2.17942 
75.5  0 
90.9696  661.321 
133.295  2.77063 
80.5  0 
351  55.0172 
137.172  46.6355 
-53.4902  54.6239 
-91.5347  106.078 
178.5  0 
134.126  89.0678 
37.4869  84.8457 
178.5  0 
-164.426  198.675 
-505.809  203.178 
178.5  0 
81.1275  237.318 
-19.6943  99.0638 
178.5  0 
-40.0065  54.076 
93.1542  100.654 
178.5  0 
121.172  0.498068 
-74.8677  108.35 
178.5  0 
170.567  257.036 
-29.347  95.2624 
162  1.66719 
20.0624  88.8682 
232.674  0.24518 
154.68  0.249886 
-238.315  306.621 
492.229  305.264 
154.5  0 
-211.806  163.455 
-34.006  100.259 
154.5  0 
-179.805  61.7285 
709.861  334.326 
154.5  0 
-54.9304  36.7749 
-108.06  92.2353 
154.5  0 
-212.226  51.3349 
-624.481  247.282 
83.6804  0.249894 
3.59173  223.169 
634.794  593.972 
83.5  0 
-102.534  64.1843 
-188.553  98.2147 
80.6804  0.249894 
327.68  0.249882 
-21.7797  119.122 
80.5  0 
-86.9175  80.6998 
-80.074  96.4734 
80.5  0 
394.68  0.249887 
268.615  97.3919 
80.5  0 
22.4088  98.9138 
459.858  258.956 
80.5  0 
363.68  0.24988 
-171.788  104.908 
80.5  0 
336.68  0.249873 
351.005  127.496 
80.5  0 
384.68  0.249885 
-669.075  187.69 
80.5  0 
384.5  0 
111.5  0 
111.5  0 
89.5  0 
182.5  0 
74.6803  0.24988 
-346.443  70.8266 
-745.771  223.676 
120.828  0.498067 
-225.834  34.5018 
-680.786  211.922 
88  2.77865 
-278.718  40.4472 
-51.0946  90.8638 
139  10.5589 
-207.77  30.7012 
-331.445  107.201 
33  0.555729 
-255.086  35.3391 
-139.963  76.6898 
74.5  0 
-274.422  36.1953 
-245.138  111.752 
65.218  1.30089 
-255  36.3272 
-207.568  106.768 
120.768  0.459645 
-243.319  34.6067 
-874.876  267.453 
74.5  0 
-149.867  35.253 
-162.702  115.215 
74.5  0 
-170.067  32.1447 
-346.98  136.492 
74.5  0 
-194.592  35.495 
-178.724  107.189 
83  1.66719 
-149.269  30.6918 
-180.476  106.018 
75.6804  0.249894 
-161.804  23.8495 
-894.441  251.409 
93.773  8.28693 
-226.138  37.614 
-482.249  189.713 
75.5  0 
-209.498  35.1095 
-202.265  109.88 
80.9171  0.536706 
-231.743  40.5171 
-257.344  99.8577 
80.864  0.515931 
-238.251  38.521 
-126.357  108.283 
80.5  0 
-199.295  38.611 
-289.542  100.802 
43.6804  0.249893 
-192.885  40.5468 
27.1981  43.2726 
89.6804  0.249894 
-202.548  40.9874 
-131.009  75.8775 
89.5  0 
-69.1069  24.926 
-752.394  602.483 
82  0.555729 
182.68  0.249936 
3.52098  2.90271 
89.5  0 
182.5  0 
268.68  0.249889 
268.5  0 
268.5  0 
-54.3196  0.249894 
268.5  0 
26.6717  0.242781 
-574.678  136.727 
268.5  0 
191.68  0.24993 
339.889  641.247 
268.5  0 
131.676  0.246507 
-348.018  94.3409 
268.5  0 
131.5  0 
209.55  164.615 
268.5  0 
-208.809  116.615 
-170.302  152.3 
268.5  0 
-149.989  161.533 
-383.4  95.9565 
268.5  0 
-75.2986  155.46 
262.794  149.565 
268.5  0 
-258.157  72.8904 
-382.741  88.753 
268.5  0 
-170.666  161.243 
-361.82  102.258 
268.5  0 
-243.84  65.8841 
-321.927  103.856 
268.5  0 
-102.582  75.3385 
-923.934  302.973 
268.5  0 
-66.1655  16.3302 
-420.925  158.585 
268.5  0 
260.679  0.248808 
73.5985  588.841 
268.5  0 
-300.253  151.998 
-391.855  109.159 
268.5  0 
-67.3708  23.2156 
-333.981  109.353 
268.5  0 
-227.372  109.137 
-360.877  106.918 
268.5  0 
-208.034  61.5917 
-355.176  94.6854 
268.5  0 
-211.896  70.5504 
-265.481  108.016 
268.5  0 
174.68  0.249874 
147.48  186.546 
268.5  0 
-52.3112  1.53374 
185.211  209.712 
268.5  0 
-109.883  154.56 
281.16  204.273 
268.5  0 
11.0331  18.4794 
-334.021  104.9 
268.5  0 
-49.5  0 
-184  7.22448 
-95.5  0 
0.680305  0.249855 
128.68  0.249894 
303.68  0.249882 
-269.016  72.6167 
-489.126  166.455 
303.5  0 
-93.249  25.8667 
-201.61  111.534 
208.888  0.526056 
-83.5129  34.3617 
58.275  14.2869 
208.5  0 
-66.9193  28.4466 
-29.1232  115.522 
241.68  0.249881 
-166.292  28.0501 
3.66324  97.1392 
241.5  0 
56.0178  10.3447 
-650.664  200.825 
99.6804  0.249894 
-47.7001  27.2262 
-164.748  121.488 
102.48  6.11004 
-92.9547  30.0459 
-171.825  176.951 
89.172  0.498068 
-9.56823  25.9908 
-763.535  219.904 
99.5  0 
-90.5117  32.4209 
-121.559  115.898 
-297.289  252.623 
41.6729  12.0236 
-176.508  98.1501 
57  0.555729 
30.8974  22.5996 
-161.999  156.718 
99.5  0 
-8.67584  30.3502 
-126.681  99.3802 
70.2253  3.46143 
37.1204  20.3296 
-182.951  106.668 
99.5  0 
-52.5765  27.6446 
-95.9349  100.694 
99.5  0 
58.0495  27.5399 
-227.774  101.623 
99.5  0 
-2.32072  29.9487 
-80.0578  96.5108 
99.5  0 
-11.8294  28.2637 
0.974837  56.3111 
99.5  0 
-147.605  33.2842 
-642.105  203.638 
99.5  0 
-58.6416  30.1747 
-656.114  182.627 
99.5  0 
-70.5986  30.4436 
-179.46  104.213 
-151.32  0.249888 
-155.299  33.6572 
74.4965  3.25322 
-151.5  0 
8.68036  0.249895 
83  8.33594 
-7.05396  1.97703 
0.5  0 
158.68  0.249883 
17.6803  0.249879 
-218.62  156.54 
-696.988  182.696 
17.5  0 
100.68  0.249894 
-223.672  86.5091 
17.5  0 
-10.7394  391.485 
-649.277  205.249 
17.5  0 
-451.102  312.473 
-223.114  104.155 
17.5  0 
366.68  0.249883 
-226.841  97.0129 
17.5  0 
-309.384  67.0467 
294.524  127.434 
17.5  0 
-87.4596  60.4082 
-409.948  148.737 
17.5  0 
-336.8  35.1293 
-167.605  100.761 
17.5  0 
-264.866  40.4356 
-153.056  99.5647 
17.5  0 
-419.583  56.3475 
-160.755  101.865 
26.6803  0.249855 
-291.398  179.525 
-76.3532  105.996 
0.680362  0.249894 
289.68  0.249883 
-89.4928  99.1468 
0.5  0 
-126.471  92.5495 
-356.529  147.947 
0.5  0 
-266.925  572.115 
-749.3  285.639 
0.5  0 
-405.932  79.3157 
-109.175  94.8556 
0.5  0 
-202.245  84.9193 
-887.329  335.661 
0.5  0 
-88.5617  80.9885 
-82.9495  104.081 
0.5  0 
163.68  0.24988 
-557.404  198.995 
10.2918  9.92023 
354.68  0.249841 
-89.1337  97.9574 
0.5  0 
195.68  0.249927 
-685.17  212.338 
20.1816  2.76871 
-6.13484  282.094 
-468.323  188.399 
0.5  0 
-4.64373  240.265 
-237.137  75.7992 
0.5  0 
-58.5  0 
32.6769  0.247327 
90.5  0 
-60.5  0 
103.153  2.03477 
43  2.77865 
-239.231  58.8667 
-38.8821  108.683 
104.68  0.249895 
-135.045  39.1423 
-116.09  97.7082 
94.6804  0.249894 
-32.1944  17.918 
-532.621  238.196 
-47.4882  20.8746 
-121.932  38.0582 
-76.4243  107.841 
58.9294  20.5243 
-121.937  34.5882 
35.5473  99.2831 
59.5  0 
-67.6795  33.0189 
-144.843  104.692 
59.5  0 
-196.025  36.3145 
-27.9513  108.919 
59.5  0 
75.9657  9.40944 
-15.9124  102.118 
34  0.555729 
-53.7694  26.041 
-80.8277  102.699 
59.9678  144.469 
-156.654  32.4176 
-32.199  109.483 
40  31.6766 
-82.8465  31.3358 
-638.369  222.162 
35.6804  0.249893 
-104.446  32.2084 
-228.143  106.7 
-2.31964  0.249894 
-156.254  33.37 
-40.5015  105.908 
-2.5  0 
64.6608  12.5658 
-108.246  95.8493 
-31.3196  0.249894 
-130.241  35.3093 
-116.199  156.127 
33.7659  165.7 
-94.3068  34.9918 
1.44004  118.078 
21.6803  0.24988 
21.7359  17.4128 
-21.2373  105.439 
21.5  0 
-230.893  46.0243 
-583.913  236.913 
-60.3196  0.249894 
-148.267  35.3823 
-310.853  133.303 
-60.5  0 
-42.6759  27.8752 
-30.4664  113.002 
-60.5  0 
-114.124  28.4123 
-556.037  259.802 
-60.5  0 
-137.747  41.7503 
-148.493  114.603 
-60.5  0 
29.5  0 
106.5  0 
106.5  0 
16.5  0 
68.5  0 
106.5  0 
-39.3196  0.249895 
-128.524  120.347 
106.5  0 
-408.022  141.492 
-132.334  98.3663 
106.5  0 
172.68  0.249535 
-601.976  190.027 
-12.0849  8.06944 
197.68  0.249926 
-232.891  94.3224 
23.9037  5.57667 
-314.24  288.852 
-159.076  99.9587 
9.28321  8.86648 
213.671  0.242569 
-148.011  86.2516 
106.5  0 
83.6804  0.249894 
-135.045  99.5647 
106.5  0 
51.6303  356.815 
-920.508  267.004 
18.6804  0.249893 
63.6673  0.238038 
-121.143  105.961 
18.5  0 
-272.889  72.0196 
-844.466  226.747 
-39.1169  8.44171 
-319.015  74.0492 
-810.193  252.841 
-6.5  1.11146 
-214.208  55.847 
-713.385  254.271 
-27.2282  9.71613 
298.68  0.249897 
95.4234  575.72 
1.68036  0.249894 
-238.955  68.8483 
-187.09  98.5976 
44.7957  7.4727 
-236.148  217.361 
274.127  146.507 
16.6804  0.249894 
-127.242  65.145 
-498.225  206.722 
1.5  0 
-67.5208  28.5792 
-270.236  100.594 
43.6804  0.249894 
-20.7793  43.734 
-247.972  101.116 
-13.1891  2.8837 
-76.8681  24.886 
-184.717  105.539 
16.6803  0.249858 
-52.3595  48.3305 
241.026  142.659 
16.5  0 
-229.587  103.781 
-624.143  136.618 
16.5  0 
72.8837  131.036 
-390.024  83.7015 
16.5  0 
68.5  0 
-87.3197  0.249872 
-87.5  0 
384.5  0 
84.5  0 
93.6804  0.249894 
-139.48  28.7437 
-282.73  97.8576 
73.6804  0.249894 
-163.55  27.6547 
-303.453  105.043 
56.7468  0.441451 
-149.251  25.0903 
-569.785  137.915 
93.5  0 
-130.118  32.5845 
-49.889  91.12 
93.5  0 
-127.963  27.0748 
-169.953  110.219 
93.5  0 
-71.7783  30.7355 
-194.502  108.192 
93.5  0 
-76.9116  25.1538 
-108.433  106.479 
84.724  2.58583 
-17.7668  30.5373 
-189.204  105.834 
56.9171  0.536706 
-1.7866  15.2373 
-205.567  105.405 
-112.488  65.7456 
-129.734  31.315 
-162.783  99.628 
92.6804  0.249895 
-144.683  33.3475 
-764.586  218.067 
65.5  1.11146 
-186.667  31.502 
-200.864  103.398 
92.5  0 
-195.742  35.6717 
-74.3494  110.221 
73.6804  0.249894 
20.2853  12.7636 
-139.84  100.015 
105  8.33594 
-52.3323  32.386 
-65.9762  102.817 
64.6804  0.249895 
-173.342  37.8396 
-67.9323  104.738 
73.5  0 
-105.998  38.2238 
-64.5696  105.575 
33.6804  0.249894 
-78.8822  29.242 
-65.557  63.5185 
18.7065  2.877 
-26.3864  30.0152 
-481.118  145.999 
59.6672  0.237825 
-104.05  37.3085 
-40.3237  93.7082 
130.68  0.249894 
-34.3651  27.4136 
-188.518  101.733 
384.68  0.249885 
-70.7437  31.2823 
-306.55  91.7871 
384.5  0 
84.5  0 
15.0962  13.2071 
27.5  0 
-209.5  0 
379.68  0.249883 
-122.32  0.249895 
173.68  0.249875 
-260.515  93.2217 
-122.5  0 
163.68  0.249881 
-309.326  86.0894 
-122.5  0 
-296.137  85.8834 
-239.43  94.1188 
-122.5  0 
-12.8726  1.94378 
186.342  132.483 
-122.5  0 
-144.979  190.597 
-172.017  111.804 
-122.5  0 
-162.733  224.851 
-231.638  92.5851 
-122.5  0 
123.68  0.249894 
189.691  124.272 
-122.5  0 
-138.241  94.9428 
-246.158  102.213 
-122.5  0 
-108.358  50.6057 
-253.478  101.879 
-122.5  0 
279.68  0.249885 
109.546  182.437 
-122.5  0 
337.68  0.249873 
-250.856  91.4148 
-122.5  0 
223.675  0.24583 
200.866  155.092 
-122.5  0 
-206.527  161.401 
-247.262  111.887 
-122.5  0 
168.68  0.249878 
-307.491  101.305 
-122.5  0 
-330.223  55.9715 
-333.414  111.67 
-122.5  0 
-353.313  81.9406 
179.255  135.496 
-122.5  0 
-76.9066  218.139 
169.375  175.211 
-122.5  0 
-457.057  191.047 
263.911  164.135 
-122.5  0 
-352.274  197.198 
149.721  103.84 
-122.5  0 
39.6804  0.249894 
90.4324  105.331 
-122.5  0 
-7.54826  437.1 
149.306  95.2929 
-209.329  0.241681 
21.6804  0.249895 
-1397.14  427.19 
-209.5  0 
39.5  0 
-2.5  0 
-2.5  0 
40.5  0 
-130.5  0 
-2.5  0 
-437.804  4.68214 
40.8654  73.6227 
136.679  0.248795 
-262.643  41.5503 
-332.15  160.066 
137.68  0.249875 
-242.246  36.0296 
-68.0162  102.651 
114.68  0.249894 
-225.538  32.7107 
19.6626  109.464 
83  1.66719 
-303.331  35.7461 
-55.5262  97.8701 
129.5  1.11146 
-295.749  34.2243 
-82.6814  97.0706 
146.172  0.498068 
-284.489  41.813 
117.627  54.485 
112.68  0.249893 
-336.586  34.8965 
-23.2947  102.398 
114.5  2.22292 
-371.934  36.3882 
-15.752  96.0573 
144.68  0.249901 
-292.593  35.7083 
-78.4455  92.8297 
144.5  0 
-275.968  39.478 
99.7431  79.0481 
152.68  0.24991 
-265.157  28.3293 
-20.0237  101.079 
-484.499  148.654 
-235.908  32.6831 
-82.3076  103.328 
121.156  0.996135 
-278.208  34.6888 
-140.112  95.7494 
120.5  0 
-250.053  33.0778 
-641.351  228.759 
134.68  0.249895 
-298.882  35.8934 
7.92163  110.853 
248.67  0.240692 
-249.248  35.9513 
-147.247  106.245 
248.5  0 
-285.453  36.3974 
-107.205  110.709 
248.5  0 
-205.874  26.6771 
-50.0982  112.538 
248.5  0 
-330.698  40.9732 
-1586.77  392.218 
145.001  2.08069 
-241.94  33.4355 
-158.63  109.611 
41  0.55573 
-326.558  45.5565 
-931.521  287.839 
41.1839  2.37203 
-130.5  0 
195.5  0 
195.5  0 
164.5  0 
44.5  0 
119.68  0.249894 
-159.106  66.833 
292.539  97.0527 
56.6804  0.249894 
46.6805  0.250018 
286.789  89.9138 
56.6804  0.249894 
-222.62  137.087 
-270.534  94.9665 
67  2.77865 
214.68  0.249942 
16.8583  30.5748 
52.079  11.9872 
-241.893  68.9792 
-138.806  107.243 
122.5  16.3233 
-127.464  28.7959 
-755.312  234.694 
122.5  0 
325.68  0.249882 
-140.45  98.6191 
122.5  0 
-130.101  39.2438 
-270.704  133.152 
139.516  1.4942 
-162.829  163.698 
412.394  129.646 
136.828  0.498175 
-274.381  78.3273 
-121.037  103.024 
121  0.555729 
-72.1462  355.847 
-85.9551  95.2506 
136.5  0 
-244.006  59.1113 
-658.671  229.724 
125.887  6.2024 
-210.947  51.2843 
-51.3612  108.456 
136.5  0 
-166.267  72.5659 
-100.413  98.4465 
146.5  2.22292 
391.68  0.249886 
-61.3292  93.902 
96.6673  0.23802 
381.473  28.8879 
478.431  253.562 
84.5  4.44583 
-174.331  59.359 
393.494  113.746 
137.5  1.11146 
-179.661  86.7313 
-16.7381  107.436 
120.68  0.249894 
-104.662  21.1211 
-157.501  95.2285 
120.5  0 
-216.78  484.677 
-130.323  8.71896 
120.5  0 
-60.5514  52.3485 
952.602  288.736 
164.68  0.24988 
39.4872  263.323 
-513.361  199.39 
164.5  0 
44.5  0 
102.997  2.65508 
181.5  0 
34.5  0 
52.5  0 
181.5  0 
-242.974  64.6672 
-887.437  210.506 
-49.3196  0.249895 
-218.482  41.0353 
-181.358  18.0948 
-49.5  0 
-109.919  29.1157 
-216.989  105.801 
-49.5  0 
-108.581  31.9142 
-684.589  226.998 
-49.5  0 
-130.006  30.8856 
-254.881  107.938 
-49.5  0 
-129.913  28.7628 
-307.733  150.964 
-49.5  0 
-91.5579  32.138 
-54.6549  31.55 
-49.5  0 
-114.73  28.7207 
-798.212  247.79 
-49.5  0 
-81.4501  33.0307 
-5.69661  32.0338 
-49.5  0 
-25.0382  32.827 
-255.763  110.175 
-3.5  18.8948 
53.3394  14.5107 
-715.414  219.923 
176.68  0.249873 
-186.596  34.8073 
-275.017  107.119 
176.5  0 
-137.104  36.216 
-214.134  110.071 
176.5  0 
-97.1208  33.4668 
-972.423  272.422 
176.5  0 
-85.5631  31.4923 
-236.971  97.0208 
176.5  0 
-95.0397  28.4416 
-167.564  108.475 
176.5  0 
-193.19  38.7014 
-746.387  230.669 
55.6804  0.249894 
-197.253  31.7121 
-304.074  107.386 
55.5  0 
-77.9333  32.9343 
-29.1174  84.1603 
55.5  0 
-10.821  21.5473 
-823.284  266.349 
55.5  0 
-0.131282  12.2209 
-110.385  72.3193 
-10.905  28.3232 
-103.763  37.5337 
-637.203  219.315 
34.5  0 
0.791364  0.476295 
-15.5614  295.003 
26.5  0 
56.6804  0.249895 
162.681  0.250109 
26.5  0 
188.689  345.681 
-460.419  145.393 
106.669  0.239591 
-174.226  173.353 
-43.934  101.035 
106.5  0 
44.8654  136.682 
-141.235  99.3451 
96.828  0.498068 
78.5697  19.0764 
11.856  97.2068 
106.5  0 
-72.5852  62.8522 
-108.079  95.4139 
120.68  0.249893 
86.552  35.3845 
66.7917  95.8963 
129.68  0.249894 
-0.0644131  48.2936 
-23.0491  102.944 
129.5  0 
64.3054  33.3897 
-1387.05  524.231 
136.68  0.249894 
-33.3528  64.813 
89.4702  96.7973 
129.68  0.249894 
-50.6366  50.6978 
-876.36  332.556 
129.5  0 
105.529  91.448 
-46.2305  106.556 
192.68  0.249929 
125.534  31.0805 
176.469  14.357 
129.232  0.459645 
12.2134  36.7041 
-483.728  217.153 
192.5  0 
-72.0167  69.5226 
29.6409  110.791 
192.5  0 
209.683  0.25193 
-43.4085  102.012 
192.5  0 
79.1495  72.3463 
-827.764  315.34 
128.68  0.249884 
-76.0811  64.7095 
-377.645  168.267 
112.68  0.249894 
-51.5701  35.867 
-485.801  177.441 
112.5  0 
19.8838  31.5251 
-15.8665  95.7984 
112.5  0 
-41.0643  96.8052 
-349.952  156.939 
112.5  0 
-110.423  34.9256 
-597.097  187.952 
136.68  0.249894 
-389.808  518.472 
-356.096  167.242 
80.7763  0.46591 
179.5  0 
152.5  0 
152.5  0 
120.5  0 
57.2713  2.73625 
152.5  0 
113.225  42.8002 
-1733.41  489.528 
152.5  0 
195.454  38.311 
-56.6699  105.996 
152.5  0 
178.883  30.7378 
19.8074  96.1261 
64.6804  0.2499 
312.901  0.531132 
-8.02378  107.939 
64.5  0 
39.3118  40.7517 
-16.4546  109.364 
64.5  0 
99.9285  33.0778 
5.35582  109.166 
64.5  0 
109.615  31.6066 
-42.2971  106.442 
136.68  0.249894 
282.846  10.7942 
112.86  111.547 
144.68  0.249901 
185.83  6.14386 
54.2119  106.901 
144.5  0 
48.6224  33.1716 
59.4193  102.553 
144.5  0 
67.3551  32.2729 
47.1357  103.482 
144.5  0 
69.8627  12.2712 
91.7913  99.0454 
144.5  0 
-43.2196  35.796 
-474.325  225.123 
84  3.89011 
-42.5102  31.6579 
55.0933  114.772 
144.5  0 
-94.6354  40.5186 
49.1628  93.6147 
128.68  0.249883 
15.468  25.3194 
91.3932  97.7281 
128.5  0 
-67.9258  35.8416 
56.2437  105.304 
128.5  0 
73.5759  14.4161 
-577.317  243.025 
174.68  0.249874 
7.41675  15.7618 
129.731  103.868 
255.668  0.239041 
31.6412  17.3569 
-498.019  226.286 
171.274  52.2961 
-212.632  45.3409 
130.927  117.043 
120.68  0.249877 
-217.167  45.4308 
176.133  131.373 
20.7238  0.312192 
-11.5  0 
297.5  5.55729 
289.5  0 
129.5  0 
327.5  0 
48.6804  0.249894 
245.67  0.241396 
278.083  117.155 
40.6803  0.249855 
139.685  0.252795 
-666.337  211.664 
40.5  0 
-54.401  85.4789 
344.403  198.994 
40.5  0 
11.0957  252.265 
262.558  121.166 
41.6804  0.249894 
2.68036  0.249894 
381.763  248.485 
105  0.555729 
76.1979  225.486 
246.678  101.42 
73.5  1.11146 
-349.219  368.634 
-161.178  112.43 
41.5  0 
-106.762  53.54 
-161.208  105.523 
41.5  0 
-118.828  63.2149 
-126.16  100.38 
41.5  0 
-86.2567  53.3173 
-43.4019  106.003 
129.68  0.249894 
-96.231  63.8566 
303.453  98.4579 
129.5  0 
-79.6559  62.7095 
290.96  108.252 
129.5  0 
-24.8048  30.5927 
-221.322  101.323 
129.5  0 
105.795  278.006 
-116.369  98.3155 
129.5  0 
-144.774  55.4413 
-122.595  101.281 
129.5  0 
-20.0119  27.5966 
-117.859  119.972 
129.5  0 
-135.851  68.2087 
147.014  12.0563 
129.5  0 
-61.455  348.645 
-53.6633  97.3427 
129.5  0 
68.579  6.14362 
-152.924  104.988 
129.5  0 
327.68  0.249871 
329.847  147.698 
129.5  0 
400.68  0.249828 
-16.3044  97.0933 
129.5  0 
333  8.33594 
-37.3273  57.8349 
129.5  0 
327.5  0 
48.6769  0.24731 
82.5  0 
48.7869  0.47333 
-90.3196  0.2499 
82.5  0 
1.0949  33.9783 
-844.57  215.214 
82.5  0 
74.261  33.2631 
-212.225  100.753 
-15.4964  4.93821 
120.008  5.04566 
-236.607  107.298 
82.5  0 
126.694  13.529 
-734.764  227.501 
64.6804  0.249893 
-2.19812  34.7082 
-658.779  198.765 
64.5  0 
37.0096  27.5385 
-723.145  213.185 
64.5  0 
74.5388  25.9228 
-620.685  236.685 
64.5  0 
49.062  29.9697 
-670.649  231.263 
64.5  0 
46.0314  31.0436 
-553.127  237.224 
64.5  0 
57.3509  25.4013 
-97.3163  107.886 
64.5  0 
-7.70027  30.1239 
-469.384  204.295 
82.5  2.22292 
-54.891  27.1098 
-655.362  237.277 
80.828  0.498068 
13.9001  14.3745 
-194.845  103.395 
64.5  0 
-52.8422  32.4837 
-165.985  102.267 
64.5  0 
-53.7359  30.7502 
-186.556  98.23 
121.637  1.25344 
-39.5619  20.5712 
-137.615  114.515 
120.5  0 
-182.574  36.5068 
-717.587  221.769 
163.68  0.249947 
-197.707  34.0165 
-622.208  239.063 
97.6804  0.249894 
-165.11  35.2179 
-213.616  95.5239 
89.6804  0.249894 
-142.859  28.1062 
-159.871  110.515 
89.5  0 
-236.754  35.6301 
-39.3335  78.7862 
89.5  0 
-185.035  30.439 
-579.359  199.233 
89.5  0 
-58.5  0 
-46.9438  38.7653 
7.5  0 
-23.5  0 
-16.3196  0.249894 
7.5  0 
-15.4532  65.6192 
997.452  583.915 
21.6775  0.247878 
-66.0899  41.2384 
346.677  282.946 
21.5  0 
-144.523  66.3123 
-196.171  100.249 
21.5  0 
-61.695  42.0732 
-218.999  105.178 
1.98892  5.56546 
-51.2232  58.7583 
-252.183  107.68 
-63.3196  0.249896 
55.7765  148.555 
-175.235  111.544 
-63.5  0 
-136.939  54.4184 
305.427  198.956 
-63.5  0 
-180.648  67.1005 
-345.674  97.2103 
-63.5  0 
-146.732  73.4943 
-286.657  99.7075 
-63.5  0 
-67.8381  23.0091 
-453.298  143.146 
-23.3196  0.249894 
-175.272  57.1003 
-1018.34  287.842 
-23.5  0 
100.5  3.33438 
-318.239  98.1395 
-23.5  0 
-171.769  66.9966 
225.604  204.426 
-23.5  0 
-123.258  121.035 
-248.135  102.785 
-23.5  0 
-160.58  105.318 
-317.269  99.5006 
-23.5  0 
-289.061  77.9397 
-808.861  224.451 
-23.5  0 
18.3168  30.0146 
-210.848  113.555 
-23.5  0 
232.68  0.249902 
-865.632  295.755 
-23.5  0 
-153.56  62.347 
-293.51  105.995 
-23.5  0 
122.68  0.249875 
-226.571  96.4164 
-23.5  0 
53.6804  0.249895 
842.904  591.556 
-23.5  0 
55.0703  164.611 
-289.322  94.4788 
-23.5  0 
122.5  0 
-59.5  0 
16.6611  0.425483 
0.5  0 
-26.5  0 
49.6674  0.238075 
133.688  44.3153 
-40.5648  109.496 
49.5  0 
164.426  36.1616 
-23.1595  107.755 
49.5  0 
94.0438  40.3881 
-23.9932  116.49 
49.5  0 
193.946  33.3398 
28.463  108.916 
41.6804  0.249894 
177.97  13.6481 
22.618  107.604 
41.5  0 
123.014  34.6631 
-632.381  236.423 
41.5  0 
218.877  11.6933 
44.0986  105.14 
41.5  0 
57.3272  34.1913 
39.0113  100.816 
75.6804  0.249894 
40.5262  33.0388 
65.1885  104.718 
75.5  0 
140.353  12.0247 
39.4605  107.234 
75.5  0 
35.7023  18.9145 
128.973  115.534 
75.5  0 
144.085  8.26413 
2.15384  111.944 
75.5  0 
-20.6809  35.6255 
-357.51  226.045 
75.5  0 
-42.1139  33.4186 
282.008  4.3214 
25.6804  0.249894 
-98.8847  32.8754 
49.3113  107.424 
102.68  0.249894 
-119.777  38.5273 
-251.533  174.67 
102.5  0 
11.8703  10.0081 
103.132  107.024 
102.5  0 
42.3967  3.10255 
47.6246  105.743 
0.680362  0.249894 
-224.526  41.1522 
-450.147  205.074 
0.5  0 
-136.197  35.8086 
59.7781  105.475 
0.5  0 
-131.961  38.7925 
-668.315  244.525 
0.5  0 
-249.69  47.3317 
-558.292  189.964 
0.5  0 
-26.5  0 
166.5  0 
166.5  0 
144.5  0 
116.5  0 
166.5  0 
-260.381  70.5424 
-109.279  105.157 
166.5  0 
-113.495  38.9518 
-709.272  267.105 
166.5  0 
-117.711  34.5836 
-57.2509  98.6534 
73.6824  0.251248 
-101.975  32.1043 
-549.11  190.733 
73.5  0 
-180.022  1.14417 
-606.169  182.912 
73.5  0 
-115.512  27.6612 
-125.472  100.332 
73.5  0 
-76.2387  29.9565 
-119.826  92.8511 
65.6804  0.249896 
-20.4538  24.3036 
-67.3204  94.343 
38.6804  0.249894 
-43.4556  27.1197 
-130.627  96.0963 
73  0.555729 
6.00106  22.0326 
-54.4025  103.143 
38.5  0 
-57.2523  30.7391 
-580.829  191.489 
38.5  0 
3.90856  27.1471 
-28.6147  78.0616 
38.5  0 
15.1526  28.7175 
-648.58  211.664 
38.5  0 
-40.845  29.8601 
-132.084  101.215 
38.5  0 
-16.3176  33.5953 
-20.549  108.302 
144.68  0.249893 
47.105  27.0566 
-177.306  103.551 
144.5  0 
-1.57513  25.3862 
-563.109  217.577 
144.5  0 
26.6543  31.7383 
-566.601  203.212 
144.5  0 
-7.66199  23.1264 
-79.0721  99.6895 
144.5  0 
-7.28254  29.0618 
-585.286  197.503 
144.5  0 
-59.0843  39.9624 
-540.642  197.999 
144.5  0 
-98.1478  46.4875 
209.293  320.185 
144.5  0 
116.5  0 
308.5  0 
308.5  0 
17.5  0 
52.5  0 
308.5  0 
-215.228  34.3974 
-736.047  218.376 
308.5  0 
-152.236  31.724 
-139.774  111.536 
308.5  0 
-240.411  34.5793 
-650.281  189.794 
308.5  0 
-284.004  34.5109 
-182.398  99.1505 
308.5  0 
-198.702  42.0904 
-248.788  98.6876 
308.5  0 
-191.836  33.6982 
41.7895  27.5662 
308.5  0 
-170.005  31.0162 
-103.295  110.519 
308.5  0 
-118.518  27.1954 
-602.437  169.723 
308.5  0 
-192.054  33.271 
-155.275  99.029 
308.5  0 
-130.095  29.2891 
-129.098  108.356 
308.5  0 
-102.603  30.8586 
19.0331  32.8057 
17.1122  0.526055 
3.1504  16.9807 
-209.909  101.711 
17.5  0 
-104  28.985 
-139.109  96.3048 
16.9787  0.867259 
-197.785  36.6698 
-148.287  97.1416 
17.5  0 
-36.8489  9.67034 
-126.1  100.688 
17.5  0 
39.8301  12.3205 
-705.26  199.219 
17.5  0 
-82.0479  31.922 
-70.268  102.671 
17.5  0 
-76.501  30.4979 
-167.227  101.135 
17.5  0 
-97.4195  33.1797 
-212.891  96.7227 
17.5  0 
-105.782  33.3649 
-283.256  100.431 
17.5  0 
-260.269  49.7043 
-552.113  149.405 
17.5  0 
46.9532  4.03921 
-287.626  96.9426 
17.5  0 
52.5  0 
-27.5  21.1177 
12.5  0 
-95.5  0 
-52.3187  0.250535 
12.5  0 
11.2825  30.2803 
-740.143  182.943 
12.5  0 
-15.8085  32.3472 
-232.527  105.403 
12.5  0 
83.5907  20.0102 
-264.24  107.959 
12.5  0 
15.1988  31.5145 
-339.672  95.7993 
59.5305  23.8 
-30.299  30.2029 
-215.721  108.212 
12.5  0 
-94.4583  39.1725 
-304.302  105.823 
12.5  0 
-34.8274  29.7731 
-322.871  104.4 
12.5  0 
8.60306  14.0431 
-233.734  112.558 
12.5  0 
-64.1054  39.3879 
-328.876  96.8296 
12.5  0 
-62.1599  32.4788 
-938.546  210.438 
12.5  0 
23.1235  16.7193 
-251.379  101.612 
12.5  0 
-139.535  33.8488 
-309.299  99.2946 
12.5  0 
24.0598  12.4088 
-386.089  97.4402 
12.5  0 
-90.7171  32.4318 
-362.166  95.3117 
12.5  0 
-190.423  37.8859 
-351.744  102.653 
-95.3326  0.238064 
-118.444  40.2119 
-684.312  200.204 
-95.5  0 
-69.0095  15.7939 
-297.006  104.093 
-95.5  0 
-184.546  35.2525 
-276.442  113.721 
-95.5  0 
-247.979  38.9501 
-472.065  146.184 
-95.5  0 
-50.7018  13.2528 
-829.635  179.533 
-95.5  0 
-175.14  35.3433 
-316.815  103.633 
-95.5  0 
-243.748  41.1986 
-362.992  108.591 
-95.5  0 
-59.5  0 
-72.5  0 
