149.845  3.0962 
66.6264  1.97454 
-83.1297  2.12483 
154.951  8.13963 
65.901  7.42291 
-107.783  6.92712 
160.903  8.12374 
105.904  7.40557 
-140.728  6.72259 
170.397  8.05207 
22.079  7.64861 
-139.798  9.09569 
118.2  7.85818 
137.412  7.59876 
-102.421  7.32943 
114.894  7.93637 
112.738  7.76954 
-58.5812  6.53019 
115.744  7.63927 
5.90661  6.89983 
-98.5977  6.78263 
112.682  7.61705 
72.1118  7.81996 
-151.293  7.47801 
97.2285  7.50048 
53.6913  7.01657 
-85.4297  6.60126 
110.785  7.31562 
46.9291  7.00742 
-97.225  7.32848 
118.694  7.77305 
54.0188  7.16246 
-111.184  6.90882 
17.1677  7.45857 
30.8218  6.93236 
-151.298  6.81466 
105.06  7.41152 
76.726  7.26157 
-186.774  7.02866 
93.0486  7.08607 
66.7748  7.21726 
-173.243  7.36631 
59.4589  7.61258 
21.7341  6.49934 
-259.119  6.80177 
-16.0174  7.51754 
62.7468  7.47144 
-226.106  9.50558 
-19.5432  7.58319 
75.1797  7.40157 
-253.618  7.19582 
21.9028  7.41392 
68.1627  6.93223 
-213.264  8.45285 
33.7613  7.90325 
53.6529  7.80043 
-213.421  7.27881 
-31.411  7.85981 
82.1245  7.37688 
-263.843  7.06788 
50.8673  7.78951 
92.8543  7.12913 
-260.231  10.0931 
-44.2961  8.08587 
29.7041  7.44097 
-210.401  7.89744 
-33.6264  8.13718 
84.6977  7.44456 
-182.245  7.69004 
-67.2511  2.00033 
96.7288  0.419163 
-210.048  1.98198 
1.87473  1.82855 
-134.118  1.87015 
8.02638  1.84991 
-46.0223  6.772 
-121.173  7.05724 
-21.6524  6.72778 
11.2226  7.46548 
-160.131  7.4652 
-25.6003  7.33454 
-1.04339  6.73495 
-120.787  7.2223 
-38.6768  7.11368 
31.1225  6.86803 
-63.8948  7.414 
1.48239  6.51316 
87.2569  6.15297 
-58.3694  6.24008 
-46.0817  6.36894 
43.7501  6.98109 
-92.0297  6.59007 
-25.9602  7.6148 
53.9178  6.52622 
-157.189  7.00279 
-0.453472  6.79994 
17.8781  6.71401 
-102.626  7.19509 
6.19929  6.12911 
-30.8843  6.98971 
-119.659  6.5591 
-32.4691  7.27873 
-6.4222  6.62506 
-85.641  7.00623 
-1.68836  6.72973 
-27.5992  6.76026 
-65.9583  7.22173 
-10.3676  6.47366 
-50.096  7.01747 
2.78591  6.39209 
-21.0878  7.89317 
-28.51  7.14726 
-78.5017  6.50659 
-0.17111  5.90349 
-33.1349  7.04818 
-47.3978  7.01105 
29.3729  6.4337 
-131.228  7.40783 
-90.1517  6.46503 
-13.7732  8.15426 
-35.3144  7.3075 
-104.194  6.8452 
-47.5163  6.67797 
-16.4302  6.95226 
-52.3838  7.16774 
-28.4131  6.44238 
-67.9177  7.26261 
-20.725  8.54198 
51.3328  7.10494 
-30.9557  6.76499 
-61.5976  6.99939 
-37.4019  6.75167 
-14.3175  7.71305 
-45.9231  7.06375 
21.7051  6.88504 
-93.6148  8.18138 
-50.878  6.69504 
-40.4276  6.7767 
-131.344  8.05098 
-65.6706  7.35785 
-99.6106  8.76458 
-80.1489  2.14942 
-10.1618  1.82424 
-2.40926  2.91359 
3.49423  2.00638 
-76.4896  2.01553 
34.3406  1.97112 
-16.8413  7.25789 
-5.42685  7.12908 
36.488  7.15013 
45.1887  6.98938 
16.679  7.83926 
31.7616  7.53608 
12.5392  7.46467 
-4.2617  7.18835 
52.1773  7.38338 
39.1049  7.36162 
10.8165  6.93688 
22.4239  7.51793 
95.1891  7.38993 
24.5734  6.81581 
23.2182  6.94639 
124.294  6.99428 
37.85  7.36683 
75.7455  7.07161 
75.1362  7.0353 
-43.4484  6.50387 
-16.1626  6.8112 
65.3517  7.09087 
-8.00108  7.65781 
24.8205  7.41227 
95.3518  6.81383 
-0.509508  6.9317 
-3.16855  6.62253 
77.4167  6.74591 
-41.7958  7.12034 
46.1262  6.37063 
71.3975  7.08745 
-129.738  6.9757 
81.114  7.13707 
93.9894  7.56829 
-68.0304  6.85909 
85.6994  6.91521 
35.8163  7.08653 
-46.2928  6.32537 
23.517  6.51435 
116.858  7.45443 
-95.9781  7.61367 
47.9476  6.2732 
65.3877  7.29014 
-124.115  7.4211 
26.3811  7.3692 
70.8417  7.31875 
-137.373  6.3534 
-1.5091  6.65762 
87.9466  7.18695 
-112.427  7.09989 
3.04034  6.55923 
64.2477  8.58017 
-88.1442  7.15431 
18.3181  6.64483 
-3.00403  7.55279 
-91.4298  7.81129 
22.1442  7.26365 
115.113  7.18369 
-106.201  7.36999 
17.9136  7.44361 
153.87  7.64265 
-46.4303  7.48062 
2.01792  6.55743 
71.3432  7.7763 
-21.1571  8.08171 
38.9928  7.05543 
109.714  2.20978 
-69.6769  1.78814 
32.7455  0.440124 
-54.154  2.19671 
33.6035  2.07769 
-23.5791  1.84403 
-53.3873  8.16883 
104.422  6.79171 
-17.2626  6.5992 
-140.609  8.03222 
87.511  7.62186 
-5.66878  6.9218 
-102.628  7.82588 
41.1063  7.12204 
21.7046  7.10561 
-88.4159  7.99001 
60.1603  6.80223 
-20.8739  6.85155 
-79.1642  7.4723 
10.6003  6.83285 
-65.9251  6.84193 
-189.228  7.80078 
67.7775  6.89497 
-59.9173  6.97824 
-111.843  7.98792 
4.92523  6.24875 
-53.8435  6.78519 
-159.255  7.77749 
17.788  7.04623 
-3.29806  6.32631 
-129.685  7.70193 
37.6296  6.8666 
-9.20787  7.23184 
-122.019  7.89127 
94.4017  7.21298 
-21.7435  7.01634 
-151.197  6.89881 
139.837  6.71577 
-85.7081  6.3072 
-131.618  7.52803 
46.6811  6.59945 
-30.8129  6.77899 
-109.402  7.51575 
159.782  6.32923 
-30.5157  6.8819 
-121.188  6.68709 
118.671  6.54415 
-12.9226  6.22269 
-106.146  7.24904 
54.9367  7.09089 
-50.664  6.81453 
-24.7787  7.26838 
3.91298  6.7055 
19.8301  6.59232 
1.10848  7.03752 
71.1444  7.15737 
10.7625  6.85553 
-13.5044  7.47949 
49.2316  7.04238 
44.7371  6.97393 
28.2896  7.14623 
67.6718  7.18874 
11.5958  6.85811 
-78.9487  7.41528 
3.73128  6.9165 
-22.3576  7.06243 
10.3534  7.27293 
49.4468  7.78396 
-68.014  6.53123 
-18.6108  7.28602 
46.0148  7.78679 
-74.7462  7.1209 
40.8152  0.490887 
46.6295  2.08216 
-7.01756  1.79888 
-29.6429  1.72306 
158.796  3.10373 
21.7749  2.7207 
41.6604  8.06988 
123.923  7.32543 
-7.96609  7.0599 
-12.1958  7.29533 
100.21  7.21323 
11.9269  6.83193 
-26.7447  8.06029 
170.179  7.4387 
5.43821  6.8782 
-23.7268  7.37488 
160.33  7.44404 
-9.02756  7.44174 
-54.6901  7.55983 
131.459  7.652 
-25.562  7.62081 
-47.1481  7.70301 
179.375  7.52644 
40.6691  6.94006 
-12.4603  7.73964 
116.624  7.13657 
-7.06627  7.01944 
-69.3135  7.46654 
153.457  6.92805 
39.7845  7.16545 
-6.06296  7.36293 
152.708  6.98554 
79.7417  7.0615 
-128.904  7.68639 
135.811  6.80416 
22.8841  6.73705 
-48.3419  7.48697 
158.278  6.90772 
55.8029  6.40746 
-83.7864  7.23224 
104.866  7.14915 
0.545367  6.65071 
-74.7375  7.35769 
167.935  7.40136 
17.6596  7.70802 
-123.254  7.46931 
137.16  7.05849 
15.3685  6.95819 
-67.7576  7.0796 
146.895  6.81367 
-0.686608  6.66095 
-43.8608  7.54444 
112.763  6.93182 
23.933  7.5789 
-92.5721  7.94966 
119.883  7.17059 
0.383663  6.86877 
-84.517  7.69554 
124.213  7.20916 
75.311  7.42759 
-75.3536  7.45212 
60.4271  7.34615 
-16.9526  7.68739 
-113.661  7.48472 
25.3658  7.22659 
-71.515  7.31346 
-102.373  7.4663 
79.8057  7.27753 
-63.8995  7.57647 
-170.909  7.42936 
67.422  7.96202 
-45.2531  7.40595 
-136.578  1.99247 
25.2982  1.98269 
-134.339  1.86562 
-47.3088  1.96646 
-124.776  1.93496 
-102.138  1.98281 
-51.0837  6.74062 
-205.834  7.28165 
-84.1116  7.35562 
9.57089  6.27694 
-159.335  7.21893 
-51.0753  6.98069 
-46.4937  6.81261 
-212.186  7.11563 
-144.699  7.26577 
-52.6039  6.52831 
-148.034  6.74766 
-37.6353  6.65401 
-82.1571  6.30375 
-108.639  7.03107 
-56.7383  7.4243 
-74.3052  6.85627 
-207.523  7.07773 
5.87847  6.33909 
-31.238  6.90898 
-195.074  6.82477 
-16.3603  6.79872 
-56.8451  6.46183 
-195.742  6.64822 
-9.20774  6.42212 
-62.4348  6.80904 
-84.3559  6.82409 
-43.1048  6.75124 
-84.4822  7.2988 
-119.231  7.03104 
-57.932  6.30721 
-0.675018  6.31067 
-110.851  6.25652 
-30.7456  6.49614 
-62.2325  7.14173 
-146.151  6.81917 
19.535  6.65268 
-26.3106  6.60468 
-97.6805  6.78591 
-71.2531  6.69623 
-82.2383  6.84262 
-105.7  7.08553 
-71.5842  6.69333 
-35.203  7.09842 
-37.193  6.92591 
-34.8497  6.62074 
-95.2211  7.09807 
-82.8038  6.89396 
17.9466  7.3855 
-42.8681  6.70145 
-110.732  6.87553 
-2.29417  6.2816 
-111.325  6.45661 
-103.919  6.91612 
-13.0044  7.08601 
-37.7097  7.19836 
-84.0868  7.15197 
-7.09158  6.69467 
-54.4893  6.76039 
-52.7178  7.03536 
8.64901  6.38656 
-105.645  7.46509 
-78.2199  7.17952 
-18.425  7.30114 
-148.194  7.41492 
-69.3659  7.28934 
2.48273  6.7205 
-178.875  2.18863 
-114.05  2.05919 
-45.2264  1.87273 
-64.3261  2.07303 
-134.315  1.91812 
6.46356  1.93132 
-157.126  7.62312 
-65.2392  8.00613 
-18.4759  7.16277 
-92.8184  8.17676 
-5.57655  7.00466 
13.2612  7.29523 
-75.4166  7.25018 
-117.809  7.1602 
19.3146  7.17988 
-48.771  7.06013 
-47.9515  7.15651 
21.0993  7.93249 
-100.794  7.86424 
-54.3512  7.2383 
-1.53316  6.95145 
-42.9848  7.13629 
-74.3829  7.02374 
-24.2488  7.27839 
-82.0044  7.74708 
-15.9987  7.19101 
4.53515  6.79897 
-58.905  7.65146 
-18.9822  6.38008 
61.8939  6.85844 
-1.59444  6.53389 
-12.8607  6.92776 
37.9975  7.12667 
-27.0976  7.21616 
57.6676  6.78796 
42.9674  7.14001 
-55.1971  7.29567 
-28.1571  7.19534 
51.5814  6.56124 
-94.0513  7.47429 
7.07437  7.31956 
84.295  6.72138 
-65.1595  7.64691 
-2.40875  6.29884 
78.0039  6.76721 
-8.95983  7.08762 
21.6603  6.81215 
105.627  6.87018 
-33.1431  7.66659 
-25.5949  7.132 
84.3906  6.41132 
26.8105  8.36549 
-27.3538  6.38152 
17.4753  7.21026 
4.16256  6.96002 
-25.769  7.29217 
70.4315  6.67049 
26.0726  6.87096 
-22.9429  6.83669 
26.3582  6.21074 
-22.0273  8.15739 
16.6421  7.79202 
79.5094  7.25304 
-4.98026  7.30284 
-25.8787  7.02607 
27.6883  7.48157 
17.6631  7.76892 
8.42462  6.40836 
34.3107  6.98435 
47.1347  7.85625 
43.7193  7.11452 
27.7952  7.3193 
26.1392  1.90807 
23.2087  1.89164 
-9.83768  1.8604 
144.728  0.417562 
178.705  1.79809 
168.778  0.467457 
144.031  7.60389 
140.255  7.3847 
151.539  7.08364 
185.833  7.18026 
107.407  6.6681 
192.162  6.91914 
144.992  7.39998 
133.084  7.19028 
168.966  7.00161 
174.414  7.09944 
138.019  7.20476 
163.139  7.1155 
156.464  6.99104 
58.3883  7.26713 
247.213  6.43241 
103.757  7.38121 
82.4498  6.7034 
93.1752  7.11044 
109.488  7.17367 
69.9525  7.17219 
184.941  6.33488 
130.54  7.43973 
100.442  7.26445 
199.609  6.74651 
121.323  7.37321 
60.6981  6.55691 
77.7693  6.83104 
43.6679  7.14868 
95.1572  6.99033 
133.052  6.71761 
94.1084  6.64957 
25.8909  7.47466 
173.69  6.43438 
121.774  7.06501 
67.3685  6.62644 
62.1501  6.39851 
79.3296  6.60338 
-23.0089  7.22093 
107.573  6.98711 
48.7848  6.73422 
67.7135  7.28068 
95.9047  6.81938 
54.0828  6.575 
85.7403  6.646 
-0.953194  6.85038 
47.5562  6.90851 
67.1624  7.24407 
202.733  80.8377 
10.9307  7.39633 
-5.26702  6.70238 
90.7187  7.17027 
59.8693  6.89995 
92.4015  7.68561 
23.6771  7.09964 
10.6267  7.09322 
65.0312  7.18961 
44.0852  7.1564 
1.77218  7.2474 
-13.4587  7.41456 
32.9463  7.22533 
-39.4362  7.53777 
44.7892  7.43465 
41.855  7.42331 
-48.5186  6.95565 
50.6276  7.51217 
58.3696  7.27789 
-45.3039  1.83659 
40.7616  0.454596 
-15.0464  2.22116 
-43.254  1.77173 
-99.8155  1.7657 
-66.0711  2.12654 
40.114  6.59456 
-167.048  6.58198 
-12.9305  6.26159 
92.2803  6.75989 
-108.879  6.74387 
11.2623  6.13261 
44.6902  7.00398 
-140.096  7.23002 
-44.7697  6.28967 
96.14  7.1399 
-128.055  6.84485 
-113.666  6.43069 
0.805961  6.37483 
-141.619  6.83424 
-73.1841  5.95901 
42.1915  6.52914 
-164.264  6.39409 
-73.7442  6.30456 
36.5169  6.14617 
-128.448  6.85409 
-63.2921  5.86944 
92.7143  6.44995 
-125.469  6.53876 
-59.1969  5.30884 
-48.9732  6.83002 
-47.161  6.31096 
-68.1943  5.57508 
24.9716  6.34319 
-80.0124  6.27819 
-80.3807  6.08232 
7.4724  6.35764 
-69.0631  6.27725 
-43.2106  6.03075 
50.1987  6.72172 
-61.3745  5.66349 
-33.6056  6.27353 
41.6519  6.26844 
-119.632  5.89762 
-89.9455  5.80734 
92.6304  5.9496 
-104.026  5.96145 
-39.0311  6.4145 
9.21326  6.05214 
-106.261  6.29757 
-64.8595  6.69059 
52.7846  6.2446 
-99.6925  6.57959 
-35.3312  6.2791 
52.8253  6.66065 
-97.2799  6.57502 
22.0499  6.12156 
61.015  6.52402 
-90.5139  6.53801 
-105.337  6.47207 
6.16591  6.25258 
-64.5175  6.4491 
-7.96008  6.31626 
49.5312  6.82309 
-75.8466  6.58137 
-118.515  6.45678 
29.8389  6.99004 
11.2655  6.43603 
-76.3293  6.93194 
48.9185  7.21493 
-84.4526  6.79869 
-35.8245  6.73994 
96.8332  0.500828 
-73.6511  1.82589 
-21.8624  1.7496 
-137.192  1.96698 
-208.711  2.17488 
-79.7021  2.18588 
-122.053  6.63699 
-182.873  6.71203 
-119.641  6.89428 
-87.1727  7.30904 
-135.669  6.86381 
-182.216  6.79187 
-64.2127  7.22943 
-174.2  6.42312 
-137.67  6.30321 
-91.8561  7.31172 
-152.088  6.71411 
-95.8851  6.91963 
-42.0366  6.96016 
-194.248  6.7081 
-121.753  6.26463 
-98.5799  6.50286 
-165.373  6.72026 
-138.736  6.2994 
-102.678  6.14013 
-71.6047  6.46258 
-87.0124  6.54685 
-86.6495  6.39441 
-91.0496  5.94004 
-94.4112  6.37774 
-90.3781  6.51699 
-43.3727  5.83134 
202.49  578.851 
-61.3661  6.54572 
-109.519  6.17891 
-187.01  5.95733 
-88.5849  5.99364 
-40.3949  6.06327 
-125.922  6.22176 
-181.398  6.44975 
-14.6605  6.32778 
-152.23  6.70446 
-101.946  6.74394 
-76.3166  6.22453 
-124.782  6.09396 
-109.132  6.56347 
-110.833  6.11359 
-219.678  6.13447 
-142.239  6.74594 
12.2461  6.21998 
-199.374  6.1996 
-131.645  6.99503 
-49.4607  6.30322 
-221.237  6.32655 
-160.264  7.52069 
-22.0939  6.04231 
-160.652  6.6387 
-209.153  7.04026 
-116.629  6.46046 
-176.565  6.50614 
-164.508  6.9546 
-108.378  5.95324 
-179.751  5.90877 
-68.3471  7.41613 
-98.0207  6.5003 
-245.598  6.37622 
-122.278  7.05416 
-104.473  6.53558 
-121.123  6.33926 
-180.105  7.37646 
-36.2515  6.71346 
-149.846  7.28117 
-133.541  1.9931 
-123.779  1.9263 
-202.166  1.91211 
227.675  0.24586 
-8.21143  1.79286 
-41.5004  1.86949 
253.817  6.5342 
-125.72  6.2664 
-37.8799  5.83073 
222.002  6.74904 
-11.602  6.82182 
-30.3094  6.2463 
180.907  6.69832 
42.4857  5.94794 
11.9149  5.54307 
128.178  7.00865 
28.1866  6.0491 
49.1904  6.3893 
211.775  6.73916 
-73.0595  6.04257 
28.6232  6.20613 
128.885  6.64601 
33.8452  6.33094 
31.1751  6.81715 
62.4133  6.75445 
37.0984  5.65133 
-13.8318  5.98773 
100.959  6.76492 
14.6717  6.13989 
33.4703  6.15811 
58.6859  6.3849 
48.3176  5.86087 
-21.5951  5.79703 
74.7652  6.67675 
26.6418  5.66274 
-3.70735  6.00359 
-12.0054  6.71466 
34.224  6.05566 
55.2261  6.38574 
26.0266  7.02257 
99.8252  2.19623 
-19.4014  6.06822 
42.4304  6.78902 
82.7616  5.69277 
67.9464  5.61768 
34.8181  7.13739 
75.7564  2.58989 
-46.0563  5.99529 
-58.8789  6.44171 
31.862  5.84438 
55.6711  5.61139 
-103.38  7.35624 
139.296  5.90785 
73.0495  5.67056 
-84.0895  6.91892 
93.2501  6.05599 
-1.39645  5.76385 
-144.609  7.72903 
81.2185  6.24774 
-6.46811  5.62692 
-213.826  6.79621 
-39.4964  6.37728 
86.6282  6.0225 
-113.464  7.71356 
36.2003  6.26607 
-27.753  6.01547 
-214.03  6.96265 
13.0645  5.93967 
11.7655  5.94941 
-207.083  7.06522 
-31.5509  6.03553 
42.3147  5.99077 
-167.205  1.93016 
0.522268  1.98086 
8.58809  2.04091 
-5.67978  1.83909 
-155.299  1.96596 
-68.9831  1.88037 
-15.2888  7.15642 
-180.195  6.90051 
-23.2789  6.51635 
-17.4812  7.34608 
-124.747  6.75746 
5.95515  6.4642 
-86.8162  7.84121 
-125.256  6.59424 
56.5275  6.73216 
30.9977  6.70452 
-128.687  6.66067 
0.601799  6.57319 
-70.6476  6.44598 
-136.652  6.43352 
-3.44369  6.05375 
-90.0813  7.27609 
-195.736  6.02149 
17.3295  6.19035 
2.37216  6.75129 
-144.594  6.72546 
4.53215  6.71731 
-67.2561  6.63905 
-203.218  6.31988 
1.61706  6.48002 
-49.0578  7.01075 
-147.782  6.26426 
-0.665938  6.15107 
-57.5497  6.61246 
-220.037  6.01733 
34.0789  6.09779 
-4.76368  6.90765 
-182.158  6.21067 
60.4938  6.16753 
-30.2469  6.92145 
-162.357  6.24458 
59.1478  5.96434 
-50.0394  6.37215 
-174  6.48297 
95.0743  5.94925 
43.715  6.52351 
-173.985  6.24412 
83.3848  6.20097 
26.7746  6.5034 
-235.554  6.01822 
58.6474  6.00062 
-47.3783  6.73494 
-175.367  6.93179 
46.7566  6.28657 
-51.2777  6.51905 
-143.792  6.59694 
202.932  87.2935 
30.6196  6.79301 
-169.731  6.55512 
100.731  6.5551 
20.8582  6.80005 
-64.7626  6.56997 
71.9833  6.49375 
89.4599  7.61609 
-125.512  6.50792 
118.151  6.44604 
3.67616  6.78568 
-110.009  6.44279 
40.1386  6.78851 
88.4935  7.25705 
-83.6116  6.7771 
46.2467  6.48998 
72.7995  0.481524 
-69.3808  1.97247 
25.2561  1.9693 
-17.1389  2.21924 
-74.6028  1.96099 
-50.5  0 
9.46602  6.82288 
-47.9386  6.80397 
58.4342  6.09708 
66.9506  7.05634 
-10.7277  6.57068 
163.697  6.08341 
45.8896  6.72043 
-44.1129  6.99676 
152.76  6.23425 
-17.2493  6.92405 
5.90582  5.68803 
83.3217  6.12554 
25.4064  6.7068 
-50.9496  6.50014 
128.219  6.52636 
-24.5918  6.80238 
16.954  6.6275 
60.4954  6.45676 
-10.2242  6.74531 
-87.483  6.51054 
76.4564  6.41339 
15.3054  6.89005 
53.735  5.66958 
186.091  6.09008 
2.49349  6.31891 
4.29252  6.03479 
80.4711  6.33574 
12.1562  6.90716 
-50.6508  6.33301 
116.448  5.84799 
-22.0886  6.23475 
-1.64754  5.94318 
99.906  6.18443 
-14.822  6.81782 
-18.8406  6.37031 
31.667  6.3691 
-43.9547  6.15109 
-64.2016  6.32896 
117.589  6.24129 
-37.8882  6.35402 
51.4184  6.61984 
81.1164  6.21816 
-67.0271  6.44184 
-19.9166  6.33263 
70.0714  6.11276 
-25.5405  6.8074 
8.65865  6.53883 
119.01  6.18106 
-26.8906  6.68865 
12.8905  6.77279 
150.373  6.36567 
-140.605  7.05952 
-66.7886  6.49724 
140.883  6.36967 
-104.595  6.79945 
-43.5801  6.68774 
189.316  6.34904 
-163.177  6.94759 
35.6953  6.05173 
135.925  6.23551 
-101.491  6.79724 
-55.024  6.56658 
59.4781  6.55246 
-115.895  7.36622 
-4.89244  6.51681 
55.9258  6.22227 
-119.419  1.75423 
-50.7744  2.05487 
109.452  1.98392 
-40.5287  1.78183 
-302.714  1.92153 
36.3689  1.79297 
-76.748  6.48038 
-232.2  7.04883 
-33.8058  7.16539 
-81.2217  6.72341 
-261.818  7.15586 
40.542  6.87233 
-32.3322  7.43714 
-206.889  6.80629 
45.4665  6.63368 
0.202175  6.14252 
-209.043  6.97916 
-19.4283  6.78313 
24.735  6.5185 
-160.867  6.79967 
-24.1909  7.1894 
22.4132  6.59898 
-180.367  6.90847 
2.21177  6.49156 
-137.944  6.65031 
-157.721  6.83206 
25.0085  6.31997 
-35.1679  6.42736 
-118.726  6.40496 
18.2425  6.81083 
-11.9981  6.24717 
-186.413  6.21684 
-3.54879  6.32934 
-39.9804  6.32468 
-132.52  6.57382 
-20.4345  6.04724 
-22.729  5.68891 
-182.927  6.35933 
-24.0646  6.19531 
-40.2528  6.37256 
-114.28  6.67005 
170.362  121.73 
-8.824  6.38923 
-115.821  6.64707 
-71.2067  6.58779 
-30.2313  6.3643 
-65.9575  6.53721 
-37.7271  6.09426 
52.2412  6.22607 
-46.004  6.24336 
161.628  106.312 
-12.0548  6.50217 
-42.6108  6.62061 
-92.4218  6.47754 
25.5652  6.46274 
10.2315  6.78571 
-56.2225  6.3364 
9.02499  6.40566 
-66.5879  6.54479 
-122.121  6.19377 
-27.2117  6.77352 
13.4684  6.84199 
-43.9899  6.61649 
-14.7957  6.84495 
31.7246  6.58518 
-94.4032  6.24081 
-16.0958  7.1571 
83.061  6.56945 
-87.9442  6.47251 
14.5444  7.32876 
42.9369  6.60659 
-83.3078  6.46928 
-36.0286  1.71566 
-14.6255  1.82263 
-97.8335  2.15271 
-18.6753  1.9918 
-119.184  1.76782 
-59.9481  1.86759 
-65.3009  6.75103 
-34.9402  6.41866 
-58.1543  6.53908 
-7.69718  5.82398 
-75.9686  6.75278 
-84.3471  6.80681 
30.7139  6.3461 
-82.1741  6.80496 
-67.2286  6.67489 
50.4091  6.05992 
-29.5605  6.46465 
-61.1886  6.75513 
32.2591  6.28657 
-33.6799  6.59041 
-93.7609  6.38171 
10.4703  7.01889 
16.5217  6.76493 
-30.2006  6.66772 
74.7965  5.76307 
-9.69787  6.06069 
10.6597  6.32876 
71.7862  5.96619 
70.396  6.27559 
-28.7823  6.55521 
30.8324  6.36738 
-9.30113  6.22381 
-7.19813  6.08308 
78.7537  6.35286 
-31.0557  6.56576 
32.8942  6.32158 
55.5155  6.08159 
-44.0803  6.50975 
-52.4847  6.08375 
35.9083  6.04839 
-88.8225  5.75507 
-13.7926  6.34287 
111.936  6.60748 
-80.4633  6.93297 
82.2752  6.08413 
41.233  6.56255 
4.57241  6.33041 
56.9071  6.17248 
56.4418  6.37968 
2.40149  6.17875 
101.901  6.12301 
35.8578  5.96122 
-48.1232  6.12421 
59.1763  6.03359 
103.932  6.93378 
8.85721  6.37986 
91.0843  6.01781 
3.68931  6.49215 
13.7576  6.34621 
22.7491  6.12316 
6.762  6.27442 
74.3146  6.67702 
22.7859  5.91735 
26.2206  6.91199 
7.95739  6.57428 
46.709  6.32254 
86.0217  6.40808 
41.865  6.30906 
-10.0061  5.99234 
141.955  6.62595 
46.1866  6.82329 
-11.959  6.36642 
75.419  2.07156 
-10.0626  2.07688 
1.20068  1.81189 
-124.577  2.09735 
-168.647  1.87271 
-54.4254  1.87438 
-181.367  7.25671 
-107.189  6.52226 
-60.7513  6.12403 
-155.058  7.08281 
-129.273  6.37505 
-1.84083  5.9277 
-130.387  6.89601 
-157.605  6.84535 
-8.91992  6.62378 
-106.548  6.77672 
-56.5398  5.8171 
-58.4807  5.34575 
-185.671  6.74503 
-105.867  6.47522 
-31.3039  5.87088 
-126.868  6.82214 
-117.353  5.80488 
8.91212  5.70958 
-163.024  7.32376 
-86.7928  5.96624 
-41.0665  5.97698 
-152.206  6.7588 
-108.46  6.20511 
-56.4  5.80523 
-119.248  6.39328 
-165.236  6.12106 
-34.3413  5.78229 
-148.271  6.67713 
-103.132  6.1066 
-108.709  6.39414 
-203.231  6.16647 
-85.6881  5.91736 
-27.0133  6.21014 
-183.642  6.13387 
-163.773  6.44511 
-87.8065  5.82176 
-252.376  6.63045 
-118.032  6.04618 
-124.279  6.46697 
-161.067  6.66533 
-165.588  6.40155 
-91.175  6.61069 
-219.852  6.44675 
-202.963  6.23389 
-114.825  6.49341 
-224.918  6.68604 
-178.73  6.10079 
-111.79  6.62843 
-220.756  6.95068 
-164.3  6.11106 
-62.451  6.43209 
-192.894  6.54251 
-135.546  6.87049 
-200.705  6.97853 
-213.685  6.59764 
-164.372  6.84241 
-78.254  6.70905 
-259.884  6.28038 
-200.506  6.59336 
-146.675  6.44754 
-168.892  6.64928 
-176.941  6.50151 
-133.195  6.84237 
-276.324  6.36999 
-174.199  6.53326 
-184.08  6.80523 
-277.079  1.88365 
-196.8  1.84008 
-187.256  1.85575 
15.1178  2.23033 
-202.632  1.87828 
-162.5  0 
24.4699  8.00969 
-137.291  7.43733 
117.143  6.99868 
102.046  8.06447 
-129.846  7.00029 
212.046  7.22927 
101.588  7.53367 
-135.733  7.57903 
194.113  6.87824 
77.9464  7.56728 
-122.713  7.19834 
194.161  7.14908 
49.6814  7.4824 
-202.918  7.09178 
159.625  6.65909 
96.7853  7.52689 
-199.791  6.79792 
130.716  6.78816 
113.064  7.65049 
-148.024  7.21948 
133.238  6.96227 
64.5648  6.8789 
-230.531  6.33 
151.256  6.40338 
80.6415  7.19932 
-246.38  6.84618 
182.033  6.73092 
114.472  7.26184 
-182.509  6.8764 
162.628  6.39603 
78.6416  7.43548 
-152.148  6.97234 
121.799  6.90997 
122.513  7.20947 
-177.334  6.81089 
115.252  7.05032 
100.249  7.19869 
-137.745  6.94591 
66.784  6.57217 
89.798  6.79142 
-188.562  6.73596 
97.8277  6.82822 
73.9782  6.87677 
-164.043  6.76776 
80.2624  6.55467 
60.6971  6.4231 
-197.732  6.90484 
129.535  6.43872 
106.484  6.78483 
-129.629  7.35051 
63.1966  7.54484 
69.1678  6.98243 
-178.235  6.88149 
62.3032  7.13354 
-17.8923  7.22512 
-148.331  7.43266 
91.1378  7.15132 
96.5234  6.8853 
-207.231  7.03628 
33.9444  7.51569 
113.461  7.32747 
-142.099  7.27532 
29.3792  7.44249 
11.6035  7.52207 
-180.141  7.47749 
47.7342  7.48157 
50.0009  0.619936 
-162.815  2.10155 
47.7443  2.28527 
43.0605  2.06688 
-32.1391  2.17085 
12.9368  1.84392 
80.1957  7.62736 
-48.9552  7.53475 
-38.2888  8.18298 
22.8127  7.34359 
-73.057  7.03496 
-53.0064  7.27346 
21.5906  7.27488 
-36.5602  7.41835 
-11.1999  7.53598 
31.779  7.66004 
-47.908  7.23908 
-8.95971  8.01081 
75.8727  7.09195 
-88.1259  7.06805 
9.37731  7.09199 
92.1343  7.16664 
-20.058  7.01929 
16.8413  6.92121 
103.804  6.75355 
-42.4024  6.87879 
34.5926  6.96541 
95.4935  7.19915 
16.9985  7.01357 
50.2024  6.65055 
107.587  6.87459 
-75.55  7.12841 
44.0932  7.08666 
108.34  7.37236 
-23.1374  6.73662 
229.01  93.1083 
89.8822  7.34617 
-57.07  6.68995 
103.829  6.76356 
80.533  7.60736 
-12.9181  6.25877 
58.0403  6.59321 
124.115  7.44672 
-15.7438  7.23698 
85.2992  7.07197 
70.5297  7.16608 
-12.9703  7.15417 
80.0072  6.83682 
113.291  7.42236 
-50.5646  6.82743 
141.27  6.77335 
61.9713  7.41886 
-46.7565  7.39606 
93.5841  6.99785 
43.1158  7.88053 
25.2486  7.59423 
101.905  7.1059 
100.152  8.09163 
-35.0054  7.5315 
139.165  7.0149 
84.882  7.74428 
-30.5489  7.21131 
92.6738  7.42051 
98.355  7.99443 
-59.5327  7.53016 
95.367  6.94266 
136.254  8.34853 
8.87725  7.30135 
64.1547  7.14765 
124.252  8.47417 
-43.3652  7.45139 
132.179  7.07182 
42.4333  2.12147 
-47.1047  1.97237 
107.482  2.0606 
-174.876  1.86217 
-48.5526  2.24247 
-117.733  2.05219 
-38.9189  6.80228 
-59.7661  6.83447 
-130.318  6.62291 
-97.9501  7.31168 
-73.6159  6.97171 
-74.5351  6.49007 
-81.7351  6.95507 
-29.8768  6.96586 
-106.581  6.53956 
-90.0404  6.7734 
-20.2333  6.98474 
-50.9984  6.30633 
-92.4586  6.76597 
-43.6519  6.89909 
-97.3722  6.76585 
-25.0879  6.5532 
-53.3371  6.56017 
-85.4315  6.67332 
-112.967  6.94635 
-12.842  6.738 
-52.2558  6.38661 
-58.0355  6.63978 
-30.1102  6.53067 
-42.1364  6.3973 
-49.6844  6.79412 
19.558  6.53471 
-74.2687  6.3258 
-25.5538  6.80458 
79.3679  6.48005 
-85.8514  6.54243 
-65.025  7.22349 
-82.6918  34.3972 
-84.7613  6.37946 
-47.1495  6.93839 
-76.5847  6.21436 
-132.545  6.57133 
0.758327  6.85765 
-31.7288  6.98715 
-99.1549  6.47523 
-26.8452  7.57484 
5.55547  6.34877 
-120.334  6.1918 
4.23257  6.88347 
8.53613  6.41857 
-35.2449  6.30135 
8.46323  7.87685 
-11.4893  6.64759 
-51.9453  5.97889 
-2.91982  7.68569 
-54.4526  6.83681 
-13.0724  6.65324 
1.87237  7.11699 
-96.9691  7.0064 
-145.789  6.19879 
-25.65  7.75884 
38.1038  7.36213 
-52.222  6.79374 
-39.7917  7.31127 
3.85433  6.62559 
-49.8539  7.03856 
-46.1995  8.45097 
-25.1043  6.83097 
-60.7379  6.42088 
-1.96013  7.44644 
13.4772  7.48455 
-27.2671  6.50261 
-18.652  2.19028 
0.807427  0.486342 
-79.9276  2.06845 
96.631  2.37125 
48.1472  2.19276 
149.56  4.52751 
65.4215  7.45871 
110.492  6.53678 
99.6069  6.61074 
70.1417  7.30924 
145.469  6.45591 
119.852  6.22149 
121.794  7.39696 
148.514  6.57057 
75.187  6.12825 
63.8202  7.31278 
136.81  6.43083 
139.205  6.32527 
29.6629  7.29757 
136.676  6.58814 
93.2458  6.33034 
87.0384  7.0182 
217.574  6.3739 
151.388  6.28999 
96.0246  6.74751 
179.581  6.39372 
142.606  6.16118 
45.2019  6.94021 
180.321  6.13496 
99.6081  5.79586 
104.365  6.59616 
123.864  6.09773 
216.11  5.54985 
95.4086  6.77231 
126.878  6.48295 
91.5269  5.6994 
135.351  6.45712 
183.562  6.36002 
315.455  133.468 
121.886  6.48567 
230.526  6.09758 
151.703  6.03529 
100.667  6.28936 
120.884  6.21809 
101.712  5.87895 
123.245  5.73174 
183.135  6.6356 
102.927  5.79348 
117.679  6.25417 
66.9558  6.45757 
127.065  6.28419 
105.366  6.52726 
162.634  6.39657 
106.708  5.90487 
98.51  6.69997 
150.711  6.46369 
39.2896  6.41138 
83.1411  6.35571 
84.9596  6.45168 
100.469  6.45594 
54.8601  6.64707 
131.112  6.46543 
88.1055  6.02238 
80.1741  6.80105 
98.2398  6.98786 
112.523  6.41688 
99.7412  6.74466 
17.2612  6.74625 
62.7078  6.59025 
102.103  6.55016 
61.2649  6.90884 
97.3533  6.88367 
75.7319  1.87073 
32.8855  0.525141 
49.8434  2.02721 
50.5  0 
298.014  1.84282 
-84.5  0 
125.22  9.36378 
253.45  8.03798 
100.995  7.62493 
108.572  8.71668 
304.99  7.63383 
74.4418  7.62748 
137.888  9.07163 
249.483  8.09312 
68.9463  6.85711 
29.428  8.8657 
280.277  8.03049 
141.83  7.94338 
40.4491  8.46956 
160.866  7.58505 
111.395  7.2975 
87.9383  8.28869 
174.971  8.2655 
160.055  7.05675 
94.4758  7.61855 
190.485  8.05709 
134.23  7.01989 
101.555  7.97787 
250.711  7.83667 
211.185  6.89863 
112.545  8.57033 
154.644  7.20438 
210.566  7.25735 
134.333  8.09181 
140.305  7.99328 
247.214  6.77843 
66.4717  7.62896 
149.419  7.51454 
238.15  6.60189 
113.951  7.83724 
50.6077  7.64439 
253.687  6.76851 
140.627  7.63967 
60.4336  7.6951 
260.068  7.45996 
49.4322  7.72082 
20.5983  8.25217 
208.187  6.94782 
115.037  7.90711 
36.3543  7.56889 
220.358  7.30518 
97.7374  7.65517 
24.729  8.17793 
294.806  7.19124 
179.924  7.83624 
48.1867  8.00994 
208.133  7.432 
100.141  8.2493 
46.9097  8.20176 
223.86  7.16373 
133.445  7.86097 
-10.4  8.19061 
259.697  7.59793 
112.377  8.18365 
14.9544  8.86856 
249.516  7.22 
120.511  7.53795 
-60.7597  8.89316 
225.825  7.49846 
87.3327  8.06912 
-62.9858  9.1039 
234.814  7.89536 
16.7739  0.464206 
-84.8733  1.79483 
184.124  1.98782 
2.60194  1.79477 
-84.6876  1.83912 
-48.4103  2.0317 
16.5913  7.86858 
-70.135  7.28843 
-3.79398  7.60729 
10.2018  6.855 
-50.7697  7.24453 
-4.83848  7.49349 
-50.1229  6.93956 
-19.6891  7.50886 
5.467  7.42237 
87.3331  7.07359 
-9.836  7.40785 
0.849416  6.94367 
11.948  7.15594 
-73.8339  7.79127 
10.274  7.66448 
77.0714  7.11574 
4.16235  7.44956 
151.608  73.1842 
44.8452  6.39485 
53.5807  7.56805 
-35.3581  7.53009 
85.0725  6.97076 
46.7233  7.1185 
41.4717  7.19768 
139.278  6.6802 
54.502  6.68593 
24.1067  6.79547 
137.94  6.68563 
41.7618  6.68795 
241.654  100.973 
100.274  7.36784 
13.204  7.11789 
28.8067  6.71361 
93.8286  7.08835 
23.288  6.89144 
19.3967  6.84498 
104.483  7.09046 
83.2277  7.00386 
181.796  115.609 
71.7977  7.21431 
21.6785  7.26234 
80.9494  6.74109 
77.4124  7.7151 
56.8856  7.26109 
38.1124  6.89778 
133.611  7.19753 
82.4255  7.28151 
-19.8565  6.97315 
131.455  7.19979 
22.828  6.88115 
109.253  6.82695 
95.0155  7.85122 
36.148  7.14395 
132.263  6.67487 
116.241  8.08141 
28.7685  7.79383 
57.6852  6.98518 
90.0727  7.65476 
106.671  7.32274 
18.107  7.19034 
96.4407  8.01254 
59.8815  7.72836 
53.5661  7.12141 
43.7613  7.91453 
86.8641  8.17877 
39.291  7.34209 
103.851  2.06227 
70.7762  2.06482 
48.7835  0.470984 
-15.8112  2.04213 
200.5  0 
-144.135  2.08579 
36.1018  7.31764 
108.315  7.36782 
-113.665  7.51077 
-21.0691  7.55202 
168.8  6.8694 
-51.5962  7.62401 
-28.5298  7.4162 
86.1529  6.94766 
-8.76587  7.25251 
88.975  7.41462 
114.301  6.27294 
-10.4775  7.37974 
30.6736  7.602 
97.0572  6.68141 
-43.0863  6.84087 
16.6195  7.22883 
107.485  6.84095 
-45.2585  6.84067 
78.2982  7.29782 
113.255  6.65206 
21.8642  7.05551 
45.4584  7.28975 
108.802  6.70394 
-8.71226  6.92629 
-25.5602  7.44424 
122.872  7.01862 
44.6274  6.80581 
-33.6627  7.91869 
112.457  7.06353 
26.7824  6.73604 
8.43353  7.35022 
72.7035  6.8145 
13.8013  6.55099 
51.8795  7.01268 
6.67137  6.92908 
35.7455  6.41048 
50.5407  7.60362 
3.62877  6.42436 
-47.0286  6.75008 
137.091  7.4902 
13.3365  7.23825 
12.5844  6.85475 
92.1086  7.46723 
43.0311  7.20159 
21.3578  6.79719 
90.2739  8.06711 
-185.898  110.553 
14.8247  7.00085 
114.801  7.73182 
-65.3826  6.90454 
43.1169  6.84046 
124.279  8.56011 
-84.044  7.2363 
12.1595  7.5313 
64.6369  8.45739 
-57.1908  7.46271 
8.11161  6.1971 
54.232  7.48688 
-57.0074  7.75061 
-17.4145  7.2353 
178.366  7.93234 
-125.857  7.53153 
-33.9144  7.16705 
201.088  7.53225 
-106.728  7.86538 
-47.931  7.18417 
186.678  0.247947 
-139.882  1.9246 
-92.033  1.92407 
-67.7552  2.03722 
-231.5  0 
-36.5365  1.85968 
-54.2189  7.67821 
65.6144  7.33699 
-9.75826  6.8406 
-17.2705  8.10322 
73.5865  7.32729 
118.98  136.822 
-66.3434  8.01687 
72.6545  7.18756 
-7.41833  6.78031 
-130.489  7.40652 
93.5347  6.52553 
-74.7315  6.91787 
-32.4609  7.59359 
90.8561  7.5719 
-119.659  6.59755 
-102.433  7.33431 
134.957  7.05965 
-92.9747  6.77564 
-90.7198  7.73839 
63.5675  7.21489 
-43.346  6.83164 
-118.075  7.29909 
49.8055  7.15753 
-181.699  6.86525 
-93.2086  7.25738 
-21.4024  6.98616 
-142.357  6.5712 
-98.5184  7.07164 
12.7483  7.03544 
-20.719  6.7401 
-63.4243  7.12332 
24.5071  5.69881 
-81.7175  6.76844 
-136.606  7.02587 
-57.321  6.85244 
-112.52  6.76282 
-182.09  7.08465 
-5.36628  6.69734 
-81.5004  6.52362 
-215.251  6.65761 
-33.1266  7.40736 
-108.581  6.84657 
-135.973  7.60754 
-45.0292  6.83179 
-120.021  7.38043 
-132.2  6.87748 
-109.884  6.89392 
-160.43  7.15443 
-86.1155  7.40301 
-42.1814  7.3992 
-100.534  7.02117 
-96.1835  7.38919 
-35.3218  7.43079 
-68.8839  6.98092 
-161.4  7.41693 
-25.7601  7.59101 
-124.425  7.20033 
-179.898  7.68779 
-135.134  7.75937 
-39.6142  7.31784 
-209.249  7.43792 
-108.206  7.89142 
-171.792  7.62756 
-237.978  7.37661 
-102.423  7.63468 
-117.651  7.21138 
-231.372  1.97503 
-86.328  1.91951 
-145.631  2.03431 
9.40792  1.90024 
226.327  1.8035 
242.615  1.86774 
39.148  2.29649 
261.163  8.35279 
221.556  7.26893 
-38.4372  8.09977 
270.869  7.67627 
189.158  7.2504 
24.8179  8.06694 
218.546  7.71679 
171.677  7.62949 
-13.2772  7.78503 
291.128  8.0749 
206.919  7.42407 
9.06068  7.95894 
151.62  7.33502 
203.181  7.57534 
-42.3843  8.08381 
221.956  7.5041 
178.401  6.55072 
-84.8184  8.01083 
191.922  7.80772 
195.469  7.50484 
-103.562  7.78199 
137.613  7.46791 
237.726  7.21861 
15.4001  7.9958 
94.4857  7.57599 
223.487  7.04201 
0.989302  7.40762 
111.467  7.61661 
185.428  6.82804 
-77.7761  7.76521 
28.017  7.56724 
220.642  7.16432 
-22.9329  7.90555 
107.664  7.82238 
164.917  7.08985 
-6.00793  7.57233 
86.6323  7.74688 
242.505  7.41772 
-34.6104  7.61027 
50.264  7.47187 
246.471  7.14769 
-4.10483  7.46664 
-19.0243  7.58016 
186.748  7.72173 
52.5419  8.18422 
-7.02249  7.83218 
180.268  7.75625 
-4.38765  7.11691 
-27.076  8.08572 
207.701  7.28496 
-13.9094  7.71751 
4.0975  8.1036 
160.583  7.24004 
-32.7185  7.37424 
-102.189  8.7229 
156.486  7.60889 
7.63286  7.61305 
-33.6278  8.12088 
203.31  7.86029 
-13.3329  7.71658 
-17.1524  8.18721 
219.669  8.14399 
-47.9895  8.19313 
-74.1943  8.71088 
113.962  7.75203 
-58.6991  1.8122 
-95.6691  2.02432 
146.728  1.95467 
18.121  1.87189 
-18.3057  1.90812 
45.4021  1.82995 
-18.9009  7.15572 
-38.3851  7.27962 
77.986  7.15348 
36.1005  7.10043 
-72.8666  8.19069 
120.636  7.15782 
22.2786  7.04206 
2.1951  7.26994 
101.627  7.31793 
43.914  6.88664 
-0.119315  6.79404 
99.2042  7.15565 
38.6939  6.92313 
-15.0927  7.29689 
41.6624  7.35233 
39.9903  6.99019 
-24.0143  6.90184 
107.906  6.88899 
23.2351  6.778 
20.7769  7.06364 
123.818  7.0771 
33.5575  7.93423 
51.8689  6.41864 
163.736  7.03369 
3.28123  6.89896 
49.3075  6.26258 
53.3523  6.42204 
43.8369  6.85973 
68.2379  6.75828 
81.0819  6.65619 
63.9867  7.37013 
57.4765  6.67534 
115.36  6.90965 
131.299  7.06925 
78.6941  7.14133 
45.6781  6.32905 
64.5462  7.07181 
105.391  7.09613 
106.702  6.59237 
13.6996  6.95425 
71.9717  6.64559 
82.6523  6.92217 
38.3026  7.17013 
103.517  6.82114 
86.6569  6.82705 
114.389  6.96895 
135.799  6.90927 
37.8709  6.83677 
81.0944  7.44741 
90.7516  7.50294 
164.592  6.91818 
62.9711  8.08988 
129.511  7.07853 
181.013  6.73889 
-2.41414  7.47951 
75.0717  6.81764 
106.847  6.96579 
31.7005  7.6942 
90.9046  7.04065 
120.154  7.20311 
9.27819  7.13498 
89.7602  7.22163 
114.996  7.38741 
39.744  7.81539 
81.2994  7.6123 
85.0746  7.09853 
-12.1376  1.94905 
32.8813  1.98573 
51.8275  2.00073 
-95.2955  2.00948 
-85.9879  1.9294 
-86.3247  2.04778 
-59.7337  7.28711 
-95.6188  7.78244 
-64.3227  7.77297 
-53.7826  7.15753 
-55.3294  7.4555 
-65.8783  7.25156 
-27.2414  6.72458 
-129.048  7.55278 
-18.1806  7.87245 
-77.1041  7.10422 
-172.353  7.59056 
0.765452  6.80494 
-59.6645  7.04426 
-57.1497  7.26132 
-38.9261  7.2228 
-76.0454  7.15044 
-82.6985  7.31717 
17.5989  6.95099 
-54.3727  6.56551 
-87.9471  7.3471 
19.9809  7.44645 
-34.439  6.88388 
-33.9669  7.26215 
3.44373  6.7338 
-60.312  7.17045 
-92.6882  6.95423 
35.1865  6.78891 
-71.4177  6.9033 
-42.5304  7.18035 
14.8423  6.89664 
-36.801  6.82301 
-7.4666  7.6887 
-9.12129  6.43805 
-10.4225  7.04984 
-1.21847  6.88183 
-10.9523  6.76651 
-37.9891  6.91007 
-20.3713  6.33358 
23.8217  6.18255 
-10.4117  7.40293 
-83.5409  7.00873 
43.41  6.87099 
-68.4034  7.54683 
-70.7916  6.66395 
47.7629  6.79743 
-97.7026  7.357 
21.4945  7.20071 
21.4722  6.82477 
-40.5793  7.31068 
30.6596  7.31862 
67.1735  7.13872 
-71.5808  7.37638 
4.33699  7.23857 
-5.688  6.41979 
14.1028  7.51563 
10.2498  7.79063 
13.84  6.48205 
-64.421  7.71492 
-0.179333  7.27197 
-100.547  7.64737 
-64.8999  8.0167 
-108.349  7.36954 
4.09469  6.23421 
-41.7426  7.41344 
11.6216  7.61615 
-33.4158  7.53165 
-50.5637  2.09564 
-24.8365  1.85758 
-85.0436  1.81698 
-20.9851  1.85491 
-100.5  0 
-155.339  1.84991 
-42.8645  7.12741 
105.243  7.02042 
-150.039  7.02306 
-77.397  7.46403 
75.8869  6.88237 
-50.8134  7.15565 
-70.9056  8.08003 
105.564  7.07851 
-130.583  7.13618 
-12.4359  7.59319 
83.7376  6.8382 
-129.564  7.58351 
23.7184  7.29338 
63.0794  7.38566 
-64.9903  7.427 
-74.5215  7.33036 
36.2666  7.23226 
-143.646  6.47965 
-69.4371  7.70405 
47.0128  6.79327 
-123.138  6.72698 
-72.1529  7.62696 
-7.92536  6.68795 
-108.007  7.27289 
-63.5398  7.46914 
65.4783  6.95286 
-145.289  6.76898 
-90.9426  7.30301 
17.476  6.97651 
-163.943  6.68069 
-36.4624  7.27057 
21.1869  6.86071 
-143.192  6.36942 
-122.209  7.39159 
-47.2474  6.55961 
-109.879  6.51185 
-99.8322  7.03953 
1.36698  6.7375 
-160.628  6.7801 
-103.614  7.70003 
0.683454  7.82042 
-160.711  6.95068 
-117.49  7.3547 
-78.2099  7.40513 
-150.266  6.68261 
-132.417  7.09499 
-6.6187  7.09756 
-29.7361  6.81142 
-108.973  7.67655 
-87.8542  7.92677 
-105.587  6.94366 
-209.412  7.26714 
-79.7101  7.42863 
-109.677  6.89106 
-125.357  7.69695 
-137.224  6.88211 
-139.206  7.32079 
-108.063  7.74737 
-78.2586  7.30326 
-209.544  7.051 
-214.071  7.3195 
-91.7002  7.75626 
-98.3326  7.40791 
-138.095  6.86434 
-109.172  7.57538 
-134.696  7.28866 
-100.583  1.95211 
-169.566  1.94493 
-154.854  1.98834 
