148.299  2.0237 
66.5722  1.9017 
-83.2769  2.02276 
155.161  8.2193 
66.3005  7.54556 
-108.06  7.4265 
161.34  8.50288 
106.026  7.666 
-141.125  7.39227 
170.239  8.35137 
22.2365  7.97918 
-140.022  9.18214 
118.202  8.38504 
137.359  7.65396 
-102.456  7.56295 
114.926  8.25408 
112.821  7.73095 
-58.6958  7.29714 
116.033  7.92959 
6.12211  7.28959 
-98.9388  7.21905 
112.524  7.97251 
72.3419  8.09081 
-151.104  7.90614 
97.3716  7.8204 
53.5648  7.41301 
-85.6698  6.87753 
110.609  7.78448 
47.0031  7.34489 
-96.942  7.53577 
118.95  7.79148 
53.9789  7.35831 
-111.396  7.19559 
17.3258  7.47636 
30.6205  7.05527 
-151.324  6.98636 
105.097  7.58375 
76.5601  7.27993 
-186.809  7.36104 
92.9405  7.39355 
66.3751  7.39484 
-173.559  7.636 
59.3858  7.43966 
21.6706  7.29449 
-259.148  7.04806 
-15.9409  7.88643 
62.6954  7.48733 
-225.504  9.63728 
-19.3644  7.55 
74.9857  7.64737 
-253.464  7.63203 
21.8903  7.45323 
68.0745  7.18276 
-213.502  8.76565 
33.8052  8.10748 
53.8791  7.72596 
-213.324  7.84271 
-31.4301  7.79627 
81.989  7.27345 
-263.876  7.60415 
50.8112  7.94435 
93.3272  7.58114 
-260.048  10.7046 
-44.5034  8.17365 
29.9068  7.86566 
-210.137  8.26461 
-33.0148  8.32846 
85.0213  7.82934 
-182.369  7.96438 
-67.2932  1.96676 
91.6308  1.81128 
-209.897  2.05932 
2.0359  1.83977 
-134.235  1.84765 
8.07596  1.8796 
-46.2642  6.70507 
-120.767  6.93439 
-21.4239  6.72117 
11.3155  7.5769 
-160.058  7.63637 
-25.9044  7.26189 
-0.674821  6.59643 
-120.937  6.96787 
-38.6979  7.45191 
31.2402  6.90757 
-63.8715  7.27746 
1.54781  6.60755 
87.644  6.68316 
-58.163  6.70319 
-46.3095  6.70009 
43.7512  6.73828 
-91.9714  7.04521 
-26.3171  7.5861 
53.9072  6.5983 
-157.2  7.00938 
-0.437829  6.4106 
18.22  6.77884 
-102.552  6.96671 
6.1154  6.57724 
-31.0423  7.12526 
-119.389  6.70513 
-32.3476  7.34306 
-6.13746  6.66684 
-85.7798  7.01088 
-1.76071  6.94372 
-27.7335  6.81147 
-66.1283  7.16554 
-10.3786  6.43712 
-50.1986  6.98077 
3.05452  6.45283 
-21.3771  8.18598 
-28.4016  7.15062 
-78.2795  6.86341 
0.155094  6.43283 
-33.3599  7.30604 
-47.4279  6.77063 
29.5497  6.53794 
-131.437  7.42882 
-90.1854  6.82296 
-14.1115  8.25402 
-35.4564  7.37764 
-104.609  6.98721 
-47.7595  6.75384 
-16.4366  7.35297 
-52.5004  7.12023 
-28.6257  6.74201 
-67.6269  7.33163 
-20.8203  8.72067 
51.019  7.37509 
-30.6937  7.15746 
-61.8995  6.90261 
-37.2812  6.9006 
-14.5294  7.67657 
-46.092  7.18192 
21.704  6.88576 
-93.612  8.20148 
-51.0677  7.03999 
-40.4909  6.85055 
-131.32  7.79558 
-65.243  7.37599 
-99.7688  8.75735 
-79.9679  2.20398 
-10.2052  1.85019 
-3.78966  1.94045 
3.28689  1.94114 
-76.51  2.02645 
34.3441  1.86156 
-16.9683  7.44788 
-5.57793  7.09555 
36.2788  7.33668 
44.8799  7.13412 
15.9752  7.71222 
31.533  7.58087 
12.2177  7.43124 
-4.30908  7.10185 
52.0423  7.3401 
38.7418  7.17608 
10.9174  7.0394 
22.2529  7.11168 
95.3115  7.45628 
24.2888  7.09065 
22.8677  6.85178 
124.118  7.02181 
38.1629  6.82294 
75.7466  6.81333 
74.8134  7.16643 
-43.0848  7.36664 
-17.0527  7.07273 
65.4924  7.23774 
-8.08419  7.69117 
24.5421  7.52916 
95.2592  6.89578 
-0.595617  6.63449 
-3.35806  6.67402 
77.0099  7.11447 
-41.9434  6.9738 
45.8945  6.6133 
71.5266  7.03851 
-129.683  6.94133 
81.4125  6.78674 
93.697  7.13791 
-68.1629  6.87213 
85.7679  6.82794 
35.8483  7.36441 
-45.9087  6.96542 
23.5667  6.58982 
117.049  7.36684 
-96.1068  7.1036 
47.6415  6.62612 
65.4279  7.2937 
-124.277  7.13724 
26.3531  7.08152 
70.542  7.30319 
-138.331  7.15544 
-1.21561  6.87762 
87.2908  7.48621 
-112.33  7.26276 
3.17533  6.50588 
64.281  7.99273 
-88.118  7.35651 
18.4679  6.77785 
-3.14208  7.38437 
-91.6125  7.59343 
22.5144  7.00027 
114.223  7.6064 
-106.487  7.26233 
17.7663  7.48131 
154.206  7.82838 
-46.2546  7.48233 
2.1288  6.64232 
71.1978  7.97113 
-21.415  7.55537 
39.0448  6.93902 
109.761  2.18881 
-69.6123  1.99624 
28.3832  1.90884 
-54.0701  2.23621 
33.5201  2.10093 
-23.5051  1.90554 
-53.9418  8.50858 
103.887  7.56946 
-17.7748  7.50857 
-141.434  8.57323 
86.8302  7.83941 
-6.08566  7.59237 
-103.3  8.29087 
40.7165  7.28976 
21.2175  7.49973 
-88.596  8.59452 
58.9415  7.77111 
-21.7828  7.6337 
-79.4579  8.44676 
9.68957  7.53975 
-66.2057  7.05668 
-189.491  8.57976 
67.1732  7.54279 
-60.3083  7.38606 
-112.343  8.18895 
4.29339  7.08447 
-54.0293  7.14714 
-159.711  8.2433 
17.1321  7.66666 
-3.80954  6.88557 
-130.355  8.22202 
37.3706  7.50058 
-9.67284  7.47752 
-122.416  8.31399 
94.0556  7.4862 
-21.8776  7.60177 
-152.212  8.17568 
139.592  7.15019 
-86.446  7.05796 
-132.471  8.49449 
46.4111  7.26678 
-31.1227  7.43936 
-109.322  7.81681 
159.173  7.12857 
-31.1933  7.2646 
-121.427  7.65927 
117.981  7.06181 
-13.5842  7.17858 
-106.659  7.96718 
54.4866  7.39091 
-50.9647  7.27326 
-25.1093  7.71442 
3.38945  7.18677 
19.3036  7.37557 
0.713154  7.53147 
70.8048  7.77034 
10.3203  7.52133 
-13.9832  8.09042 
48.5886  7.43744 
44.1803  7.67814 
27.473  7.8666 
66.9417  7.64276 
10.9387  7.4945 
-79.7592  7.74202 
2.80103  7.47054 
-23.2253  7.8508 
9.77015  7.98033 
48.7842  8.27468 
-68.7305  7.75719 
-19.4389  8.10891 
45.1947  7.97021 
-75.416  7.79632 
38.5719  1.95731 
46.5478  2.1687 
-6.93591  1.8657 
-29.8219  1.89588 
156.925  1.90475 
20.5122  1.91384 
41.7468  8.13558 
123.901  7.6958 
-8.22198  7.55152 
-11.9526  7.75437 
100.305  7.30682 
11.9506  7.31412 
-26.3926  8.0752 
170.456  7.44781 
5.72904  7.19789 
-23.7741  8.02293 
160.495  7.49936 
-8.82776  7.41512 
-54.8524  7.80673 
131.517  7.48805 
-25.2991  7.4993 
-47.2059  7.73084 
179.352  7.70844 
40.6085  7.16749 
-12.8394  7.76966 
116.206  7.39498 
-7.22894  7.11647 
-69.3762  7.75835 
153.383  7.25949 
39.9541  7.48523 
-6.27699  7.70002 
152.546  7.21997 
79.8445  7.0824 
-128.52  7.99761 
135.715  6.9756 
22.9571  7.00794 
-48.5026  7.71504 
158.619  7.22292 
56.181  6.901 
-83.5116  7.48827 
104.922  7.06475 
0.618388  6.90279 
-74.931  7.41326 
168.212  7.23581 
17.2576  7.73283 
-123.332  7.3952 
137.082  7.1245 
15.5473  6.95862 
-67.8758  7.50439 
146.913  7.13772 
-0.291841  6.86088 
-43.7289  7.55697 
112.857  7.30698 
24.0765  7.77069 
-92.78  7.86912 
119.897  7.36701 
0.63555  7.1896 
-84.3251  7.53958 
123.61  7.53003 
75.5045  8.02225 
-75.0812  7.75386 
60.5219  7.78656 
-16.7908  7.68196 
-113.336  7.72594 
26.0276  7.84701 
-71.6396  7.60839 
-101.914  7.9328 
79.7328  7.57451 
-63.8761  7.73178 
-170.96  7.81974 
67.6867  7.91599 
-45.5782  7.73855 
-136.558  1.93478 
25.3158  1.93203 
-134.36  1.9041 
-47.2888  2.00245 
-124.73  1.81777 
-102.267  1.92258 
-51.1927  6.84716 
-205.877  7.41182 
-84.1028  7.14633 
9.92348  6.72752 
-159.31  7.24695 
-50.8157  7.05619 
-46.6787  6.81028 
-212.232  7.20077 
-144.813  7.08517 
-52.6759  6.69282 
-147.837  6.88243 
-37.644  7.15955 
-82.0597  6.8072 
-108.394  7.01205 
-57.0621  7.28259 
-73.8533  6.9536 
-207.957  7.14434 
5.66716  6.60633 
-31.2966  6.74829 
-194.961  7.14915 
-16.1953  6.81389 
-56.799  6.51248 
-195.834  6.76275 
-9.1552  6.41858 
-62.5508  6.62479 
-84.6237  6.77618 
-43.1281  6.99417 
-84.5943  7.2914 
-119.011  6.65933 
-57.6668  6.69565 
-0.345634  6.48441 
-110.818  6.7943 
-30.8503  6.74704 
-62.2503  7.00266 
-146.345  6.8278 
19.4968  6.75509 
-26.4426  6.87539 
-97.7981  6.92798 
-71.1952  6.59784 
-82.3713  6.84974 
-105.634  6.88245 
-71.4191  6.57448 
-34.816  7.05524 
-37.6016  6.8635 
-35.108  6.51063 
-95.2381  6.96202 
-83.2243  7.10182 
18.0328  7.25229 
-42.6044  7.09824 
-110.726  6.88314 
-2.1629  6.33507 
-110.718  7.10179 
-103.992  6.99457 
-12.8937  6.92138 
-37.8964  7.35084 
-83.741  7.26399 
-7.3215  6.79055 
-54.241  6.83984 
-52.8217  6.87036 
8.25808  6.44919 
-105.293  7.41595 
-78.2791  7.14687 
-17.6  7.3294 
-148.598  7.49341 
-69.3156  7.35033 
2.79867  6.65308 
-178.829  2.03641 
-113.991  2.10401 
-45.243  1.82359 
-64.4791  2.10008 
-134.25  1.88334 
6.4016  1.88379 
-157.089  7.60719 
-65.5601  7.72291 
-18.5768  7.35414 
-93.0605  7.89699 
-5.74543  6.86808 
12.9266  7.25558 
-75.6816  7.50501 
-117.996  7.29158 
19.166  7.3127 
-48.9779  7.29212 
-48.3244  7.26106 
21.3702  7.99844 
-100.876  7.4514 
-54.4935  7.07039 
-1.59816  6.84365 
-42.7781  7.22936 
-74.3756  6.94186 
-24.0722  7.08589 
-82.3897  7.1751 
-16.1532  7.1622 
4.51862  6.86658 
-59.347  7.59813 
-18.8467  6.65131 
62.1574  6.68778 
-1.76245  6.70161 
-13.1916  6.94616 
37.9459  6.88277 
-27.7685  7.20821 
57.5727  6.96412 
42.8612  6.92252 
-55.3799  7.32918 
-28.0219  7.06999 
51.5407  6.74619 
-93.8766  7.56273 
6.66829  7.08532 
83.7802  6.63471 
-65.0303  7.53538 
-2.73108  6.43878 
77.7293  6.52008 
-8.6914  7.16873 
21.7308  6.9033 
105.964  6.66052 
-32.8585  7.36919 
-25.6814  6.89696 
84.0829  6.58215 
26.58  8.03014 
-27.8747  7.00987 
17.0845  7.01346 
4.25516  7.11406 
-25.9946  6.98921 
70.0055  6.49983 
26.0292  7.18779 
-22.8304  6.6038 
25.8203  6.20717 
-21.4009  7.98217 
16.2342  7.48511 
79.216  6.95223 
-5.10988  7.02968 
-25.8822  7.00408 
27.1407  7.60578 
17.1766  7.72986 
8.57  7.10924 
33.7744  6.82961 
46.9729  7.77648 
43.2282  7.15084 
27.4558  7.02348 
26.0395  1.95413 
23.1968  1.87695 
-9.89867  1.86636 
140.071  1.87626 
178.77  1.88139 
166.49  1.8986 
143.55  8.27048 
139.724  7.83665 
151.075  7.62501 
185.38  7.93102 
107.044  7.56506 
191.716  7.61424 
144.223  8.07022 
132.774  7.67843 
168.559  7.53315 
173.851  7.80479 
137.47  7.86696 
162.552  7.60956 
155.989  7.68703 
58.0122  7.79043 
246.597  7.25684 
103.1  8.02455 
82.468  7.68369 
93.0616  7.46009 
109.389  7.48198 
69.5694  7.41696 
184.537  6.87501 
130.352  7.74719 
100.162  7.71115 
199.081  7.18515 
120.729  7.94952 
59.9412  7.49575 
77.3151  7.30631 
43.4865  7.80273 
94.4647  7.66527 
132.249  7.26868 
92.8402  7.58243 
25.1379  7.62342 
172.926  7.28386 
121.047  7.55183 
66.253  7.50244 
61.7737  7.13948 
78.3118  7.53355 
-23.7351  7.67205 
106.792  7.28022 
47.9561  7.55577 
67.1489  7.61425 
95.0513  7.36869 
53.8034  7.29456 
85.7687  7.18566 
-1.31751  7.13822 
47.0478  7.58955 
66.5044  7.75921 
74.3202  8.16426 
10.2409  7.68633 
-5.67311  7.46457 
90.0445  7.54012 
59.2671  7.66216 
91.9498  7.98957 
23.2726  7.76937 
10.7409  7.84186 
64.8887  7.90848 
43.398  7.622 
1.09422  7.75565 
-14.3045  7.93697 
32.2813  7.71634 
-40.4308  8.1888 
44.471  7.75548 
41.2584  7.64032 
-50.007  8.21701 
50.5113  8.05653 
57.8697  8.05656 
-45.3784  1.88974 
37.477  1.90714 
-15.1012  2.20494 
-43.0987  1.87078 
-99.6839  1.85265 
-66.0221  2.07287 
40.6082  7.34321 
-167.063  7.14338 
-12.5856  6.86877 
92.3089  7.23697 
-108.735  7.1563 
11.5647  6.72835 
44.8415  7.29498 
-139.941  7.42328 
-44.1526  6.74539 
96.2151  7.43141 
-127.674  7.21063 
-113.415  6.83644 
1.13502  6.77693 
-141.47  7.08153 
-72.7564  6.52433 
42.3285  7.02615 
-164.051  7.03223 
-73.6389  6.5734 
36.2589  6.98926 
-128.35  7.25138 
-63.0584  6.59401 
92.9019  6.7859 
-124.959  6.8061 
-58.9275  6.1824 
-48.7171  7.03069 
-46.6318  6.70075 
-68.3821  6.27586 
24.9989  6.79829 
-79.8647  6.87344 
-80.3008  6.60292 
7.67153  6.68174 
-69.035  6.75052 
-42.7159  6.51796 
50.32  6.95527 
-61.0211  6.53242 
-33.5383  6.57894 
42.0762  6.6973 
-119.159  6.48823 
-89.7001  6.52534 
93.0289  6.81927 
-104.063  6.60789 
-38.5042  6.59591 
9.3495  6.71587 
-106.252  6.9304 
-64.6798  6.75146 
52.9458  6.77423 
-99.4399  6.87548 
-34.9203  6.88358 
53.0916  6.84551 
-97.2996  6.96272 
22.3645  6.89394 
61.1054  6.86577 
-90.36  6.98646 
-105.065  6.78771 
6.38538  6.73882 
-63.9343  6.79459 
-7.82863  6.71083 
49.6939  7.26947 
-75.7928  7.07277 
-118.048  7.05743 
29.9068  7.17671 
11.5687  7.26068 
-76.2216  7.23785 
49.1387  7.53519 
-83.8505  7.24686 
-35.8569  7.27102 
94.8734  2.18466 
-73.4899  2.0083 
-21.6302  1.81893 
-137.439  1.97765 
-208.714  2.15753 
-79.5547  2.06207 
-122.25  7.36641 
-182.98  7.07077 
-119.852  6.83599 
-87.4461  7.56653 
-135.923  6.97735 
-182.487  6.90445 
-64.9488  7.36487 
-173.869  7.0876 
-137.319  7.0065 
-92.033  7.26381 
-152.331  6.94903 
-96.231  7.03647 
-41.978  7.01385 
-194.419  6.78579 
-122.058  6.58157 
-98.7701  6.89148 
-165.746  6.85996 
-138.747  6.72643 
-102.926  6.9183 
-72.1133  6.66131 
-87.3707  6.568 
-86.6156  6.69569 
-91.41  6.45467 
-94.9273  6.36216 
-90.96  6.88593 
-43.6219  6.43741 
-184.789  6.68279 
-61.5244  6.70836 
-109.602  6.48105 
-187.056  6.60088 
-87.4413  7.05253 
-40.4467  6.34574 
-126.106  6.5214 
-181.759  6.81338 
-15.1186  6.48527 
-151.799  6.84676 
-102.122  7.06926 
-76.5353  6.52428 
-124.633  6.41591 
-109.338  6.75999 
-111.003  6.4468 
-220.034  6.35544 
-142.8  7.04594 
11.8893  6.4706 
-199.378  6.50898 
-132.148  6.92498 
-49.547  6.5785 
-221.261  6.53231 
-160.327  7.52339 
-22.4752  6.55356 
-160.885  6.67451 
-209.564  7.22947 
-116.946  6.78541 
-176.769  6.61537 
-164.819  7.11594 
-108.434  6.85483 
-179.901  6.47885 
-68.3761  7.61318 
-98.1504  6.96376 
-245.702  6.69552 
-122.844  7.26258 
-104.743  6.7939 
-121.522  6.71499 
-179.905  7.56998 
-36.5448  7.09968 
-149.96  7.08834 
-133.502  1.90598 
-123.738  1.89886 
-202.007  1.87674 
218.968  2.16323 
-8.43319  1.81804 
-41.5207  1.89025 
253.915  7.07673 
-126.113  6.5475 
-38.2118  6.38745 
221.36  7.12362 
-12.1721  7.05134 
-30.2957  6.79369 
180.322  6.85048 
41.7218  6.31685 
11.6091  6.13323 
127.857  7.28771 
27.2288  6.79926 
49.283  6.53488 
211.328  7.02892 
-73.5809  6.35414 
28.4201  6.21028 
128.398  6.99468 
33.1962  6.55458 
30.7432  6.67624 
62.0088  7.02159 
36.6244  6.17187 
-14.1559  6.20929 
101.1  7.01338 
14.3912  6.47377 
33.4377  6.42103 
58.4873  6.72667 
47.7946  6.23972 
-21.9574  6.05718 
74.3502  6.91555 
26.0503  6.03886 
-4.02805  6.24596 
-12.1981  7.14172 
33.5694  6.25929 
54.712  6.44081 
25.6898  7.31726 
72.4611  6.17498 
-19.8809  6.47674 
41.9618  7.03938 
82.4321  6.24966 
67.9774  6.01884 
34.4216  7.23475 
45.93  6.41687 
-46.1973  6.30613 
-59.2781  7.05712 
31.2565  6.12028 
55.448  5.88407 
-103.875  7.48717 
139.141  6.50593 
72.3965  6.27528 
-84.4795  7.28364 
92.8104  6.10471 
-1.45964  6.18549 
-145.017  7.67317 
80.6225  6.69432 
-7.15287  6.56594 
-214.248  7.31836 
-39.5977  6.42977 
86.3383  6.34355 
-113.644  7.59695 
35.7797  6.64069 
-28.1311  6.24141 
-214.726  7.48887 
12.8628  6.49245 
11.4152  6.25973 
-207.166  7.20776 
-31.9863  6.31764 
42.1026  6.0978 
-167.123  1.88926 
0.348465  1.93906 
8.67345  2.04326 
-5.64993  1.90233 
-155.412  2.01718 
-68.9543  1.92185 
-15.4626  7.20777 
-180.473  7.16008 
-23.2219  6.90438 
-17.6301  7.18839 
-124.847  7.06186 
5.99339  6.70455 
-86.8335  7.65291 
-125.371  6.73102 
56.4986  6.93341 
31.1625  7.00112 
-128.986  6.79169 
0.6503  6.90462 
-70.8272  6.6861 
-136.941  6.59526 
-3.43275  6.20954 
-90.5418  7.5833 
-195.964  6.81905 
17.3064  6.60415 
2.34798  7.02783 
-144.699  6.76015 
4.53595  7.07238 
-67.5756  6.88968 
-203.18  6.80631 
1.8814  7.03795 
-49.4127  6.94115 
-147.833  6.69557 
-0.55133  6.31757 
-57.6176  7.04412 
-220.332  6.67975 
33.9293  6.23335 
-4.83256  6.85752 
-182.4  6.5922 
60.6765  6.38851 
-30.5928  6.92187 
-162.206  6.52296 
59.6486  6.36958 
-50.4878  6.60041 
-173.969  6.60842 
94.9013  6.37237 
43.8497  6.78962 
-174.072  6.50574 
83.2248  6.46452 
26.7436  6.65232 
-235.905  6.56105 
58.4499  6.31397 
-47.6097  6.82855 
-175.891  6.73847 
46.5517  6.56476 
-51.4252  6.62617 
-143.744  6.67653 
63.2281  6.57225 
30.3167  6.9862 
-169.821  7.00428 
100.794  6.76655 
20.4516  7.10725 
-64.9529  6.9328 
71.927  6.5575 
88.7938  7.56942 
-125.501  6.78773 
117.961  6.64657 
3.69443  7.15353 
-110.452  6.83322 
40.0732  6.88041 
88.4087  7.20838 
-83.5109  6.97732 
46.0538  6.94991 
69.7865  2.11088 
-69.2807  1.93313 
25.2949  1.96218 
-17.1758  2.18777 
-74.5082  1.92584 
103.836  1.93904 
9.89668  7.51314 
-47.6687  7.23145 
58.4451  6.7488 
67.3103  7.58335 
-10.9609  6.93372 
164.214  6.73079 
45.9347  7.34409 
-44.1222  6.98429 
152.991  6.51117 
-17.1603  7.53108 
6.31791  6.57381 
83.4513  6.55507 
25.6729  7.01193 
-50.679  7.17373 
128.446  6.64026 
-23.9993  7.19681 
17.2917  6.86063 
60.7861  6.58844 
-10.0767  7.15871 
-87.4561  6.66792 
76.7894  6.65889 
15.8667  6.95093 
54.2549  6.47972 
186.224  6.34469 
2.90587  6.86147 
4.4022  6.36215 
80.696  6.48583 
12.0432  7.40227 
-50.5398  6.74752 
116.742  6.25277 
-22.2481  6.88554 
-1.2843  6.39152 
100.255  6.51975 
-14.866  7.03766 
-18.2692  7.2595 
31.7795  6.72206 
-44.0937  6.72858 
-63.7035  6.68946 
118.016  6.69239 
-37.5244  6.93251 
51.6713  6.81553 
81.3277  6.634 
-66.8428  6.94511 
-19.6369  6.7755 
70.5137  6.66847 
-25.421  7.24602 
9.02006  6.63979 
119.043  6.57526 
-26.4767  7.18235 
13.1115  6.99324 
151.163  6.73397 
-140.154  7.26226 
-66.86  6.9279 
141.236  6.76562 
-104.246  7.21862 
-43.4802  7.11046 
190.02  6.77909 
-162.571  7.37234 
35.8402  6.82456 
136.058  6.83148 
-101.224  7.30558 
-54.8393  7.06937 
59.6526  7.01292 
-115.353  7.41794 
-4.60866  6.91532 
55.8835  6.74212 
-119.318  1.82061 
-50.7183  2.12654 
109.386  1.88876 
-40.4586  1.79714 
-302.509  1.96843 
36.191  1.88037 
-77.0854  6.91908 
-231.929  7.40849 
-34.3237  7.35076 
-81.5177  7.21394 
-262.053  7.33854 
40.0249  6.98258 
-32.6797  7.77514 
-207.688  7.12285 
45.3079  6.82843 
-0.390948  6.62513 
-209.455  7.42486 
-19.6907  6.81387 
24.3357  6.60349 
-161.46  7.02576 
-23.9374  7.34546 
21.9516  6.78756 
-180.54  7.0826 
1.97436  6.6172 
-138.03  6.89585 
-157.991  7.13818 
24.7347  6.53176 
-35.831  6.69968 
-119.049  6.77677 
17.9267  7.14091 
-12.4045  6.55159 
-186.595  6.95442 
-3.95052  6.55858 
-40.5329  6.59748 
-132.789  6.72347 
-20.7014  6.51679 
-23.5309  6.45706 
-182.959  6.72113 
-24.686  6.58583 
-40.6345  6.61462 
-114.291  6.79293 
-18.1649  6.78275 
-9.31495  6.73559 
-116.238  6.76783 
-71.3376  6.43172 
-30.2933  6.65523 
-66.473  6.58589 
-38.2506  6.33323 
52.0863  6.75535 
-46.3793  6.53217 
-79.5057  6.79859 
-12.3297  6.93456 
-43.0388  6.87579 
-92.8418  6.71513 
25.22  7.09257 
9.96628  6.81235 
-56.4113  6.60196 
8.60047  6.87737 
-66.7842  6.95549 
-122.425  6.51259 
-27.4823  7.08344 
13.2514  7.1246 
-44.492  6.82074 
-15.162  6.98505 
31.6785  6.68914 
-94.5017  6.52794 
-16.3978  7.24707 
82.5674  6.68383 
-88.2125  6.71045 
14.2522  7.42729 
42.4441  6.83696 
-83.855  6.74713 
-35.9609  1.71231 
-14.5867  1.90001 
-97.9396  2.02732 
-18.4372  2.04056 
-119.065  1.83292 
-59.9074  1.86585 
-65.5527  6.98188 
-35.3905  6.99119 
-58.5267  6.74172 
-8.27384  6.60661 
-76.1895  6.95432 
-84.7143  7.12662 
30.4766  6.72402 
-82.6882  7.30034 
-67.4517  6.89743 
50.0873  6.70388 
-29.9961  6.7382 
-61.4316  6.89466 
31.9038  6.47302 
-33.933  6.68579 
-93.8671  6.61899 
10.273  6.74832 
16.14  6.85505 
-31.0708  6.35327 
74.3367  6.45442 
-10.1369  6.57781 
10.3213  6.586 
71.3654  6.56581 
70.3067  6.68706 
-29.216  6.81373 
30.4368  6.53913 
-9.32821  6.48389 
-7.75367  6.37615 
78.5821  6.53114 
-31.5039  6.70056 
32.557  6.51428 
55.323  6.53276 
-44.264  6.49472 
-52.6564  6.32211 
35.6304  6.3572 
-88.8957  6.45876 
-14.404  6.52434 
111.598  6.58957 
-80.7821  6.96751 
81.8409  6.1953 
40.9828  6.72613 
4.09015  6.94585 
56.3828  6.20363 
56.4411  6.59327 
1.97802  6.41695 
101.337  6.09725 
35.3325  6.66023 
-48.2497  6.50803 
58.6916  6.16022 
103.832  7.22715 
8.77593  6.54445 
90.6809  6.3215 
3.33793  7.07741 
13.6996  6.5681 
22.6156  6.27776 
6.22577  6.80064 
74.3185  6.60774 
22.4315  6.2267 
25.7938  7.0379 
7.88665  6.75077 
46.3358  6.74231 
86.0871  6.92076 
41.466  6.82868 
-10.5601  6.52414 
141.397  7.1641 
45.9083  6.94265 
-12.1977  6.78866 
75.5059  1.96726 
-10.1446  2.06051 
1.01033  1.86553 
-124.409  1.94403 
-168.784  1.83323 
-54.5076  1.86465 
-181.567  7.37413 
-107.208  6.62882 
-60.561  6.51024 
-155.174  7.29618 
-129.348  6.69408 
-2.25419  6.2473 
-130.358  7.15547 
-157.559  6.96283 
-8.70594  6.836 
-106.906  7.20476 
-56.4583  6.25813 
-58.0182  6.37897 
-185.967  7.10798 
-106.053  6.65042 
-31.5559  6.40605 
-127.06  7.13992 
-117.423  6.45616 
8.65296  6.18841 
-163.387  7.41533 
-86.7818  6.41147 
-41.1302  6.40295 
-152.265  6.9574 
-108.473  6.43074 
-56.4516  6.11299 
-119.702  6.72064 
-165.103  6.35135 
-34.4777  6.22107 
-148.427  6.92724 
-103.021  6.31872 
-108.62  6.22468 
-203.465  6.77378 
-85.5584  6.24839 
-26.9878  6.2133 
-184.048  6.69342 
-163.832  6.68861 
-87.7239  6.4198 
-252.656  7.03815 
-117.975  6.62018 
-124.232  6.63907 
-161.002  6.91981 
-165.768  6.77828 
-91.3634  6.77576 
-219.663  6.73817 
-203.38  6.64153 
-114.934  6.68879 
-224.903  7.01313 
-179.195  6.77412 
-111.876  6.80514 
-221.065  7.09672 
-164.607  6.79893 
-62.5758  6.7337 
-193.005  6.89961 
-135.398  6.82188 
-200.761  7.02915 
-214.04  7.00218 
-164.215  7.16219 
-78.3265  6.92473 
-260.541  7.13743 
-200.699  6.96386 
-147.079  6.92353 
-169.008  7.16848 
-176.761  6.92546 
-133.322  6.95428 
-276.526  7.14414 
-174.194  7.06022 
-184.287  7.21838 
-277.013  1.86254 
-196.801  1.8489 
-187.388  1.991 
15.1101  2.29404 
-202.571  1.95038 
187.403  1.90189 
23.8914  8.29669 
-137.632  7.43406 
116.876  7.24759 
101.583  7.91031 
-130.103  7.13069 
211.671  6.94333 
101.169  7.68851 
-136.169  7.41724 
193.416  6.87969 
77.2797  7.76544 
-123.184  7.31443 
193.74  7.07812 
48.96  7.23157 
-203.12  7.06519 
158.848  6.92284 
96.0077  7.53481 
-200.147  7.06603 
130.038  6.53124 
112.325  7.36163 
-148.469  7.29583 
132.741  6.97311 
64.0898  7.12681 
-231.078  6.80729 
151.058  6.63948 
80.8062  7.32216 
-247.011  7.04759 
181.832  6.61568 
114.025  7.23314 
-182.934  6.82154 
162.52  6.65521 
78.1133  7.18243 
-152.472  7.03366 
121.95  6.91025 
121.962  7.00435 
-177.847  6.93645 
115.022  6.91863 
99.5033  7.20788 
-138.286  6.80047 
66.2354  6.65904 
89.3929  7.08597 
-188.788  6.76047 
97.0872  6.84999 
73.4518  6.81446 
-164.351  6.81242 
80.0246  6.63924 
59.6838  7.1332 
-198.381  6.96528 
129.042  6.66941 
105.499  7.19403 
-130.028  7.2617 
63.0649  7.23708 
68.4426  7.22132 
-179.444  7.22232 
61.9916  7.07012 
-18.3875  7.35944 
-149.053  7.1664 
90.8076  7.0823 
96.9467  7.38659 
-207.542  7.2487 
33.4798  7.41378 
113.476  7.4724 
-142.581  7.19371 
29.1013  7.46634 
10.999  7.43455 
-180.327  7.46773 
47.434  7.82648 
43.4587  1.87464 
-162.768  2.14324 
47.5511  2.32729 
43.053  2.06474 
-32.0149  2.17005 
12.8307  1.89436 
80.2391  7.70432 
-49.0182  7.4116 
-38.7845  7.87041 
22.6306  7.57493 
-73.4529  7.25854 
-53.3744  7.55091 
21.4296  7.41182 
-36.9176  7.24668 
-11.791  7.53279 
31.5783  7.44779 
-48.2029  7.05967 
-9.32474  7.80687 
75.6045  7.39907 
-88.1799  7.15499 
8.91043  7.06728 
91.6146  7.18171 
-20.2446  6.94835 
17.1469  7.16723 
103.959  7.12851 
-42.6718  6.94731 
33.8496  6.98803 
95.3966  7.14344 
16.9713  6.93224 
50.1811  6.84752 
107.239  6.97451 
-76.0417  6.90278 
43.8048  7.02228 
108.501  7.15358 
-23.2713  6.67574 
63.0958  6.71549 
89.5999  7.23002 
-57.2461  6.84591 
103.338  6.72754 
80.2832  7.35943 
-13.2028  6.62403 
57.7723  6.73686 
123.646  7.31324 
-16.0649  7.05393 
84.8181  6.83345 
70.3294  7.24723 
-13.1915  7.00235 
79.8073  6.76363 
113.5  7.37864 
-50.9519  6.98887 
140.618  7.0115 
62.4865  7.73228 
-47.0017  7.18203 
93.09  6.94596 
43.1441  7.71128 
25.2234  7.19959 
101.671  6.8517 
99.5893  7.92595 
-35.4019  7.39809 
139.146  7.0859 
85.1661  7.83261 
-30.8958  7.4778 
92.251  7.2846 
98.2487  7.9545 
-59.7826  7.62231 
94.6884  7.29968 
135.929  8.11484 
8.66262  7.26417 
63.3816  7.5041 
123.845  8.27148 
-43.7754  7.32006 
131.944  7.33262 
42.5191  2.19764 
-47.0212  2.03788 
107.467  1.92642 
-174.841  1.92985 
-48.6514  2.24951 
-117.681  2.11904 
-39.1195  7.42241 
-60.2255  7.37652 
-130.165  7.21569 
-98.3209  7.50863 
-73.6333  7.40771 
-74.873  7.09404 
-82.274  7.23522 
-30.3454  7.41603 
-106.857  7.25065 
-90.6188  7.28097 
-20.578  7.09808 
-51.2162  7.12614 
-92.3676  7.28498 
-43.9825  7.28722 
-97.5181  7.09187 
-25.3697  7.18359 
-53.7804  7.06039 
-85.5745  6.90997 
-113.2  7.21706 
-13.2283  7.28584 
-52.519  6.7684 
-58.6643  6.99538 
-30.2052  7.02433 
-42.2488  6.83248 
-49.6404  6.92244 
19.3483  6.75193 
-74.4278  6.69413 
-25.8152  7.24587 
79.285  6.83081 
-85.8637  6.84823 
-65.0756  7.37319 
37.47  6.95847 
-84.8784  7.02401 
-46.9678  7.8329 
-76.4426  7.00263 
-132.611  6.93883 
0.465445  7.22868 
-31.9012  7.41665 
-99.0358  6.74635 
-27.0772  7.89338 
5.55157  6.77107 
-120.612  6.50147 
3.67316  7.46043 
8.1704  6.92514 
-35.5687  6.67556 
8.37029  8.16156 
-11.6846  6.88657 
-51.9078  6.69699 
-2.90817  8.02043 
-54.5672  7.17948 
-13.5008  6.85062 
1.68169  7.58037 
-96.8213  7.26047 
-146.012  6.64569 
-25.6528  8.10546 
37.5343  7.78685 
-52.4764  7.06634 
-40.1305  7.93952 
3.64037  7.19887 
-49.9019  7.29964 
-46.9126  8.47918 
-25.3764  7.13097 
-60.9875  6.93539 
-1.7986  7.9003 
13.3059  7.74093 
-27.3156  7.05296 
-18.7006  2.28886 
-1.20978  2.03162 
-79.9984  2.14092 
96.6143  2.38386 
48.1745  2.08986 
134.842  2.00224 
64.9047  8.14282 
110.047  7.57504 
99.7653  7.20083 
69.9042  7.92634 
145.176  7.20942 
119.36  6.73037 
121.397  7.98165 
148.122  7.21173 
75.0008  6.97778 
63.362  7.97633 
136.232  7.22483 
138.7  6.74969 
29.2949  7.8299 
136.182  7.28537 
93.1296  7.08051 
86.6769  7.5225 
217.299  7.09817 
151.085  6.72674 
95.8926  7.5981 
179.115  7.01296 
142.303  6.6038 
45.0714  7.23016 
180.337  6.82096 
99.7352  6.43364 
103.942  7.22075 
123.677  6.91067 
215.726  6.17379 
95.2733  7.22989 
126.54  6.90199 
91.4548  6.35432 
134.861  7.13304 
183.191  6.85926 
110.892  6.5443 
121.303  7.11879 
229.798  6.68233 
151.464  6.50001 
100.187  6.98866 
120.434  6.90836 
101.243  6.60345 
122.189  7.00957 
183.069  6.95813 
102.977  6.48739 
117.259  7.08043 
66.6158  7.0535 
126.616  6.78238 
105.129  7.03684 
162.366  7.28886 
106.386  6.92194 
98.2158  7.18017 
150.652  7.25232 
38.7273  6.8931 
82.7521  7.08784 
84.9348  7.25671 
100.327  6.8221 
54.8413  7.23883 
130.834  7.33717 
87.6915  6.89707 
79.8223  7.20357 
97.963  7.63078 
112.225  6.96927 
99.1837  7.33904 
16.5486  7.68836 
62.1346  7.245 
102.379  7.47848 
60.7384  7.64585 
97.3481  7.45053 
75.899  1.90261 
30.0653  2.15842 
49.8941  1.95237 
157.962  2.21946 
297.993  1.85511 
61.1237  1.89149 
125.337  8.82442 
253.097  8.22983 
100.96  7.47047 
109.136  8.99109 
305.092  8.02361 
74.6704  7.76388 
137.678  8.38212 
249.248  8.03137 
68.5414  7.34613 
29.4522  8.5698 
280.059  8.40807 
141.808  7.69458 
40.6192  8.50274 
160.868  7.68675 
111.763  7.34983 
88.2245  8.43309 
174.693  7.98348 
160.155  6.80702 
94.3157  8.10826 
190.297  7.82971 
134.223  7.08694 
101.572  8.16851 
250.479  8.24383 
211.493  7.09163 
112.732  8.08687 
154.309  7.75928 
210.622  7.02004 
134.782  8.13681 
140.314  7.84463 
247.247  6.68957 
66.6313  7.92127 
149.287  7.6538 
238.036  6.95823 
114.202  8.05587 
50.7354  7.85948 
253.252  6.98887 
140.59  7.64911 
60.2031  7.92368 
259.534  7.09516 
49.4706  7.78771 
20.6357  8.32213 
208.212  7.22573 
115.268  7.90501 
36.4376  7.7538 
220.39  7.22086 
97.7733  7.67673 
24.3992  8.23111 
295.069  7.12249 
180.045  7.89769 
48.2734  8.11469 
208.316  7.34544 
100.148  7.97781 
46.7723  8.26051 
223.817  7.15597 
133.832  7.91019 
-10.6347  8.08756 
259.654  7.64671 
112.351  8.35726 
15.2762  8.553 
249.876  7.63434 
120.783  8.05244 
-60.5222  8.80256 
225.979  7.70704 
87.8984  8.22731 
-62.829  8.69232 
235.093  7.56111 
12.7551  2.03242 
-85.0169  1.88894 
184.007  1.98942 
2.6385  1.78939 
-84.5513  1.95925 
-48.4031  2.12923 
16.7449  7.48639 
-69.3339  7.54431 
-3.15016  7.73537 
10.4075  7.22222 
-50.3127  7.26327 
-4.50341  7.58097 
-50.1249  6.99057 
-19.0441  7.40795 
5.63873  7.69263 
87.323  7.0623 
-9.63768  7.20238 
1.33428  6.92184 
12.1237  6.82663 
-73.6329  7.24089 
10.317  7.32609 
77.0373  6.91795 
4.31768  7.13662 
-0.184292  6.94798 
44.7063  6.84998 
53.6761  7.05833 
-35.0609  7.23651 
85.1366  6.86066 
46.8837  7.19497 
41.6128  6.85871 
139.445  6.55217 
54.698  6.71091 
24.425  6.58836 
138.114  6.62433 
42.2607  6.66618 
115.366  6.70795 
100.502  7.03035 
13.0994  6.76279 
28.6918  6.56769 
94.0188  6.96555 
23.3431  6.83698 
19.5434  6.70386 
104.701  7.00847 
83.4746  6.88082 
-24.7768  6.62523 
72.3263  7.23055 
22.3193  7.18243 
81.1241  6.70419 
77.5549  7.41041 
57.3704  7.03396 
37.8814  6.69515 
133.808  7.29858 
82.8303  7.23889 
-19.7888  6.86685 
131.982  7.34106 
22.753  7.20657 
109.703  6.78276 
95.0554  7.47974 
36.699  7.32705 
132.65  6.65518 
116.324  7.69132 
28.9463  7.5046 
57.701  6.86373 
90.0094  7.75643 
106.696  7.19621 
18.2934  6.974 
96.9429  7.84651 
60.2826  7.34454 
53.7773  7.06379 
43.7909  7.83073 
86.9933  7.42973 
39.4241  7.1707 
103.777  2.05112 
70.7447  2.01281 
46.0113  1.97357 
-15.724  2.1389 
45.5403  2.00437 
-144.239  2.06126 
36.3543  7.68682 
108.539  7.47069 
-113.505  7.84871 
-20.7453  7.88482 
168.978  7.48787 
-51.6562  7.87339 
-28.4135  7.92481 
85.6726  7.25876 
-8.6596  7.56458 
88.9253  7.74108 
114.692  7.26857 
-10.5735  7.50411 
30.7087  7.70716 
96.974  7.22068 
-43.2278  7.36188 
16.3533  7.32686 
107.383  7.07658 
-45.3115  7.34624 
78.4545  7.54632 
113.243  7.075 
21.9135  7.41337 
45.8651  7.49151 
108.023  7.21213 
-8.78421  7.39269 
-25.3419  7.54804 
122.618  6.74048 
44.5646  7.08324 
-33.5114  7.85972 
112.682  7.07058 
26.4687  7.0836 
8.46407  7.56046 
72.7503  7.09867 
13.6302  6.875 
51.9083  7.43923 
6.685  7.33507 
35.4572  6.87529 
50.6123  7.42648 
3.75335  6.65476 
-47.1347  6.93242 
137.169  7.72263 
13.5102  7.28906 
12.4958  7.21822 
92.0041  7.92294 
42.6965  7.30724 
21.2697  7.05102 
90.2607  7.98158 
-27.2763  7.58146 
15.0183  7.2012 
114.986  8.18405 
-65.3972  7.48564 
43.137  7.02275 
124.695  8.40967 
-84.1317  7.45475 
12.1693  7.43486 
64.9261  8.30646 
-57.9819  7.8191 
8.26727  6.98369 
54.6033  8.3163 
-56.9724  7.91974 
-17.2273  7.20226 
178.11  8.32169 
-125.853  7.50827 
-33.8573  7.36066 
201.281  8.38855 
-106.513  8.17719 
-47.7371  7.52397 
187.146  1.949 
-139.965  1.94473 
-91.9781  1.91375 
-67.8484  2.02077 
92.8674  2.02982 
-36.6998  1.84944 
-54.3253  7.87368 
65.7969  7.37363 
-9.29288  6.92162 
-16.8793  7.9071 
73.6913  7.47718 
-31.2886  7.31875 
-66.1483  7.88224 
73.0067  7.1935 
-6.98784  6.86766 
-129.997  7.89689 
93.0446  7.32125 
-74.5088  7.0555 
-31.7831  7.71216 
91.0729  7.19811 
-118.952  6.85691 
-102.17  7.60644 
135.204  6.95125 
-92.7844  6.99636 
-90.2843  7.48728 
63.6661  6.98528 
-43.0489  6.68746 
-118.012  7.19158 
50.1264  6.94206 
-181.276  6.8349 
-92.9474  7.43506 
-20.5537  6.98344 
-141.952  6.90624 
-98.0202  7.34423 
13.2634  6.8118 
-20.2946  6.73252 
-63.1254  7.12697 
24.6239  6.70913 
-81.355  6.54241 
-135.985  7.09707 
-57.0894  6.98805 
-112.058  6.83789 
-181.654  7.18844 
-5.1991  6.85025 
-81.2067  6.71571 
-215.054  6.77159 
-32.7914  7.42451 
-108.387  6.71974 
-135.268  7.15295 
-44.9431  7.12972 
-119.863  7.09996 
-131.497  7.12315 
-109.818  7.09786 
-160.154  7.17195 
-85.9055  7.40114 
-41.7304  7.21091 
-100.277  7.21772 
-95.7327  7.36754 
-34.9  7.34434 
-68.68  7.10187 
-160.92  7.48096 
-25.5895  7.56885 
-124.049  7.28851 
-179.649  7.43099 
-134.69  7.70337 
-39.577  7.62895 
-208.689  7.40687 
-107.747  7.73579 
-171.297  7.49021 
-237.175  7.51501 
-102.184  7.6296 
-117.559  7.11104 
-231.333  1.9921 
-86.3759  1.98469 
-145.623  2.0553 
9.2682  1.93846 
226.2  1.91165 
242.56  1.8498 
39.0929  2.26213 
261.062  8.09576 
221.671  7.34194 
-39.1366  8.22368 
270.989  7.84621 
188.979  7.51452 
24.5725  8.08461 
218.57  7.57363 
172.013  7.41156 
-13.5454  8.15496 
291.05  7.90129 
207.06  7.44004 
8.78456  8.01739 
151.482  7.63875 
203.279  7.25355 
-42.6622  8.01662 
222.097  7.50713 
178.482  7.05634 
-84.6491  8.01801 
192.364  7.82495 
195.19  7.22285 
-103.466  7.87746 
137.548  7.76191 
238.085  7.09413 
15.4573  7.7603 
94.5829  7.71812 
223.41  7.17767 
0.764007  7.47178 
111.549  7.59198 
185.785  7.06187 
-77.6903  8.18357 
28.279  7.49611 
220.826  7.26252 
-23.1235  7.73814 
107.842  7.81592 
165.16  7.11781 
-6.0552  7.57962 
86.6192  7.60273 
242.92  7.27071 
-34.7883  7.84657 
50.443  7.65531 
246.97  7.11916 
-3.99033  7.36617 
-19.0145  7.77654 
186.738  7.46498 
52.5295  7.88777 
-6.95428  7.99308 
180.438  7.5955 
-4.39631  7.51641 
-26.8347  8.50434 
208.302  7.59045 
-13.9131  7.94179 
4.32851  8.09478 
160.806  7.4185 
-32.9445  7.66535 
-102.4  8.68665 
156.277  7.31334 
7.74007  7.76834 
-33.2881  8.22441 
203.193  7.84791 
-12.7766  8.16683 
-17.015  8.21128 
219.984  7.71831 
-47.9256  8.07988 
-74.4321  8.21636 
114.355  7.90808 
-58.7498  1.87177 
-95.5125  2.01325 
146.824  1.98032 
18.0467  1.91483 
-18.2051  2.03476 
45.6261  1.90188 
-19.2967  7.10778 
-38.442  7.28886 
77.9914  7.08521 
36.6295  6.93264 
-72.6629  7.65875 
120.723  7.03539 
22.6657  6.99395 
1.60814  7.58902 
101.984  7.21324 
44.1982  6.72874 
0.23346  6.8362 
99.1949  6.87534 
38.9561  6.78978 
-15.1405  7.08367 
41.7675  6.84723 
40.2451  6.57929 
-23.8175  6.87742 
108.092  6.84219 
23.3126  6.79392 
20.9422  6.88761 
123.812  6.77898 
33.8399  7.36384 
51.9849  6.68612 
163.537  6.86593 
3.07022  6.65348 
49.3334  6.79131 
53.8064  6.65541 
44.4561  6.77072 
68.6084  6.71069 
80.9549  6.62495 
64.2564  6.90205 
57.379  6.52486 
115.365  6.54609 
131.553  6.67363 
78.8285  6.53916 
45.5345  6.21634 
64.6578  6.90461 
105.684  6.59432 
106.863  6.41773 
13.8105  7.03585 
72.253  6.70114 
82.7353  6.46024 
38.6554  6.93689 
104.161  6.73313 
86.4397  6.46765 
114.92  6.65215 
136.377  6.72966 
37.8193  6.82965 
81.3013  7.03108 
90.6846  7.21197 
164.995  6.54882 
63.3623  8.04682 
129.508  6.83486 
181.486  6.60739 
-2.00802  7.22817 
75.3206  6.78716 
107.011  6.92141 
32.1126  7.54634 
91.0034  6.99207 
120.158  6.69264 
9.37726  7.30941 
89.8347  7.23393 
115.276  6.98423 
39.7988  7.4437 
81.4868  7.17969 
85.3666  7.03311 
-12.2541  2.00645 
32.818  1.99577 
51.7093  1.84591 
-95.3653  2.08248 
-85.9702  1.93882 
-86.3828  1.9235 
-59.6594  7.7191 
-95.374  7.98231 
-64.3325  7.99869 
-54.0132  7.54085 
-55.0751  7.94716 
-66.0134  7.70119 
-26.8975  7.10922 
-129.198  7.70387 
-18.2684  8.13415 
-77.1799  7.44679 
-172.5  7.83022 
1.01568  7.02947 
-59.6542  7.20226 
-57.231  7.59699 
-38.7974  7.33761 
-75.8561  7.49366 
-82.8912  7.49559 
17.3722  7.28683 
-54.4819  7.1464 
-87.7529  7.41592 
19.8322  7.8367 
-34.5157  7.28035 
-34.0476  7.37437 
3.60047  7.02604 
-59.5442  7.26441 
-92.6905  7.29853 
35.6177  7.16852 
-71.236  7.4329 
-42.4286  7.56784 
15.2625  7.20522 
-36.8938  7.46915 
-7.51428  7.79169 
-9.32352  7.09397 
-10.4876  7.22505 
-0.909301  6.84305 
-11.3455  6.97717 
-38.0026  7.3173 
-20.9317  7.22666 
23.9154  6.90241 
-10.4123  7.54901 
-83.6641  7.39875 
43.5278  6.98451 
-67.9401  7.51958 
-70.4797  7.51433 
47.9625  7.06312 
-97.3772  7.57586 
21.6882  7.40322 
21.7772  7.16974 
-40.8454  7.3855 
30.8168  7.7498 
67.4563  7.49041 
-71.7122  7.67949 
4.46521  7.39573 
-5.63225  7.13988 
14.222  7.85032 
10.423  8.11939 
14.591  7.26817 
-64.4173  7.857 
-0.0508543  7.23713 
-100.666  7.82816 
-64.793  7.93134 
-108.195  7.79653 
5.05904  7.02601 
-42.0699  8.0277 
11.3918  7.97169 
-33.449  7.76469 
-50.6794  2.03225 
-24.7339  1.93416 
-84.9579  1.86911 
-21.0395  1.87302 
87.2653  1.94451 
-155.281  1.95736 
-43.1042  7.706 
105.506  7.3513 
-149.653  7.05643 
-77.066  7.81674 
75.9067  7.17514 
-50.4153  6.96526 
-70.3699  8.31743 
105.681  7.07317 
-130.411  7.00562 
-11.957  7.46656 
84.515  7.27456 
-129.447  7.28235 
24.0021  7.45927 
63.1032  7.25944 
-64.7042  7.12856 
-74.3112  7.34214 
36.4529  7.29189 
-142.925  6.80155 
-69.1716  7.38955 
47.1857  6.99854 
-122.872  6.8757 
-71.7312  7.48505 
-7.57008  6.77256 
-107.63  6.93345 
-63.3621  7.43949 
65.977  7.3149 
-145.157  6.67378 
-90.8467  7.2274 
17.8051  7.00445 
-163.839  6.45036 
-35.8188  7.33511 
21.2508  6.92293 
-143.226  6.55242 
-121.705  7.15078 
-46.4992  6.75623 
-109.448  6.4481 
-99.4736  7.26326 
2.0015  6.85183 
-160.151  6.96438 
-103.643  7.72943 
1.00322  7.46733 
-160.403  7.11938 
-117.203  6.98039 
-77.7724  7.58719 
-149.821  6.87073 
-132.059  7.12043 
-6.38023  7.02616 
-29.3002  6.99092 
-108.295  7.35984 
-87.8994  7.62708 
-104.995  6.92757 
-208.625  7.34729 
-79.3369  7.18547 
-109.459  6.96814 
-125.138  7.47299 
-136.395  7.39457 
-138.95  7.08339 
-107.699  7.55382 
-78.1213  7.33881 
-209.374  6.98526 
-214.04  7.33643 
-91.564  7.53214 
-97.6657  7.37449 
-137.935  7.38064 
-108.525  7.54663 
-133.984  7.16114 
-100.601  1.87293 
-169.636  1.89544 
-154.868  1.95008 
