148.142  2.04681 
66.0816  1.97088 
-83.1901  2.02119 
155.01  8.20795 
66.164  7.47318 
-108.119  7.32633 
160.883  8.34688 
105.184  7.65077 
-140.707  7.21449 
169.92  8.22886 
21.6133  7.66017 
-140.04  9.10864 
117.808  8.25167 
136.693  7.56827 
-102.027  7.49432 
114.926  8.12426 
112.028  7.64803 
-58.9305  7.21734 
115.572  7.91141 
5.62717  7.20377 
-98.8397  7.26086 
111.813  8.0299 
72.2243  8.04508 
-151.207  7.71961 
97.3464  7.78124 
53.0682  7.28695 
-85.4387  6.98473 
110.53  7.82733 
46.2384  7.13407 
-97.1753  7.3346 
118.813  7.49231 
53.263  7.19158 
-111.861  7.0508 
17.2021  7.39687 
30.1559  7.12048 
-151.345  6.81804 
104.562  7.45535 
75.6919  7.22151 
-186.429  7.17079 
92.7532  7.50136 
65.9106  7.38894 
-173.613  7.55024 
59.1918  7.39048 
21.4585  7.51297 
-259.069  7.17558 
-15.9431  7.78124 
62.199  7.62307 
-225.132  9.77353 
-19.4163  7.48407 
74.3997  7.59605 
-253.504  7.52017 
22.004  7.54257 
67.3764  7.29503 
-213.057  8.62211 
33.4486  7.84418 
53.3507  7.72122 
-212.646  7.8156 
-30.787  7.86504 
80.8648  7.24124 
-263.756  7.52597 
50.5984  7.87657 
92.5344  7.46375 
-259.18  10.3538 
-44.5938  8.17003 
29.1524  7.76815 
-209.803  8.32421 
-32.9569  8.25699 
84.7725  7.68078 
-182.028  7.91583 
-67.1597  1.99045 
91.1028  1.81244 
-209.62  2.03738 
1.59388  1.82979 
-134.19  1.88552 
7.58443  1.80968 
-46.798  6.94301 
-121.126  7.14903 
-22.0772  7.05821 
10.6931  7.71821 
-160.371  7.65977 
-26.6278  7.52183 
-1.08765  6.77726 
-120.855  7.07228 
-38.9112  7.53098 
30.3813  7.03663 
-64.1217  7.24726 
1.01773  6.86875 
86.8648  6.73719 
-58.1482  6.75296 
-46.8182  6.89556 
43.0552  6.85776 
-91.9489  7.24702 
-26.9422  7.85457 
52.9458  6.67488 
-157.03  7.06006 
-1.1527  6.72982 
17.5118  6.83188 
-102.333  7.09054 
5.39543  6.72889 
-31.5974  7.14158 
-119.364  6.9173 
-32.7394  7.34266 
-6.53685  6.80411 
-86.0367  7.1338 
-2.36829  7.1265 
-28.2221  6.92025 
-66.1054  7.2877 
-10.7319  6.70797 
-50.6287  7.21513 
2.63616  6.58811 
-21.9541  8.45987 
-29.0809  7.14185 
-78.6311  6.83811 
-0.364171  6.50657 
-33.8744  7.56098 
-47.5393  6.92691 
28.9872  6.49838 
-131.813  7.53077 
-89.9462  7.07384 
-15.1183  8.57271 
-36.3928  7.40987 
-104.441  7.13929 
-48.1906  6.72738 
-16.7251  7.53242 
-52.2879  7.00586 
-29.235  7.03746 
-68.0404  7.52591 
-21.1142  9.11109 
50.5379  7.5215 
-31.2943  7.21006 
-61.7431  7.25885 
-37.6759  6.99691 
-14.8704  7.73539 
-46.1809  7.33334 
21.3105  6.9387 
-94.0277  8.20962 
-51.0408  7.42498 
-40.4895  7.03923 
-131.744  8.31813 
-65.0925  7.47734 
-100.215  8.90938 
-79.9982  2.29053 
-9.81022  1.85594 
-4.35814  2.00242 
3.41395  1.93885 
-76.3219  1.95968 
34.374  1.86863 
-16.9901  7.44321 
-5.50495  7.25648 
36.3611  7.45606 
44.6752  7.33898 
16.2497  8.00716 
31.5205  7.66534 
12.1966  7.54404 
-4.50373  7.18338 
52.4071  7.58689 
38.5437  7.39637 
11.1602  7.32379 
22.5532  7.35247 
95.0704  7.51154 
24.365  7.28708 
23.0086  7.18493 
123.52  6.88307 
38.2375  7.06391 
75.8116  6.93039 
75.0149  7.18134 
-42.9148  7.29441 
-16.9648  7.10754 
65.1918  7.11259 
-7.87709  7.52054 
24.9606  7.51381 
95.1858  7.07249 
-0.545345  6.76985 
-2.99082  6.67641 
76.3941  7.24724 
-42.2562  7.06499 
45.5965  6.80759 
71.0653  7.1613 
-129.639  7.0844 
80.8  7.08593 
93.3994  7.31093 
-67.6847  6.93258 
85.7347  6.82565 
35.6505  7.32371 
-46.1759  7.17242 
23.3466  6.68854 
116.713  7.61709 
-96.2786  7.43375 
47.4466  6.66421 
65.2271  7.32818 
-124.495  7.23716 
25.6571  7.23882 
70.2408  7.62206 
-138.139  7.32759 
-1.73565  6.89453 
87.5291  7.84419 
-112.664  7.39387 
3.08988  6.50789 
64.4689  8.01564 
-88.2857  7.47992 
18.0996  6.88834 
-3.07086  7.79574 
-91.6219  7.69165 
22.3644  7.18321 
113.598  7.79488 
-106.767  7.46441 
17.7375  7.66036 
154.289  8.17292 
-46.1639  7.38636 
2.20732  6.72228 
71.0841  8.30527 
-21.1502  7.789 
38.7623  7.1457 
109.752  2.1745 
-69.2657  1.98883 
28.6367  2.02995 
-54.4444  2.21379 
33.3751  2.13229 
-23.2342  1.84368 
-53.601  8.28455 
103.706  7.58207 
-17.2142  7.35678 
-141.124  8.6297 
86.4309  7.71531 
-5.51792  7.50051 
-103.535  8.14481 
40.3401  7.39305 
21.2404  7.47353 
-88.7877  8.55304 
58.7144  7.61841 
-21.7116  7.64549 
-79.3817  8.45116 
9.8324  7.30893 
-65.8753  7.09402 
-189.391  8.33261 
66.9312  7.48686 
-60.1429  7.15042 
-112.129  7.9062 
3.73434  6.96439 
-53.8117  7.01952 
-159.267  7.97625 
16.9586  7.61542 
-3.95308  6.80987 
-130.11  8.10617 
37.6045  7.24265 
-9.60091  7.48324 
-122.109  8.04602 
93.8545  7.49555 
-21.8207  7.38006 
-151.98  8.07337 
139.427  7.06809 
-86.5469  6.94491 
-131.969  7.8897 
46.7002  7.11914 
-31.2361  7.21935 
-109.393  7.91382 
158.453  7.03493 
-30.5786  7.20208 
-121.123  7.53858 
117.549  7.05489 
-13.5063  6.98148 
-106.496  7.92797 
54.2736  7.29231 
-50.5523  6.99912 
-25.7737  7.85019 
3.12017  7.13948 
19.47  7.43886 
0.539936  7.42181 
70.4157  7.8994 
10.1353  7.35878 
-13.3351  7.65013 
48.3285  7.53188 
43.9477  7.63398 
27.3361  7.87799 
66.6359  7.3397 
10.8896  7.42258 
-80.0589  7.932 
2.94617  7.60072 
-23.3889  7.77399 
9.79214  7.92548 
48.5412  8.12764 
-68.6894  7.8471 
-19.5002  8.08467 
45.046  7.62685 
-74.9979  7.64153 
38.289  1.91984 
46.5952  2.16758 
-7.1056  1.87153 
-30.0767  1.873 
157.042  1.94067 
20.113  1.89279 
41.6642  8.02542 
123.78  7.61809 
-8.63496  7.40467 
-11.9718  7.53796 
100.075  7.27821 
11.8362  7.09895 
-26.4004  8.1425 
170.162  7.54291 
5.46756  7.20119 
-23.4958  7.76382 
159.947  7.42751 
-9.15821  7.31027 
-54.4254  7.75195 
131.619  7.45583 
-25.4805  7.45982 
-47.0252  7.62699 
178.739  7.55974 
40.5306  7.07769 
-12.6971  7.69758 
116.12  7.33278 
-7.29298  7.08481 
-69.388  7.59405 
152.493  7.33885 
39.6386  7.34016 
-6.59503  7.59446 
152.002  7.21078 
79.1296  6.86837 
-128.518  8.00571 
135.223  7.15431 
22.8099  6.76109 
-48.9269  7.64814 
158.431  7.2057 
55.7309  6.88765 
-83.4865  7.27937 
104.488  7.08921 
0.418908  6.80828 
-75.1899  7.38176 
167.515  7.26984 
16.7923  7.76166 
-122.987  7.22703 
136.373  7.01784 
15.4159  6.8025 
-67.9152  7.67211 
146.23  7.12867 
-0.521662  6.65897 
-43.6495  7.54714 
112.364  7.15644 
23.8414  7.60901 
-92.7544  7.68594 
119.49  7.18729 
0.61328  6.97397 
-84.1347  7.47034 
123.441  7.36888 
75.012  7.78599 
-74.9256  7.87057 
59.7251  7.54563 
-17.4006  7.63751 
-113.412  7.59515 
25.71  7.81373 
-71.3503  7.66334 
-101.123  7.88255 
79.7389  7.37783 
-63.9136  7.5947 
-170.122  7.84108 
67.7236  7.70443 
-45.285  7.82626 
-136.399  1.92022 
25.1113  1.94627 
-134.322  1.93252 
-46.8131  1.94782 
-124.502  1.84764 
-102.15  1.87865 
-50.8514  7.2149 
-206.121  7.38687 
-84.4007  7.53432 
9.9178  6.98262 
-159.298  7.63608 
-51.3836  7.14772 
-46.7348  7.18661 
-211.972  7.42037 
-145.004  7.10438 
-52.8451  7.0455 
-147.818  7.25562 
-38.1672  7.23442 
-82.131  6.97885 
-108.449  7.28551 
-57.5139  7.52933 
-74.306  7.02278 
-207.953  7.31603 
5.60128  6.84211 
-31.4994  6.90276 
-195.081  7.45936 
-16.4903  6.88098 
-56.7692  6.79133 
-195.727  6.95856 
-9.65166  6.63938 
-62.7057  6.7761 
-85.3437  6.99303 
-43.3729  7.05564 
-84.4618  7.53847 
-119.298  6.88773 
-58.0754  6.8315 
-0.385742  6.78418 
-110.955  6.93008 
-31.238  6.96058 
-61.9701  7.18191 
-146.283  7.05052 
19.1423  6.79988 
-26.5582  7.03589 
-98.502  7.08757 
-71.3995  6.66387 
-82.187  7.19707 
-105.96  7.07192 
-71.7984  6.67215 
-34.7317  7.2998 
-38.6149  7.06548 
-35.2319  6.57085 
-95.2831  7.40297 
-83.8629  7.23191 
17.4647  7.61826 
-42.8203  7.18948 
-111.142  6.89978 
-2.66603  6.54874 
-110.533  7.28994 
-104.25  7.21189 
-13.2932  6.97986 
-37.9108  7.34867 
-84.7226  7.38018 
-8.03529  7.08705 
-53.9706  7.10275 
-53.1161  6.87149 
7.86998  6.73044 
-104.828  7.56897 
-78.606  7.27802 
-18.7021  7.34453 
-148.228  7.45467 
-70.4184  7.48272 
2.03177  6.8404 
-178.746  2.04967 
-114.22  2.03677 
-45.6747  1.84352 
-63.9979  2.12516 
-133.657  1.9768 
6.59483  1.91033 
-157.064  8.01473 
-65.4476  7.75457 
-18.5654  7.28566 
-93.0154  7.83933 
-6.01919  7.1642 
12.8838  7.39839 
-75.4205  7.58587 
-117.778  7.28292 
19.1086  7.501 
-49.3335  7.51666 
-48.3874  7.2127 
21.6318  8.07689 
-100.863  7.56183 
-54.4358  7.24518 
-1.44726  6.86397 
-42.8269  7.24334 
-74.1148  6.92478 
-24.0654  7.21807 
-81.9821  7.38889 
-16.034  7.1766 
4.44333  6.89717 
-59.6319  7.55894 
-18.9774  6.84422 
62.0333  6.76591 
-2.31748  6.94096 
-13.25  7.16769 
37.8131  7.02645 
-27.8579  7.31181 
57.2932  7.10022 
43.2393  7.04627 
-55.4217  7.41199 
-28.2206  7.42111 
51.2346  6.83567 
-93.7562  7.64945 
6.33865  7.13405 
83.938  6.67203 
-65.0652  7.5905 
-3.13385  6.53978 
78.1668  6.69541 
-8.44424  7.4298 
21.5241  7.07255 
106.099  6.79548 
-32.7352  7.58645 
-26.1942  7.08804 
84.0902  6.63503 
26.1873  8.05817 
-28.5424  7.24605 
17.4614  6.98064 
4.30127  7.10449 
-26.3261  7.12828 
70.3337  6.53238 
26.152  7.28345 
-23.2662  6.75931 
25.76  6.59013 
-21.3051  8.34036 
15.8657  7.39697 
78.9622  6.97347 
-5.11469  7.16876 
-25.9038  7.17551 
27.2255  7.65329 
17.1323  7.89366 
8.69852  7.17918 
34.0846  7.18157 
46.9082  8.01076 
42.9548  7.39218 
27.6239  7.19652 
26.1237  1.94809 
22.9651  1.90042 
-9.39521  1.87607 
139.688  1.81761 
177.897  1.89669 
166.112  1.89142 
143.114  8.66034 
138.816  7.75043 
150.606  7.41486 
184.926  7.94191 
106.386  7.72415 
191.016  7.28967 
144.086  7.87983 
132.448  7.6039 
168.17  7.42938 
173.015  7.58465 
137.469  7.73859 
161.371  7.33541 
155.527  7.54389 
57.3855  7.70726 
245.795  7.19504 
103.342  7.88498 
82.2994  7.48746 
92.639  7.32129 
108.79  7.48242 
69.2414  7.22074 
184.12  6.97383 
130.035  7.8393 
99.666  7.61293 
198.441  7.18936 
120.687  7.75786 
59.5626  7.41808 
77.0984  7.09675 
43.6013  7.53335 
94.3282  7.60927 
131.418  7.20027 
92.5514  7.43243 
25.4042  7.45735 
172.412  7.03144 
120.835  7.52242 
65.7519  7.38675 
61.6217  7.1728 
78.315  7.50793 
-23.9349  7.56549 
106.165  7.22174 
47.7009  7.46164 
66.807  7.3695 
94.4477  7.34428 
53.7607  7.19274 
85.6526  7.18219 
-1.52222  6.92285 
46.9723  7.48048 
66.3419  7.53719 
74.1535  8.00968 
10.2621  7.58721 
-5.99744  7.54603 
89.9684  7.42855 
59.6502  7.56142 
91.2543  7.98566 
23.2775  7.53985 
10.7517  7.72995 
64.3338  7.92101 
43.3933  7.50962 
1.07814  7.80753 
-14.4802  7.84128 
32.229  7.68022 
-40.1854  8.1204 
44.36  7.69933 
41.1403  7.67446 
-50.0398  8.07167 
50.4228  7.78907 
57.8063  7.96308 
-45.2309  1.92681 
37.6691  1.91662 
-15.2082  2.17056 
-43.0976  1.87224 
-99.2207  1.81857 
-66.2489  2.03866 
40.2131  7.2929 
-166.943  7.03711 
-12.8674  6.87492 
91.8278  7.13733 
-108.542  7.02209 
11.164  6.60449 
44.7394  7.10169 
-139.646  7.41482 
-44.5839  6.60303 
95.8109  7.29366 
-127.533  6.81485 
-112.941  6.68258 
0.738102  6.94162 
-141.519  7.08992 
-72.7062  6.50801 
41.9227  6.85519 
-163.647  7.03915 
-73.7634  6.52614 
35.8159  6.98112 
-128.384  7.19774 
-63.5545  6.48901 
92.7158  6.71953 
-125.158  6.75192 
-59.2682  5.97586 
-48.9748  6.9849 
-46.6532  6.62345 
-68.7449  6.2383 
24.867  6.85772 
-79.8599  6.81157 
-80.6642  6.49168 
7.42917  6.62572 
-69.4616  6.72853 
-43.4758  6.54742 
50.1237  7.07519 
-60.9365  6.49869 
-33.8842  6.56696 
42.0016  6.52781 
-119.178  6.60241 
-89.6171  6.43749 
92.6474  6.73952 
-104.16  6.55002 
-39.0993  6.50452 
9.05108  6.59384 
-106.088  6.799 
-65.1793  6.74124 
52.7108  6.68106 
-99.1104  6.87945 
-35.2369  6.91169 
52.6313  6.88004 
-96.6981  6.73614 
21.8608  6.77461 
60.6426  6.84105 
-89.9057  6.96218 
-104.971  6.881 
5.94142  6.68964 
-63.973  6.67583 
-8.37765  6.6431 
49.5924  7.14103 
-75.3522  7.08395 
-117.661  6.94064 
29.5073  7.14171 
11.533  7.00059 
-76.7115  7.07192 
48.9758  7.41103 
-83.8959  7.20649 
-36.2438  7.21715 
94.8753  2.10332 
-73.7858  1.96056 
-21.6398  1.83888 
-137.127  1.96625 
-208.792  2.11784 
-79.6491  2.12658 
-121.859  7.14677 
-182.738  6.85402 
-119.872  6.69948 
-87.0233  7.26088 
-135.818  6.81122 
-182.226  6.8208 
-64.9677  7.2026 
-173.305  6.93768 
-137.123  6.85511 
-91.919  7.02883 
-152.219  6.72645 
-96.0497  6.87912 
-42.5224  6.62645 
-194.178  6.61327 
-121.645  6.26887 
-98.5062  6.67604 
-165.884  6.71734 
-138.501  6.56426 
-102.734  6.88768 
-72.0179  6.43448 
-87.0042  6.42827 
-86.4083  6.54952 
-91.7102  6.18766 
-94.9441  6.14474 
-91.0763  6.6882 
-43.8229  6.25277 
-184.702  6.37591 
-61.2678  6.61224 
-109.459  6.24325 
-187.092  6.3975 
-87.1173  6.86742 
-40.5  5.96662 
-126.302  6.30385 
-181.449  6.75157 
-15.0111  6.34098 
-151.516  6.52829 
-102.008  6.8581 
-76.1255  6.43404 
-124.764  6.26446 
-109.288  6.64029 
-111.051  6.21268 
-219.618  6.36714 
-142.449  6.90664 
12.2815  6.51292 
-199.022  6.44411 
-131.991  6.76356 
-49.2923  6.49874 
-221.13  6.35583 
-160.103  7.02618 
-22.1522  6.49138 
-160.768  6.45554 
-209.228  7.05508 
-116.373  6.70794 
-176.481  6.46348 
-164.699  6.79623 
-108.109  6.56762 
-179.733  6.32365 
-68.3381  7.2419 
-97.9871  6.77191 
-245.206  6.61868 
-122.571  7.25317 
-104.481  6.60082 
-121.273  6.51637 
-179.992  7.25282 
-35.9723  6.86234 
-149.407  6.87792 
-133.146  1.87662 
-123.472  1.92973 
-201.912  1.87962 
218.321  2.08611 
-8.99372  1.85575 
-41.4114  1.9129 
253.925  7.05555 
-126.476  6.77214 
-38.2273  6.65392 
220.621  7.48993 
-12.67  7.26561 
-30.2088  6.8612 
180.261  7.00703 
40.7478  6.41042 
11.4646  6.18593 
127.257  7.47398 
26.4859  6.6823 
49.1804  6.69748 
210.57  7.14412 
-74.0423  6.44443 
28.4373  6.23216 
127.678  7.17116 
32.5483  6.75569 
30.6679  6.82126 
61.3602  7.05502 
36.0142  6.39619 
-14.0679  6.48836 
100.582  7.24868 
13.77  6.66437 
33.3829  6.52252 
58.3964  6.97125 
47.2567  6.42968 
-22.2601  6.14576 
73.7208  7.22719 
25.332  6.30408 
-4.06346  6.3567 
-12.6196  7.22276 
32.5422  6.40711 
54.7782  6.51037 
25.2507  7.21089 
71.7296  6.34884 
-20.3855  6.6657 
41.3242  7.26836 
81.9075  6.45391 
67.7048  6.20369 
34.0279  7.35922 
45.3007  6.46801 
-45.8216  6.48863 
-59.5379  7.23221 
30.6963  6.42246 
55.6978  6.05868 
-104.094  7.59194 
138.247  6.5274 
72.6881  6.41965 
-84.939  7.26973 
92.1027  6.41664 
-1.20439  6.12125 
-144.811  7.98864 
80.1953  6.61314 
-7.0702  6.72115 
-214.225  7.35338 
-40.1222  6.6093 
86.7016  6.52283 
-113.971  7.76471 
35.57  6.77855 
-28.0705  6.33447 
-214.526  7.43483 
12.8512  6.68741 
11.5482  6.31397 
-206.985  7.51563 
-32.1387  6.4587 
42.1017  6.24837 
-167.474  1.82139 
-0.117772  1.9894 
8.97894  2.00795 
-5.99945  1.92306 
-155.498  2.00167 
-69.1492  1.9361 
-15.8859  7.16333 
-180.344  6.99348 
-23.3171  6.8011 
-17.9027  7.17353 
-124.747  7.21037 
5.64531  6.76452 
-86.6763  6.91792 
-125.241  6.86797 
56.1482  6.92906 
30.6219  6.93953 
-128.637  6.62979 
0.290633  6.80352 
-70.6877  6.59159 
-136.806  6.36894 
-3.89026  6.17092 
-90.4314  7.42164 
-195.797  6.55867 
16.5878  6.80985 
2.05132  6.94938 
-144.639  6.59039 
3.94193  7.09175 
-67.8322  6.97515 
-203.129  6.57938 
1.51636  6.88021 
-49.2344  6.8491 
-147.337  6.6527 
-1.18355  6.40817 
-58.0226  6.92102 
-219.974  6.68546 
32.7313  6.30735 
-4.99133  6.66569 
-182.184  6.45272 
60.1204  6.38076 
-30.6212  6.95908 
-161.968  6.44171 
59.1588  6.31831 
-50.566  6.92448 
-173.864  6.52455 
94.1476  6.32597 
43.3959  6.60732 
-173.771  6.4531 
82.6104  6.32282 
26.5529  6.54764 
-235.606  6.46398 
57.7923  6.39355 
-47.6373  6.56065 
-175.343  6.58928 
46.1868  6.3782 
-51.362  6.67573 
-143.453  6.78061 
62.8185  6.58302 
29.7276  7.01297 
-169.127  6.90829 
99.9746  6.86813 
20.5477  7.04068 
-65.0238  7.00466 
71.6206  6.69096 
88.4801  7.53879 
-125.428  6.65215 
117.547  6.49466 
3.59349  6.99578 
-110.008  6.8081 
39.1167  6.91519 
88.2873  7.15335 
-83.3146  6.92913 
45.5641  6.86241 
69.1145  2.03441 
-69.0739  1.86856 
24.4518  2.01612 
-17.8628  2.18135 
-74.7965  1.85781 
102.917  1.99098 
9.18484  7.42136 
-48.2014  6.95135 
58.2612  6.60864 
66.6866  7.40407 
-11.5136  6.92226 
163.52  6.493 
45.4496  7.30097 
-44.9091  6.84829 
152.546  6.32247 
-17.9882  7.4492 
6.11283  6.41747 
82.6239  6.58353 
24.7813  7.10216 
-50.5778  7.24227 
128.187  6.55784 
-25.0941  7.14015 
16.9254  6.77351 
60.4044  6.4948 
-10.7825  7.0967 
-87.8992  6.49663 
76.0155  6.55214 
14.8041  7.33075 
53.589  6.45079 
185.365  6.19504 
2.40154  6.87854 
3.53113  6.30668 
80.2678  6.45586 
11.2995  7.42576 
-50.9136  6.93519 
116.026  6.31335 
-23.0281  6.72286 
-1.78793  6.25081 
99.2657  6.4046 
-15.3716  6.89949 
-18.8826  7.1821 
31.1961  6.58054 
-44.4465  6.88947 
-64.0054  6.54811 
117.015  6.673 
-37.9215  6.86138 
51.1413  6.72469 
80.9512  6.58132 
-67.2646  6.76065 
-20.0176  6.87001 
69.6471  6.59573 
-26.0223  7.0824 
8.61611  6.68922 
118.428  6.53952 
-27.4796  7.02714 
12.9585  6.96303 
150.227  6.72066 
-140.076  7.18519 
-67.3966  7.04199 
140.921  6.74676 
-104.673  7.27331 
-43.8291  7.04129 
189.265  6.74846 
-162.407  7.08284 
35.236  6.71451 
135.495  6.87669 
-101.29  7.50952 
-54.7514  7.01472 
59.0701  6.95659 
-115.24  7.24709 
-4.87381  6.81302 
55.1798  6.77334 
-118.97  1.83911 
-51.1362  2.05467 
109.032  1.89446 
-40.3231  1.81294 
-302.119  1.95052 
36.1123  1.84147 
-77.0931  6.88976 
-231.512  7.55284 
-33.8814  7.09765 
-81.3881  7.37371 
-261.744  7.14704 
40.3021  6.70136 
-32.8233  7.6417 
-207.235  7.07469 
45.4434  6.77496 
-0.615062  6.58949 
-209.385  7.16806 
-19.2266  6.6294 
24.1425  6.61073 
-161.474  7.03221 
-23.8377  7.14389 
22.11  6.60039 
-180.322  6.98223 
2.24558  6.51333 
-137.93  6.54048 
-158.381  6.85268 
24.8905  6.37235 
-35.7255  6.54071 
-119.093  6.56545 
17.9427  7.02089 
-12.4036  6.39856 
-186.685  6.98004 
-3.87095  6.29765 
-40.7571  6.25872 
-132.558  6.67087 
-20.2879  6.48404 
-23.7279  6.30698 
-182.967  6.66481 
-24.6837  6.37748 
-40.5749  6.58813 
-114.463  6.57252 
-17.9661  6.44237 
-9.27274  6.51939 
-116.381  6.64587 
-71.1508  6.17402 
-30.4886  6.65091 
-66.7428  6.56456 
-38.0713  6.15734 
52.0388  6.55668 
-46.257  6.4629 
-79.3189  6.5319 
-12.4543  6.73165 
-43.1365  6.48734 
-92.9083  6.38978 
25.3069  6.81476 
9.78697  6.59035 
-56.1718  6.38588 
8.34886  6.76716 
-66.5821  6.77396 
-122.562  6.48348 
-27.6437  6.93823 
13.2773  6.75406 
-44.2476  6.46587 
-15.8188  6.99164 
31.5791  6.4296 
-94.2588  6.36509 
-16.6472  6.96618 
82.4105  6.57881 
-88.2368  6.53048 
14.2609  6.96447 
42.1764  6.80781 
-83.256  6.82844 
-35.7806  1.75817 
-14.3861  1.87305 
-98.0764  1.99947 
-18.3044  2.07952 
-119.085  1.88418 
-60.1036  1.87184 
-65.4123  7.13458 
-35.1773  7.05083 
-58.423  6.86479 
-7.95771  6.78696 
-76.4846  7.04322 
-84.9941  7.24317 
30.5289  6.81698 
-82.6391  6.98262 
-67.2454  7.03471 
50.0821  6.72117 
-29.8887  6.84188 
-61.1754  7.0307 
31.8982  6.70121 
-34.2083  6.83942 
-93.813  6.41177 
10.3388  6.70464 
16.3374  6.84079 
-30.8702  6.84483 
73.8612  6.55467 
-10.578  6.98078 
10.4126  6.70912 
71.3262  6.67978 
70.032  6.87647 
-29.0258  6.90256 
30.6103  6.61174 
-9.34946  6.5712 
-7.88831  6.47417 
78.2613  6.69586 
-31.3639  6.76853 
32.0772  6.58477 
54.7729  6.65224 
-44.2652  6.60504 
-52.7028  6.53465 
35.6883  6.66649 
-88.7399  6.44399 
-14.5116  6.69623 
111.535  6.60097 
-80.7612  6.72808 
81.5732  6.22476 
40.7919  6.83162 
3.71154  6.96914 
55.8312  6.33783 
55.9726  6.75223 
2.07867  6.47881 
101.167  6.24875 
35.2477  6.80051 
-48.2367  6.725 
58.6593  6.22694 
103.576  7.29168 
8.84356  6.65858 
89.8535  6.32722 
3.03349  7.07545 
13.691  6.84653 
22.3434  6.52159 
6.01682  6.93348 
74.554  6.7869 
21.6437  6.44676 
25.5637  7.18026 
7.84946  6.89259 
45.936  6.81419 
85.7222  7.14554 
41.3927  6.97445 
-11.0338  6.64627 
141.075  7.14003 
45.6095  6.98785 
-12.2204  6.90591 
75.1934  1.9145 
-10.8373  1.9728 
0.835255  1.86072 
-124.38  1.98125 
-168.49  1.86652 
-54.4386  1.87836 
-181.298  7.31371 
-106.997  6.81966 
-60.7015  6.38678 
-155.013  7.3014 
-129.358  6.79301 
-2.37592  6.34872 
-130.216  7.25839 
-157.282  6.81322 
-8.83084  6.8732 
-107.057  7.24896 
-56.7204  6.47951 
-58.3356  6.36111 
-185.886  7.05658 
-106.101  6.52492 
-31.5487  6.46958 
-126.815  7.05324 
-117.259  6.46434 
8.37114  6.12298 
-163.449  7.13467 
-86.5569  6.52318 
-41.1637  6.40404 
-152.062  6.82152 
-108.402  6.4369 
-56.6166  6.08823 
-119.629  6.50692 
-165.447  6.30289 
-34.5874  6.13574 
-148.421  6.88929 
-102.877  6.32739 
-108.643  6.40118 
-203.235  6.79246 
-85.4303  6.2636 
-26.8802  6.36219 
-183.794  6.73615 
-163.692  6.60927 
-87.7659  6.44849 
-252.115  7.01029 
-117.261  6.4126 
-124.106  6.54987 
-160.851  6.83649 
-165.695  6.55573 
-91.3315  6.84513 
-219.377  6.68309 
-202.808  6.64763 
-114.588  6.62302 
-224.494  6.82555 
-178.926  6.64464 
-112.03  6.65727 
-220.364  6.94373 
-164.403  6.83224 
-62.7575  6.7558 
-192.554  7.03914 
-135.372  6.95821 
-200.609  6.92752 
-213.82  6.9945 
-163.829  7.02351 
-78.0463  6.8758 
-260.049  7.04853 
-200.158  6.84931 
-146.817  6.85775 
-168.568  7.19852 
-176.332  6.85291 
-132.833  6.9678 
-275.95  7.43543 
-173.63  6.99666 
-183.649  6.95468 
-276.63  1.85828 
-196.42  1.85725 
-186.853  1.97992 
14.907  2.33047 
-202.155  1.94337 
186.884  1.90909 
23.6385  8.03235 
-137.645  7.35908 
115.636  7.29771 
100.982  8.17092 
-130.067  7.32971 
210.87  7.119 
100.292  7.82906 
-135.929  7.21856 
192.02  6.82365 
76.3221  7.78147 
-123.123  7.28175 
192.194  6.85102 
48.0351  7.28849 
-202.914  7.05964 
157.564  6.69083 
95.1555  7.46407 
-200.038  6.9457 
128.54  6.66465 
111.334  7.55569 
-148.425  7.17126 
131.392  6.80462 
63.2324  7.13301 
-230.951  6.73625 
149.96  6.65402 
80.1412  7.33891 
-246.558  6.8924 
180.479  6.67453 
113.27  7.15378 
-183.089  6.81173 
161.518  6.61941 
77.3072  7.15675 
-152.596  7.13975 
120.753  6.83064 
120.628  7.01967 
-177.566  6.80515 
114.189  6.91456 
98.4139  7.05962 
-138.094  6.79635 
65.4945  6.7374 
88.7274  7.10237 
-188.781  6.8213 
96.3825  6.94456 
72.5288  6.85499 
-164.338  6.90507 
79.0075  6.76037 
58.899  6.86291 
-198.053  6.89322 
128.362  6.76189 
104.642  7.11245 
-130.602  7.2679 
62.4055  7.06792 
67.5978  7.0331 
-178.728  7.27524 
61.2673  7.01397 
-18.8599  7.32404 
-149.437  7.11497 
89.7495  7.1586 
96.875  7.43549 
-207.568  7.3166 
32.6579  7.43616 
113.255  7.65692 
-142.444  7.25513 
28.3512  7.30335 
10.3787  7.38056 
-180.101  7.58254 
46.8762  7.71935 
43.0053  1.96264 
-162.824  2.16064 
46.9588  2.29268 
42.9207  2.01279 
-31.9226  2.20315 
12.6746  1.95651 
80.0329  7.68099 
-48.935  7.36767 
-38.6947  7.8103 
22.2476  7.56189 
-73.5186  7.11703 
-53.726  7.58585 
21.4606  7.59244 
-36.6038  7.31021 
-11.9217  7.53969 
31.2013  7.47765 
-48.1791  7.02149 
-9.38094  7.25489 
75.0794  7.50291 
-88.0925  7.19206 
8.86764  7.21165 
90.6511  7.41102 
-19.9719  7.05182 
16.7579  7.22871 
103.372  7.02009 
-43.1292  6.86243 
33.7844  6.96394 
94.8206  7.1308 
16.4665  6.84478 
50.0346  6.80726 
106.548  7.19429 
-75.8347  6.93122 
43.805  6.90509 
107.789  7.12548 
-23.5319  6.7156 
62.9705  6.75336 
88.6244  7.17759 
-57.0179  6.78124 
102.922  6.8112 
79.4732  7.42896 
-13.2222  6.7112 
57.4489  6.67366 
122.999  7.47456 
-16.4223  7.01582 
84.744  6.68084 
69.769  7.44995 
-13.496  6.96455 
79.7483  6.727 
112.665  7.56967 
-50.6443  6.95995 
140.201  6.9001 
61.9956  7.88797 
-47.3716  7.24845 
92.7988  7.05219 
42.5478  7.96888 
25.0435  7.17946 
101.338  6.86933 
99.3661  8.03108 
-35.2152  7.50961 
139.187  7.17339 
84.6411  8.02117 
-31.0991  7.49277 
92.2022  7.40861 
98.1186  8.26033 
-59.8632  7.63865 
94.7961  7.33998 
135.099  8.27705 
8.10259  7.23103 
63.2041  7.58506 
123.067  8.17638 
-43.3567  7.49461 
131.961  7.35125 
42.4963  2.189 
-47.2725  2.05338 
107.577  1.97205 
-174.407  1.888 
-48.6523  2.26796 
-117.428  2.0512 
-38.9527  7.52453 
-60.3178  7.37608 
-129.88  7.33031 
-98.5588  7.53298 
-74.0141  7.45677 
-74.8594  7.29887 
-82.6233  7.51729 
-30.6055  7.41229 
-106.531  7.2994 
-90.6885  7.45733 
-20.8172  7.30879 
-50.9944  7.05039 
-92.7025  7.4707 
-44.7557  7.31146 
-97.7337  7.20401 
-25.8008  7.45909 
-54.3816  7.26916 
-86.3072  7.0707 
-112.88  7.4715 
-14.1102  7.30906 
-52.5153  7.05293 
-58.9208  7.08789 
-30.6679  7.11356 
-42.5956  6.93546 
-50.0364  6.92233 
18.7831  6.91975 
-74.3226  6.76062 
-26.0133  7.27194 
79.0416  6.83286 
-86.0885  6.75955 
-65.2858  7.48408 
37.1242  7.11712 
-84.9849  6.96346 
-47.3861  7.94158 
-77.1295  6.88523 
-132.918  7.0423 
0.427472  7.30489 
-32.6242  7.33813 
-98.9903  6.92214 
-27.4334  7.97467 
4.67068  6.95378 
-120.169  6.49348 
3.10569  7.52542 
7.58161  6.96226 
-35.3975  6.89618 
8.51723  8.12794 
-12.3531  7.32133 
-52.1676  6.86293 
-3.23505  8.14828 
-55.0912  7.21178 
-13.8001  6.92177 
1.80131  7.51014 
-97.0397  7.43866 
-146.32  6.89844 
-25.8177  8.20384 
36.6996  8.03223 
-52.6656  7.11845 
-40.5057  8.07639 
3.00193  7.12697 
-49.8527  7.26098 
-47.3563  8.44679 
-25.6911  7.36089 
-60.9203  6.99822 
-2.3395  8.16691 
13.0313  7.72434 
-27.5242  7.20222 
-18.6536  2.29575 
-1.20109  2.04263 
-79.6432  2.10328 
96.647  2.29608 
47.8371  2.09698 
133.95  1.93023 
65.1772  8.26418 
109.989  7.57821 
99.5074  7.09882 
69.9206  8.01337 
144.831  7.22629 
118.633  6.70974 
121.603  8.00331 
147.861  7.34401 
74.6903  7.00205 
63.1202  7.84904 
136.157  7.32097 
138.536  6.88959 
28.9221  7.75238 
135.496  7.2452 
92.8969  6.87644 
87.0699  7.56498 
216.721  6.9047 
150.927  6.71055 
95.9652  7.76108 
178.529  7.04885 
142.205  6.56768 
45.1793  7.29135 
180.219  6.80952 
99.1206  6.62719 
103.864  7.29644 
122.842  6.82727 
215.205  6.1357 
95.0022  7.15378 
125.852  6.7629 
91.1074  6.20144 
134.648  7.24736 
182.843  6.83569 
110.914  6.3898 
120.913  7.04632 
228.911  6.69418 
151.336  6.33704 
100.011  7.00199 
120.318  6.61414 
100.897  6.52263 
122.013  6.85616 
182.405  6.8481 
103.064  6.51939 
117.23  6.93975 
66.741  7.15362 
126.636  6.77175 
105.177  6.95539 
162.323  7.05796 
105.909  6.83046 
98.3402  7.10395 
150.306  7.26602 
38.5856  6.80455 
82.6629  7.28508 
84.1449  7.09839 
100.518  6.7623 
54.9249  7.21619 
130.381  7.0532 
87.5166  6.79899 
79.4788  7.18594 
97.7563  7.54952 
111.972  6.79813 
99.6243  7.4035 
16.4082  7.34861 
62.1027  7.23463 
102.737  7.50073 
60.6713  7.6111 
97.139  7.41147 
75.6152  1.89186 
29.7786  2.12355 
49.5302  2.05195 
157.955  2.20023 
297.423  1.90354 
60.8831  1.93372 
125.055  8.8868 
252.421  8.12244 
100.487  7.54675 
108.955  8.85432 
304.183  8.27852 
74.6127  7.74144 
137.74  8.64745 
248.863  8.02347 
68.5521  7.48454 
29.4976  8.82385 
279.64  8.12814 
141.566  7.54235 
40.6448  8.56808 
160.388  7.63357 
111.056  7.15402 
87.9548  8.25649 
174.25  8.03256 
159.896  6.93639 
94.3265  8.26836 
189.57  7.85452 
133.964  6.98629 
101.509  8.07225 
249.669  8.08258 
210.789  7.23177 
112.795  8.05395 
154.012  7.7331 
210.065  7.03565 
134.793  7.95651 
139.258  7.84345 
246.303  6.65994 
66.4067  7.9375 
148.886  7.66415 
237.628  6.95093 
114.059  7.87653 
50.3994  7.50676 
252.727  7.04492 
140.4  7.54485 
59.7649  7.58569 
258.766  6.98784 
49.1979  7.62252 
20.17  7.99385 
207.756  7.26602 
115.139  7.88722 
35.9714  7.9454 
220.051  7.20756 
98.022  7.47155 
23.8421  8.09409 
294.321  7.33076 
180.026  7.72437 
47.5427  7.86635 
208.135  7.13937 
99.8427  7.89182 
46.4002  8.16233 
223.258  7.26359 
133.741  8.04607 
-10.7671  8.0665 
259.272  7.48054 
111.973  8.27634 
15.1938  8.596 
248.945  7.61544 
120.464  8.23501 
-60.7463  8.67887 
225.695  7.5649 
88.1621  8.16538 
-62.9268  8.59954 
235.017  7.57082 
12.7443  2.04 
-85.1343  1.90721 
183.726  1.9313 
2.47427  1.79643 
-84.5862  1.95769 
-48.8746  2.16092 
16.7554  7.47399 
-69.1375  7.7275 
-3.36318  7.82401 
10.2099  7.42371 
-50.053  7.44431 
-4.80607  7.65989 
-49.9054  7.19309 
-19.2299  7.48639 
5.3767  7.73633 
87.3428  7.24434 
-9.51662  7.3394 
1.09612  7.08403 
11.9877  6.94531 
-73.2278  7.4407 
9.73123  7.29908 
76.7455  7.05063 
4.48871  7.15213 
-0.388404  6.99357 
44.6119  6.9951 
53.5753  7.06905 
-35.1609  7.14391 
84.618  7.06329 
46.7426  7.22398 
41.2117  6.77753 
139.133  6.83299 
54.1691  6.84707 
23.8942  6.69518 
137.563  6.79639 
42.3058  6.91649 
115.091  6.72977 
99.9801  7.06624 
13.141  6.80601 
28.4778  6.67979 
93.7619  7.04889 
23.2188  6.93729 
18.9441  6.76484 
103.959  7.11807 
83.525  7.01305 
-25.1243  6.68264 
71.9383  7.24791 
22.1693  7.17533 
80.9644  6.72817 
77.4791  7.46182 
57.2763  6.92397 
37.6189  6.67993 
133.277  7.49622 
82.561  7.14563 
-19.9997  7.0144 
131.135  7.33816 
22.8714  7.28959 
109.333  6.8905 
94.6751  7.54703 
36.9779  7.22584 
132.021  6.7212 
115.648  7.7091 
28.8504  7.46279 
57.3499  6.95782 
89.5971  7.71292 
106.809  7.12166 
17.8365  7.04095 
96.1472  9.40994 
59.9953  7.48589 
53.4208  7.0844 
43.6258  8.03746 
87.0557  7.68169 
39.2302  7.2099 
103.315  1.9934 
71.2066  2.00975 
45.4097  1.97703 
-15.9093  2.17299 
45.8462  2.03086 
-143.746  2.05606 
36.732  7.86205 
108.754  7.51295 
-113.448  7.78476 
-20.3607  8.06767 
168.531  7.57232 
-51.3114  7.97318 
-28.4376  8.10426 
86.062  7.60836 
-8.67045  7.64215 
88.8766  7.81327 
114.685  7.28294 
-10.3389  7.57044 
31.3585  7.75007 
97.2345  7.21149 
-42.9039  7.61895 
16.4848  7.64739 
107.619  7.21311 
-45.0612  7.40299 
78.4598  7.63444 
113.522  7.14805 
21.7092  7.5584 
45.914  7.60411 
108.432  7.19851 
-8.24418  7.19755 
-24.9763  7.66978 
122.695  6.97933 
44.2898  7.01397 
-33.2907  7.84715 
112.987  7.69571 
26.6704  7.08305 
8.87833  7.54361 
72.8319  7.23422 
13.478  6.90389 
52.3196  7.71799 
6.75827  7.21852 
35.674  6.92491 
50.7971  7.74323 
4.05048  6.80527 
-47.3069  6.87001 
136.89  7.78462 
13.6074  7.27092 
12.8495  7.20234 
92.0365  8.02467 
43.0911  7.32638 
21.3502  7.13798 
90.3429  8.10095 
-26.8104  7.59949 
14.968  7.264 
114.933  8.14404 
-65.3979  7.38609 
43.5956  7.18066 
124.813  8.29807 
-83.9382  7.49739 
12.7322  7.45874 
64.7012  8.73632 
-57.7806  7.8438 
8.39583  7.01438 
54.7178  8.35405 
-56.8026  7.88084 
-17.0154  7.27142 
178.009  8.44808 
-125.32  7.75562 
-33.1965  7.4899 
201.381  8.64534 
-105.924  8.2075 
-46.9515  7.52619 
187.006  1.98936 
-139.595  1.95914 
-91.6493  1.91948 
-67.7238  1.95909 
92.4883  2.08242 
-36.7974  1.88907 
-54.6182  7.86717 
65.3953  7.40743 
-9.2254  6.80946 
-17.3903  7.93336 
73.5934  7.37923 
-31.1515  7.28744 
-66.2297  7.69283 
72.411  7.2301 
-7.37241  6.76227 
-130.207  7.60614 
92.4152  7.28597 
-74.6713  6.97807 
-31.8169  7.69144 
90.2445  7.14623 
-118.441  6.66422 
-102.236  7.53535 
134.529  7.01895 
-92.8487  6.99443 
-90.3054  7.38775 
62.888  7.05985 
-42.6494  6.80597 
-117.721  7.10293 
49.4364  6.9973 
-181.091  6.75053 
-92.8539  7.45511 
-21.5286  6.86328 
-141.712  6.81194 
-97.9418  7.25079 
12.6837  6.815 
-20.3391  6.49933 
-63.09  7.16521 
23.8371  6.66489 
-81.3916  6.6811 
-135.787  7.08484 
-57.9  6.84194 
-111.795  6.68109 
-181.162  7.24772 
-5.96696  6.78982 
-81.4728  6.85473 
-214.909  6.7606 
-33.725  7.22882 
-108.686  6.53942 
-135.044  7.1246 
-45.3388  7.04468 
-119.663  7.02852 
-131.564  7.24962 
-110.007  7.02663 
-160.569  6.99995 
-85.7156  7.43817 
-41.8  7.04833 
-100.261  7.14667 
-95.2057  7.22019 
-35.2481  7.35874 
-68.8306  7.06915 
-160.645  7.32261 
-25.9786  7.41925 
-124.099  7.20475 
-179.489  7.42716 
-134.543  7.6753 
-39.6407  7.6254 
-207.925  7.47712 
-107.869  7.6489 
-171.309  7.39195 
-236.373  7.40883 
-102.217  7.34373 
-117.476  7.10933 
-230.862  1.98036 
-86.4094  2.0057 
-145.414  1.97624 
9.92951  1.83134 
225.761  1.97781 
242.048  1.88717 
38.831  2.25803 
260.759  8.13683 
221.356  7.38724 
-38.7851  8.30365 
270.477  7.80657 
188.922  7.47769 
24.4521  8.2671 
218.377  7.71557 
171.66  7.52376 
-13.5702  8.05304 
290.491  7.84271 
206.879  7.39785 
8.61333  7.98841 
151.561  7.69585 
202.893  7.24737 
-42.9953  8.06899 
222.16  7.549 
178.1  7.01397 
-84.6385  8.09197 
192.13  7.89229 
194.768  7.40323 
-103.769  7.84288 
138.024  7.65639 
237.654  7.09099 
15.5372  7.80198 
94.7715  7.62741 
223  7.04721 
1.08598  7.46425 
111.081  7.6982 
185.519  7.02226 
-77.6424  8.16181 
28.6544  7.57127 
220.497  7.2625 
-22.9328  7.55287 
107.798  7.68898 
164.911  7.08136 
-5.90328  7.47701 
86.4287  7.64621 
242.127  7.13865 
-34.476  7.94172 
50.0731  7.59233 
246.283  7.15388 
-3.82084  7.49535 
-19.009  7.66373 
186.373  7.29137 
52.3603  8.21773 
-7.07299  7.89612 
180.156  7.57325 
-4.61456  7.46483 
-26.648  8.34384 
208.111  7.46709 
-13.5574  8.10531 
4.62033  8.07018 
160.768  7.23894 
-32.7828  7.53831 
-102.105  8.81664 
156.118  7.17204 
7.79519  7.65821 
-33.4295  8.27391 
202.628  7.67424 
-12.5969  8.15622 
-17.1177  8.27341 
219.873  7.67558 
-48.1109  8.02254 
-74.0246  8.28271 
114.278  7.62426 
-58.4134  1.87948 
-95.2897  2.03224 
146.78  1.92784 
18.0649  1.86381 
-18.054  1.96825 
45.0354  1.87759 
-19.5298  7.13149 
-38.0036  7.41575 
77.2638  7.29647 
36.6054  7.14354 
-72.2524  7.68618 
120.137  7.01603 
22.3852  6.97577 
1.71817  7.77583 
101.47  7.31399 
43.568  6.95258 
0.357806  6.95482 
98.8578  6.94876 
38.9222  6.96004 
-14.8473  7.06132 
40.8605  7.03 
39.9244  6.75423 
-23.458  7.05181 
107.375  6.92314 
23.1816  6.953 
21.2962  6.86204 
123.273  6.7867 
33.7731  7.32136 
52.1989  6.76619 
162.964  6.94345 
2.57293  6.76614 
49.1661  6.81975 
53.6244  6.64407 
43.8824  6.94278 
68.4271  6.84511 
79.7838  6.64749 
63.6532  6.96105 
57.3313  6.73312 
114.534  6.67699 
131.398  6.74334 
79.0399  6.68272 
45.426  6.42309 
64.5875  6.86293 
105.673  6.6775 
106.095  6.44084 
13.4467  7.1397 
71.8048  6.78397 
82.5484  6.58248 
37.9503  7.02952 
104.479  6.92188 
86.0914  6.68026 
114.335  7.00219 
136.5  6.75936 
37.5597  7.01489 
80.9648  7.04315 
90.6568  7.04221 
164.402  6.74036 
63.424  8.07082 
129.599  6.85301 
180.755  6.82653 
-2.00264  7.32087 
75.3816  6.92609 
106.287  6.8722 
32.2837  7.55588 
91.0974  7.0769 
119.641  6.89343 
9.58264  7.48966 
89.8696  7.17812 
114.126  7.05165 
39.6225  7.75892 
81.8381  7.23189 
85.1565  7.2905 
-12.397  1.99026 
32.9095  1.98427 
51.4577  1.80934 
-94.9519  1.99365 
-85.9838  1.94368 
-86.4529  1.92542 
-59.4406  7.74532 
-94.9171  7.98951 
-64.2812  8.05569 
-53.5517  7.72367 
-54.4549  8.06088 
-65.9986  7.68838 
-27.0041  7.36349 
-129.092  7.88299 
-18.1247  8.20444 
-76.9364  7.60619 
-172.225  7.89496 
0.709407  7.2653 
-59.912  7.26308 
-56.9287  7.71508 
-39.4539  7.55808 
-75.8859  7.3693 
-82.8733  7.64454 
17.3445  7.36345 
-54.2597  7.31553 
-87.5598  7.59981 
19.8153  8.07924 
-34.7284  7.38385 
-34.1087  7.49402 
3.9043  7.13802 
-59.5019  7.33063 
-92.1658  7.46143 
35.6186  7.09237 
-71.019  7.64041 
-42.2945  7.64697 
15.1617  7.29011 
-36.9936  7.48371 
-7.50364  7.73919 
-9.51066  7.14552 
-10.4747  7.22581 
-0.881373  7.00455 
-10.9879  7.03293 
-37.5932  7.34659 
-21.3226  7.17297 
24.2159  6.87243 
-10.368  7.70127 
-83.3489  7.45425 
43.5887  7.13307 
-67.9787  7.78726 
-70.4785  7.68441 
48.1678  7.20484 
-96.8532  7.67543 
21.8507  7.53925 
21.5298  7.30421 
-40.4705  7.57323 
31.0627  7.84653 
67.4158  7.69588 
-71.2195  7.74254 
4.50398  7.49375 
-5.45763  7.17289 
14.2449  7.75162 
10.0863  8.29825 
14.8881  7.55266 
-64.3788  8.14687 
-0.0429495  7.28568 
-100.283  7.90981 
-64.615  8.16074 
-107.939  7.92947 
5.23617  7.17229 
-41.8529  8.08437 
11.641  7.90391 
-33.3431  7.70516 
-50.8099  2.03185 
-24.5992  1.91937 
-85.1064  1.92392 
-21.5454  1.85394 
86.5157  1.87947 
-154.861  1.95233 
-43.1858  7.80211 
104.537  7.17175 
-149.489  7.06836 
-77.4426  7.60283 
75.3652  7.20366 
-50.4543  6.91336 
-70.9296  7.6376 
105.111  7.1011 
-130.34  6.94653 
-12.5249  7.50533 
83.4326  7.21101 
-129.436  7.15662 
23.6496  7.35209 
62.5035  7.14459 
-65.13  7.02658 
-74.8256  7.31613 
36.0512  7.12301 
-142.692  6.85183 
-69.6004  7.40498 
46.5608  6.96733 
-122.926  6.81729 
-72.7702  7.17349 
-8.12498  6.81592 
-107.602  6.83348 
-64.0958  7.37183 
64.9905  7.17427 
-144.697  6.58103 
-91.2757  7.1094 
17.111  6.85152 
-163.759  6.55713 
-36.3366  7.10387 
20.7305  6.66556 
-142.908  6.49632 
-121.776  7.01346 
-46.9747  6.71162 
-109.52  6.51276 
-99.7838  7.21731 
1.46375  6.82165 
-160.104  6.7928 
-103.694  6.95581 
0.718362  7.39452 
-159.838  6.92866 
-117.198  6.84405 
-77.8559  7.76701 
-149.767  6.86035 
-132.334  7.09818 
-6.71863  6.8456 
-29.3964  6.98615 
-108.137  7.13383 
-87.7612  7.43728 
-104.736  6.80969 
-208.333  7.25967 
-79.6097  7.26086 
-109.49  6.92035 
-125.428  7.36793 
-136.684  7.46794 
-139.153  7.00267 
-107.837  7.28047 
-78.2405  7.20889 
-209.018  6.87305 
-213.997  7.21744 
-91.7839  7.70884 
-98.1319  7.25963 
-138.446  7.27724 
-108.67  7.46767 
-133.808  7.03274 
-100.423  1.87833 
-169.82  1.87596 
-154.833  1.9921 
