0 0 0 0 
41.4801 649.102 15854.3 235.932 
31.0913 679.078 15560.2 192.605 
37.8207 645.258 18540.8 216.94 
21.4675 607.128 20010.5 194.716 
33.6739 539.799 21369.7 180.652 
27.6911 673.839 22868.1 233.795 
37.3553 689.303 24542.3 202.955 
30.102 683.963 25342.9 239.012 
22.5337 637.552 24815 194.346 
22.6599 695.043 24876.3 220.912 
14.4703 594.931 24806.9 188.258 
29.6406 599.013 26701.3 199.261 
38.2221 607.346 27545.7 194.443 
31.3808 521.047 25905.8 168.891 
33.5487 658.188 26263.1 210.771 
36.6472 526.076 24343.6 144.757 
11.2172 696.147 23601.2 224.978 
32.4818 828.029 22377.7 261.363 
17.4603 649.047 20129.9 193.534 
45.0375 577.943 19917.7 159.071 
43.4361 634.618 17922.1 187.426 
27.7804 812.654 17659.1 303.07 
0 0 17659.1 0 
0 0 17659.1 0 
27.3171 619.703 15377.6 225.612 
31.9551 760.895 14972.4 187.346 
59.772 670.476 18318.2 191.108 
25.3655 634.063 19160.2 179.156 
28.8046 611.081 20156.5 172.655 
33.5985 635.037 22193.1 196.016 
19.621 549.63 24440.2 171.033 
22.1248 657.999 24455.1 225.059 
49.2817 621.721 25477.3 158.318 
28.7661 617.497 25697.2 202.079 
28.0879 577.527 25040.9 168.676 
27.6631 510.622 26537.3 183.312 
34.8664 627.253 26684.7 183.653 
22.6769 673.038 25360.7 222.49 
22.4277 541.781 25929.8 168.989 
34.3647 546.449 24171.4 148.175 
30.3622 525.278 24177.9 150.241 
30.0739 557.079 23494.6 179.397 
27.3054 542.124 20408.5 139.848 
26.3189 511.954 19449.9 151.782 
10.417 610.2 16676.8 173.328 
17.6025 587.559 17718.9 210 
0 0 17718.9 0 
0 0 17718.9 0 
60.2028 767.913 8902.14 216.76 
48.6407 791.75 16258.1 209.048 
63.0679 757.113 18512.4 226.007 
31.5806 711.922 19469.3 197.095 
58.3182 944.82 22031.5 301.258 
62.4886 804.548 22638 214.187 
43.4155 730.005 24993.9 223.349 
52.1909 784.017 25559.7 244.28 
60.4889 882.671 26980.6 290.614 
30.0562 721.479 26074.8 223.01 
33.2923 763.314 27237.3 261.239 
34.8542 695.039 26454.7 224.498 
31.7252 891.651 26465.7 285.933 
27.0965 681.388 25036.9 198.778 
47.477 862.273 25762.8 255.583 
22.4472 664.675 23643.8 181.106 
31.3258 854.872 24615.4 292.233 
48.8382 726.948 23576.1 212.455 
31.9599 686.966 21048.5 195.138 
20.6675 682.127 19200.7 204.085 
43.6224 620.046 17228.2 175.973 
68.8656 712.865 9487.7 205.866 
0 0 9487.7 0 
0 0 9487.7 0 
18.1639 515.67 8522.16 164.651 
25.9297 375.161 16933.7 122.77 
20.2366 326.908 19479.2 115.049 
24.3847 262.946 21489.2 87.4497 
16.8621 379.109 23108.2 157.192 
19.9477 314.662 23425 109.981 
18.3831 371.582 25162.6 132.392 
22.8437 529.48 25084.6 182.153 
19.8806 401.179 27451.7 141.89 
19.6702 335.72 27387.6 119.548 
20.1664 402.313 28014.1 132.429 
23.9611 294.203 27831.7 114.933 
19.464 346.884 28480.4 139.123 
12.609 306.601 25713.9 116.162 
18.496 306.032 27871.6 116.501 
27.9564 319.655 26205.2 110.938 
20.3867 297.905 26227.5 112.401 
24.2542 300.737 24660.4 109.864 
27.2285 264.406 22419.2 95.5479 
19.7604 331.903 20558.7 123.537 
20.1909 331.427 17422.2 120.512 
13.5037 362.531 9645.46 131.726 
0 0 9645.46 0 
0 0 9645.46 0 
24.817 900.567 9645.46 124.817 
23.8851 675.348 13876.6 176.302 
40.2634 721.76 18084.7 221.781 
44.4085 686.026 20955.5 190.704 
38.2747 700.233 23111.6 212.07 
28.147 591.509 24188.9 179.097 
46.2251 688.051 26413.8 201.904 
39.9879 667.94 24970.1 194.781 
43.159 673.629 27959.2 207.907 
48.8674 753.162 27934.9 238.697 
31.7074 766.699 27913.3 252.615 
25.4171 619.192 26393.9 189.814 
38.8233 664.815 27449.7 214.841 
29.1792 728.572 28244 249.787 
50.3413 697.457 27391.9 203.865 
34.5198 804.631 26501.2 266.356 
51.5604 734.891 26309.5 214.464 
32.4544 729.302 23087.1 203.842 
39.1505 839.794 20944.9 252.475 
52.705 851.71 20816.5 225.223 
11.8792 710.586 14310.6 202.982 
54.6043 803.194 5325.28 171.965 
0 0 5325.28 0 
0 0 5325.28 0 
16.1238 194.791 6104.48 75.0153 
21.2957 190.33 15040.3 64.3479 
17.5726 198.86 19228.3 75.5209 
22.0708 167.871 22481.6 69.8654 
18.656 192.179 24326.6 76.7962 
16.7397 164.281 25627.9 66.5141 
16.159 160.102 27664.8 63.7554 
17.5484 166.961 27053.8 62.3952 
20.4091 165.352 29285 61.0166 
16.8142 188.37 29052.8 82.6169 
10.9476 190.456 29506.8 84.893 
19.938 196.425 28154.7 74.1446 
20.1074 209.413 28759.8 77.5439 
19.0191 243.186 29521.7 94.6049 
17.6832 223.316 28363.2 85.5472 
17.5308 188.484 27644.6 73.9002 
14.0601 193.203 26845.2 78.4797 
26.5104 214.163 25544.4 78.2491 
13.4977 186.596 22555.3 79.277 
13.1895 187 22106.3 77.7292 
15.4111 200.641 16188 75.7903 
11.305 188.573 6088.11 81.189 
0 0 6088.11 0 
0 0 6088.11 0 
71.5696 731.159 3849.17 149.832 
50.0524 726.843 11790.7 183.872 
50.0582 754.117 17383.9 207.27 
29.0173 747.229 19541.3 199.374 
31.6796 729.329 23175.9 220.601 
37.6996 729.9 25028 219.853 
33.4056 706.586 25451 205.763 
33.3719 819.828 28224.6 243.503 
44.6284 614.59 28606.2 179.754 
20.641 868.809 27174 289.017 
36.8993 788.148 28048.5 246.405 
48.4962 708.923 29220 212.568 
45.6319 781.481 27337.2 212.613 
20.8262 866.734 27765.3 280.895 
21.2141 707.796 26897 226.704 
36.1373 700.572 27127.7 203.698 
37.954 830.512 26528.3 260.734 
28.926 583.624 22683.3 170.064 
37.0986 908.43 21890.9 270.943 
45.9959 802.295 17612.7 237.84 
31.3123 731.282 11564.4 212.513 
128.167 754.857 4458.26 194.498 
0 0 4458.26 0 
0 0 4458.26 0 
50.1931 348.52 4087.01 96.9211 
18.4576 298.759 12453 108.102 
26.6978 283.932 18700.7 96.5058 
18.0605 177.21 22370.6 64.1489 
12.3826 167.611 24432.7 66.3613 
11.638 223.85 26234.9 86.7098 
16.8645 167.518 27106 62.5685 
13.2888 174.608 30011.7 67.6243 
17.3427 179.021 29189.3 71.9112 
15.706 166.479 30409.7 64.6089 
11.5691 183.369 30007.9 72.5874 
20.5867 179.855 30891 73.15 
25.4466 207.468 30031.5 78.7501 
11.8644 143.088 30348.4 62.1906 
22.0339 220.518 29503.3 81.2611 
15.5192 126.099 28586.7 46.0829 
16.1898 175.331 28970.8 74.9283 
14.0041 139.774 24284.7 47.9943 
15.9837 206.605 24008.7 83.3285 
14.6274 181.894 19159.6 75.8997 
12.4714 182.292 12635 73.7056 
17.2439 197.773 4282.36 78.6728 
0 0 4282.36 0 
0 0 4282.36 0 
121.114 823.585 3219.18 169.719 
54.1819 738.118 9164.53 153.579 
39.4331 926.278 14868.2 264.673 
63.7441 879.41 20208.2 251.113 
48.4751 825.053 23116.6 264.134 
39.9876 855.767 25007.5 285.733 
35.3603 704.329 26782.3 205.481 
37.1328 823.59 27161.9 279.105 
48.4193 791.857 29080.8 242.216 
53.9044 848.882 29427.2 286.486 
49.7867 765.537 28423.4 226.956 
38.9353 786.077 27934.6 242.801 
23.159 849.775 27732.6 289.947 
35.3816 910.789 29135.6 309.586 
32.6716 848.472 26491.3 284.96 
41.5447 852.551 29283.7 276.664 
53.9999 760.153 25279.7 202.891 
51.6301 737.619 23681.2 200.037 
53.7405 948.897 21632.2 303.216 
49.5621 902.72 16300.7 271.553 
67.8707 715.479 10139.5 150.293 
71.0081 713.327 2962.53 -143.397 
0 0 2962.53 0 
0 0 2962.53 0 
19.7052 191.1 3218.73 90.1665 
15.9456 201.54 10231 80.3846 
23.3779 213.603 17227.9 92.2765 
12.4842 182.125 21294.8 82.1545 
28.2976 194.195 24769.4 92.5527 
15.7106 193.016 26950.4 81.7156 
12.194 208.38 27767.9 92.8109 
19.7139 237.503 28818.6 94.4312 
23.6643 193.502 31537 96.1406 
19.266 190.78 31126.5 89.3462 
20.4783 224.893 29786.4 100.138 
18.2257 180.089 31207.1 78.1061 
22.4649 189.461 30799.4 91.6464 
9.51602 235.614 30259.6 101.824 
12.7593 222.669 28778.1 95.9812 
26.0572 214.315 31925.3 85.2808 
20.1824 218.903 26708.5 82.1265 
15.2685 212.827 25118.8 84.9581 
23.8997 185.17 24298 89.1462 
11.1315 196.362 17938.5 82.1885 
20.2071 224.678 10893.5 89.7401 
25.6737 228.286 3382.4 95.2236 
0 0 3382.4 0 
0 0 3382.4 0 
88.5599 675.419 2803.48 186.133 
48.3268 704.172 9182.29 -183.94 
26.2397 703.384 14878.7 225.616 
41.6828 671.536 19173.4 202.183 
36.251 698.313 23144.8 246.005 
70.2572 655.585 27077.9 195.456 
53.0189 635.471 26787.4 183.474 
20.1903 749.691 27848.9 260.288 
35.9756 720.943 28679.3 236.313 
49.2462 831.204 29897.8 268.752 
55.3764 746.803 29739.7 215.383 
22.9581 902.758 30385.1 318.197 
46.687 667.946 29365.5 184.071 
26.5142 934.244 30286.8 328.679 
34.2272 586.403 27287 169.495 
28.5979 778.952 28540.6 267.666 
25.3624 686.89 25928.9 228.739 
34.9932 738.83 23093.3 224.481 
47.4811 764.382 20725.2 243.34 
56.1768 875.567 15092.4 226.314 
43.7747 712.105 8496.25 163.446 
133.074 673.166 3124.3 -176.171 
0 0 3124.3 0 
0 0 3124.3 0 
69.2704 342.181 2803.63 104.127 
20.3342 274.966 9695.26 83.3701 
17.7805 187.14 16543.9 71.5636 
8.80566 212.684 20390.1 95.3752 
13.0306 205.647 24251.8 89.4115 
10.4637 163.147 27242.4 67.9161 
13.9605 193.257 27694.9 75.0181 
24.1289 261.209 31335.6 96.2419 
19.5877 364.499 29293.3 127.873 
17.8874 327.088 30864.7 122.468 
16.1919 192.07 30932.4 83.5832 
15.6169 207.931 32990.2 93.9047 
17.9736 207.773 30308.3 82.6384 
17.1439 209.872 32885.6 101.11 
18.1687 228.44 27709.5 81.2553 
19.9149 187.56 31390.3 87.4705 
11.8132 130.674 27845.2 53.9374 
17.9534 180.954 25453.2 77.7416 
14.209 158.076 22534.6 62.3085 
13.4392 211.86 16894 99.0478 
16.5245 212.652 9686.08 94.0226 
20.9437 200.015 2687.09 61.8664 
0 0 2687.09 0 
0 0 2687.09 0 
204.63 984.612 3582.75 180.533 
51.5731 859.415 7689.05 184.604 
82.0544 1116.09 13828.7 291.778 
58.9022 964.098 18358.1 264.163 
37.3401 918.934 22140.4 305.763 
46.2394 903.987 25362.8 254.496 
35.4244 899.624 27425.5 298.302 
17.4968 755.648 26592.4 243.009 
61.4532 738.767 29803.7 223.796 
38.1746 877.312 29286.8 278.722 
36.9768 880.173 30340.9 277.561 
46.6141 849.953 29871.3 256.264 
43.2384 967.191 28837 306.492 
46.9309 752.16 28889 217.773 
29.5931 926.049 28233.3 293.259 
31.5349 956.944 26228.1 271.147 
21.1012 1002.54 26416.2 338.739 
52.3508 818.322 23141.2 240.322 
37.7636 969.559 18988 302.91 
55.4459 811.102 14691.7 253.012 
54.1371 841.513 8035.8 213.87 
205.87 900.33 8035.8 205.87 
0 0 8035.8 0 
0 0 8035.8 0 
19.2809 252.295 2632.12 90.9757 
14.0026 251.886 9204.93 95.3748 
19.9851 241.789 15777.8 94.1724 
16.725 233.419 20399.2 94.4106 
14.0316 200.824 24384.7 79.7013 
8.07541 257.442 26427.1 102.831 
18.6804 194.243 30135.8 84.0819 
18.7874 218.814 29448.8 80.1 
22.3678 213.918 31496 85.2569 
16.9543 217.127 31336.7 84.8437 
17.2022 183.525 32799.6 74.9685 
14.753 185.346 31946.6 78.467 
23.7277 194.944 32691.9 85.7391 
17.2823 227.783 29750.8 94.0566 
13.6611 219.987 30573.2 96.5938 
13.675 213.32 28938.7 80.5973 
21.768 234.439 29408.5 99.4126 
10.6798 189.444 24487.4 79.4131 
11.4552 183.3 21218.4 81.3495 
12.8799 198.514 16354.9 87.0443 
13.7453 195.718 9572.91 74.9961 
20.8968 222.932 2546.59 94.1544 
0 0 2546.59 0 
0 0 2546.59 0 
143.886 642.855 3548.42 277.76 
31.5012 713.747 7976.91 167.218 
43.2284 693.75 15050.3 204.414 
32.1637 648.935 19735.1 185.814 
29.8264 634.515 22807.2 198.958 
32.2352 704.836 25472.8 222.922 
29.3669 636.939 27009.1 203.273 
32.4543 644.656 28540.3 213.308 
55.0137 662.761 30097.5 189.638 
39.0655 736.029 30241.5 231.691 
40.5371 711.986 31027.3 223.341 
65.2078 726.731 31340 220.123 
51.4226 698.769 30067.2 199.851 
29.8139 774.353 29547.7 244.826 
21.0709 816.227 27550.6 252.038 
30.2112 863.864 27216.9 265.126 
33.876 726.065 26444.1 216.822 
44.4726 592.053 23322.3 164.434 
35.9028 646.443 19978.3 191.562 
31.0245 764.287 13909 212.37 
36.7148 738.117 8356.29 177.482 
74.6105 732.388 11990 -2471.12 
0 0 11990 0 
0 0 11990 0 
17.2922 231.22 2601.7 80.9957 
9.33431 176.932 9555.08 64.2157 
18.3059 215.762 16219.5 82.2943 
10.221 147.158 21336.8 65.4302 
7.92447 155.156 24050.5 69.6283 
7.24651 302.476 26609.6 119.235 
12.1589 141.176 28785.1 60.4482 
13.7516 154.766 29915.3 72.6744 
15.2338 127.211 32005.2 55.3088 
16.0853 154.878 32678.8 66.9028 
20.7699 222.068 32339.3 83.7602 
17.1867 181.103 32877 74.0118 
15.5557 133.305 32109.6 52.1908 
15.5193 170.5 31819.1 77.522 
12.5135 168.394 29888.4 73.474 
12.5952 180.048 29386.7 79.7365 
9.30399 138.114 28101.9 69.1675 
15.6425 288.689 23813 108.286 
11.0292 132.949 22149.7 61.3954 
7.61958 143.549 15874.3 61.5289 
10.7447 164.504 9387.74 59.4217 
26.6691 192.675 2450.24 52.8929 
0 0 2450.24 0 
0 0 2450.24 0 
80.2954 694.165 3159.63 138.253 
54.4823 725.099 8906.55 132.382 
38.7053 711.358 14990.2 172.48 
33.9477 690.906 19120.5 191.404 
29.2339 756.744 23292.6 267.597 
29.5198 715.1 25905.3 232.336 
39.8785 726.021 28402.4 215.169 
22.2438 676.64 28020 222.442 
32.6046 613.008 29202.3 198.395 
36.9387 756.758 30446.1 241.954 
39.3961 786.254 30680.8 249.609 
37.401 706.569 28873 203.583 
39.248 612.599 29375 186.408 
32.5466 699.388 28589.8 218.921 
23.5058 771.268 27211.1 243.628 
47.2615 751.741 27040.1 210.185 
39.8561 803.017 25766.1 230.661 
48.5018 803.643 23059.5 207.416 
42.6695 813.742 19876.8 216.748 
36.5427 897.295 14801 258.605 
34.0055 835.753 8331.84 185.2 
152.896 802.131 3825.66 -445.755 
0 0 3825.66 0 
0 0 3825.66 0 
21.8968 199.705 3318.61 73.9509 
9.76752 192.701 9678.98 74.727 
12.7561 176.197 16325.8 74.1463 
12.1007 191.435 20288.8 76.0397 
13.8782 244.323 24517.2 97.961 
11.5816 214.412 26995.3 81.9551 
17.4643 183.027 30200.3 68.7486 
18.9306 255.391 29897.2 104.832 
12.8185 191.2 30546.1 73.1712 
11.5061 163.159 31927.6 68.6061 
11.342 171.162 32657 71.0891 
20.183 205.504 31546.5 80.9117 
15.7608 196.659 30249.1 71.8872 
13.6279 191.473 30621 75.6787 
12.6486 202.115 29663.1 82.8207 
12.7551 188.577 29004.1 83.0693 
13.1471 189.754 27876.2 71.7576 
11.8051 216.394 24529.6 87.7992 
14.965 229.574 21514.2 86.7817 
22.6878 214.588 17050 88.4031 
7.8944 177.24 9894.75 70.4788 
8.06659 228.281 2569.55 83.256 
0 0 2569.55 0 
0 0 2569.55 0 
188.231 899.746 4198.79 218.523 
73.5382 825.684 9967.23 232.507 
28.4586 926.676 15534.7 283.684 
34.6912 968.988 19750.3 324.808 
47.9944 948.765 23741.9 313.081 
44.832 934.633 24455 309.231 
35.9754 950.202 26262.8 328.877 
60.9993 804.565 27408.1 252.607 
64.3068 820.89 28757.4 258.836 
50.2693 838.914 28003.8 270.275 
49.0622 1023.01 29034.4 333.114 
56.3027 838.549 28060.7 240.68 
47.2875 956.419 28103.6 339.243 
27.606 929.195 27797.6 315.933 
38.1608 935.551 27679.1 310.322 
26.2042 834.214 26331.8 285.24 
41.9054 903.44 25172.3 306.485 
56.3727 848.473 23452.1 264.748 
58.4493 858.29 20984.6 272.573 
39.7154 876.317 15664.2 270.742 
47.0186 989.532 9651.17 268.722 
346.451 1000.89 9651.17 346.451 
0 0 9651.17 0 
0 0 9651.17 0 
15.2818 193.935 3520.08 74.3037 
30.5876 251.284 11410.2 92.7877 
14.374 249.867 17066.7 97.5552 
20.0423 306.098 21621 116.289 
10.3582 218.956 25578.6 91.1313 
15.761 204.994 26593.8 87.9669 
11.7591 175.647 28355.9 81.1421 
28.1796 258.157 29522.2 117.01 
16.4541 195.94 30359.7 85.2179 
16.8646 288.762 29189.9 118.444 
12.83 188.009 31670 86.256 
18.1531 209.176 29617.1 82.6566 
28.8066 290.682 30155.1 116.06 
31.7724 332.976 30690.2 121.947 
21.4793 216.428 29996.9 90.3321 
27.2024 234.07 28305.5 92.5815 
10.7461 215.505 27019 95.7739 
22.7222 337.75 24767.3 132.377 
12.3444 320.349 22035.8 129.841 
13.1678 237.292 17140.6 109.31 
11.932 229.305 10932 99.0757 
31.4336 240.184 3243.26 83.6736 
0 0 3243.26 0 
0 0 3243.26 0 
121.995 781.647 3777.83 142.231 
67.497 931.979 11794.3 200.621 
34.5688 939.547 17460.4 257.902 
42.6247 758.513 21036.8 197.376 
63.3588 920.218 23478 245.64 
33.6941 852.65 24771.7 257.679 
49.732 793.307 26158 238.02 
54.0828 772.887 28677.9 243.068 
22.2861 833.435 27365.9 269.804 
43.1215 816.997 29032.7 257.975 
40.0089 798.286 27847.1 241.401 
47.7689 790 29190.6 238.798 
43.118 865.777 27245.3 246.06 
26.5462 899.037 26019.7 266.667 
49.8262 855.882 27433.4 256.623 
26.194 983.208 25520.4 308.326 
50.035 805 23662.8 226.192 
51.6218 950.349 22522.9 244.669 
58.2157 900.165 21230.6 256.091 
21.6161 906.783 17076.6 268.511 
42.0591 849.053 12043.3 230.777 
79.9455 836.345 4066.48 149.088 
0 0 4066.48 0 
0 0 4066.48 0 
15.6307 159.813 4194.99 60.5856 
11.7758 155.572 13226.3 63.6158 
14.4239 173.405 18818.2 68.1369 
12.8786 149.2 22436.7 55.5646 
19.5079 164.071 25760.4 63.2658 
10.6332 152.007 26101.7 62.1542 
11.2775 167.822 27695.7 72.1316 
15.082 162.688 30120.3 65.4973 
12.3483 208.397 29045.7 85.7388 
10.6485 132.926 31062.7 58.7141 
15.3292 144.182 30746.8 59.0734 
13.5695 158.89 30935 63.5977 
17.8195 197.541 30101.6 74.488 
8.19857 167.5 28066.3 71.8569 
18.9517 183.441 29431.6 69.8896 
15.5736 176.728 28290.7 74.7761 
11.1543 231.826 25032.1 91.4772 
14.2131 179.039 24839.5 71.1458 
15.1777 180.567 22570.9 75.0691 
15.1841 173.89 19631.9 67.9815 
15.7339 191.016 13344.2 78.7774 
4.90032 179.633 4251.18 69.5248 
0 0 4251.18 0 
0 0 4251.18 0 
111.718 735.609 5706.27 225.722 
58.5399 872.311 15278.8 245.413 
40.0422 711.347 18871.1 199.574 
40.8292 654.379 21044.3 201.926 
61.5866 857.459 23589.2 243.977 
38.0799 816.92 23943.8 239.613 
50.9155 849.384 25416.2 264.683 
51.427 896.08 26732 271.662 
44.9012 901.263 26868.1 276.175 
34.9634 703.325 26803.9 220.23 
38.5254 764.97 27840.8 251.771 
24.7372 890.679 26585.9 292.792 
34.4629 830.666 27176.6 257.544 
44.3562 928.579 27263.4 273.624 
41.9329 686.39 25521.1 203.69 
27.0767 824.151 26546.7 276.996 
32.2229 760.522 24078.1 238.714 
43.137 744.836 23037.8 235.504 
33.5695 798.178 21425.9 244.919 
47.9827 793.156 18388.7 213.497 
48.1843 795.592 14024.3 221.865 
97.6587 907.003 5606.33 208.751 
0 0 5606.33 0 
0 0 5606.33 0 
27.0868 211.891 6171.59 77.468 
10.0924 206.893 16319.6 80.4483 
12.3311 250.191 20163.5 99.1897 
19.6332 252.435 22195.3 97.6445 
23.4994 200.563 25019.5 82.3762 
26.7676 198.05 25908.3 73.5771 
15.6805 198.818 26614.2 84.7724 
20.1587 209.964 28219.1 91.4147 
30.729 250.823 30227.4 97.2557 
18.5977 231.175 28066.1 86.0565 
23.4305 244.472 29487.7 108.168 
18.7294 207.035 29215.1 94.971 
15.2944 176.609 29122.6 64.4873 
9.09566 188.742 29132.8 77.0579 
29.5464 217.003 27320.6 86.3256 
21.1593 216.741 29058.9 95.1817 
17.3902 221.048 25993.1 91.8475 
17.6249 232.372 24243 103.363 
17.8316 224.501 22738.6 94.7196 
17.9773 221.068 19637 88.4248 
20.6846 221.56 15812.8 97.5668 
23.1657 239.284 6338.07 98.8789 
0 0 6338.07 0 
0 0 6338.07 0 
106.914 983.999 9637.34 222.108 
67.3282 875.619 17665.6 237.861 
61.6862 993.39 18959.1 292.434 
41.3976 891.964 19279.4 250.616 
67.1435 1011.24 22080.2 256.122 
51.6152 902.495 23060.9 271.282 
62.0344 905.639 24562.5 253.722 
40.2624 916.34 25857.2 296.228 
40.021 953.243 25426 300.989 
53.853 899.117 27578.9 307.448 
55.9245 977.518 26865.3 288.163 
54.7065 876.199 26697.5 272.903 
58.862 873.881 26620.7 279.333 
32.4338 840.193 25811.5 262.437 
43.4843 841.402 24677.4 262.68 
44.5756 946.732 23593.7 274.423 
45.0452 912.345 22360.5 252.679 
74.0332 915.895 21525.5 254.185 
47.912 923.235 19775.2 304.855 
58.7924 818.846 18005.1 199.443 
73.3597 1000.52 15761.3 246.204 
76.9336 831.415 10126.4 216.728 
0 0 10126.4 0 
0 0 10126.4 0 
22.8404 401.344 10126.7 146.065 
23.1606 428.119 18314.4 145.069 
25.8136 493.012 19689.8 165.549 
19.2756 463.269 20663.2 160.087 
25.7943 382.407 23250.7 134.997 
23.9304 461.148 24395.2 159.017 
17.3942 460.073 24846 164.113 
34.2696 417.77 27637.4 130.675 
26.6487 446.917 27413.8 153.256 
34.0285 418.863 28594.3 151.402 
27.7001 478.585 27871.1 174.888 
32.8213 419.516 27866.9 157.623 
21.7142 447.226 26877.1 177.49 
31.7847 461.15 27484 153.714 
35.9011 393.067 26191.9 138.755 
25.915 377.836 25072.3 129.554 
34.1586 386.468 24540.1 132.319 
20.0025 369.611 22300.5 130.843 
18.0324 339.761 21329.5 114.278 
29.1816 413.536 18764.3 122.501 
28.8457 397.645 17427.1 148.838 
21.9951 334.979 10428.8 104.254 
0 0 10428.8 0 
0 0 10428.8 0 
24.8498 653.098 16688 249.451 
51.5504 749.229 17465.5 232.468 
47.5652 830.679 17921.3 239.876 
46.2997 721.687 19998.3 210.904 
53.2437 825.3 22178.6 248.347 
48.2909 704.508 22511.2 222.746 
42.8703 731.973 23817.2 230.678 
39.1913 770.97 24922.8 254.24 
43.8973 818.654 25332 260.155 
46.4838 673.179 26016.7 215.633 
29.2628 774.135 25267 277.531 
42.6531 755.782 24731.2 245.156 
28.2065 779.521 25366.9 245.151 
40.701 759.718 24737.7 246.257 
43.0415 827.055 24830.6 247.909 
71.0971 792.789 24830.5 229.129 
50.9663 743.467 22729.3 211.377 
46.1885 754.717 21738.6 239.163 
42.1889 833.256 19404.2 227.3 
32.358 806.808 17565.7 262.414 
49.5944 751.009 15581.1 231.276 
18.7683 802.784 15430 316.325 
0 0 15430 0 
0 0 15430 0 
48.7487 599.633 17790.6 249.162 
45.1409 704.512 16943.3 199.7 
19.6172 701.407 17455.1 220.915 
40.7052 728.55 19472.1 202.232 
36.068 735.605 21804.4 229.585 
45.5493 808.634 21114.7 207.161 
44.3372 787.401 23925.3 245.213 
31.7785 753.91 24103.4 218.408 
28.8708 713.754 24287.1 224.355 
45.129 822.87 23951.5 243.922 
52.3363 786.674 25928 257.708 
48.2065 701.644 24989.5 210.975 
40.0317 780.715 25486.5 244.506 
44.7565 717.382 24797.9 221.729 
55.7572 710.776 25333.7 222.152 
28.2209 997.402 22261.1 293.274 
31.2059 543.876 22653.7 168.79 
87.1439 880.885 22123.8 237.057 
50.6419 938.188 19452 255.373 
31.1597 674.876 17880 193.46 
55.5295 741.022 15709.8 217.164 
52.8015 860.675 15233.8 309.507 
0 0 15233.8 0 
