147.549  2.08312 
65.7923  2.0378 
-82.9919  1.96986 
154.635  8.25113 
65.1919  7.32385 
-107.792  7.25484 
160.103  8.56508 
105.064  7.77308 
-140.684  7.38756 
169.511  8.27822 
21.3671  7.73309 
-140.049  9.23138 
117.287  8.35028 
136.231  7.54495 
-102.183  7.58095 
114.576  8.31365 
111.166  7.49127 
-59.2535  7.25006 
115.097  7.84245 
5.20843  7.29697 
-98.8185  7.27746 
111.671  8.03076 
71.2677  7.8958 
-151.104  7.91009 
96.8768  7.77682 
52.6367  7.32694 
-85.4772  7.00404 
110.039  7.92554 
45.8175  7.30568 
-97.1497  7.3938 
118.314  7.6961 
52.8913  7.39973 
-111.57  6.90133 
17.1477  7.31462 
29.9489  7.13691 
-151.035  6.92384 
104.528  7.4977 
75.6714  7.28572 
-186.75  7.32449 
92.3357  7.43049 
65.3198  7.34157 
-173.437  7.5294 
58.6477  7.31544 
21.0899  7.61485 
-258.463  7.02974 
-16.4008  7.76829 
61.6004  7.47278 
-224.712  9.99529 
-19.3695  7.34221 
74.0152  7.54259 
-253.012  7.68729 
21.847  7.42753 
66.5067  7.22774 
-212.552  8.7367 
33.9193  7.94219 
52.8606  7.86838 
-212.234  7.8542 
-31.1302  8.0076 
80.2896  7.40445 
-263.466  7.55073 
50.6037  8.05998 
91.852  7.41223 
-259.043  10.9619 
-44.2446  8.18364 
28.7503  8.02282 
-209.147  8.34221 
-32.8892  8.25073 
84.2605  7.76687 
-181.608  8.11689 
-66.7957  1.93723 
90.9946  1.82379 
-209.449  2.03755 
1.87422  1.88434 
-133.902  1.89319 
7.47031  1.837 
-45.9896  6.99233 
-120.855  7.19887 
-21.9041  6.98675 
11.0439  7.64879 
-160.29  7.79311 
-26.6207  7.50083 
-0.816333  6.7248 
-120.649  7.14698 
-39.075  7.51636 
30.2483  7.0798 
-64.0076  7.25592 
0.884624  6.89835 
87.054  6.8395 
-58.3552  6.97043 
-46.9399  7.05185 
43.1397  7.04857 
-92.021  7.29177 
-27.0885  7.86778 
52.7735  6.48917 
-156.905  7.019 
-1.36461  6.89333 
17.4815  6.78465 
-102.08  7.13953 
5.08306  6.7829 
-31.6364  7.17743 
-119.149  7.04268 
-32.9836  7.54734 
-6.19295  6.85192 
-85.6964  7.03879 
-2.66939  7.03042 
-27.9311  6.95001 
-66.2785  7.26717 
-10.6821  6.59395 
-50.287  7.28324 
2.83225  6.64636 
-21.7803  8.52152 
-29.064  7.34532 
-77.9805  7.01235 
-0.515625  6.55491 
-33.501  7.42974 
-47.2212  7.05731 
28.9297  6.62353 
-131.565  7.55316 
-89.3246  7.18973 
-14.8272  8.44792 
-35.9709  7.41686 
-104.074  7.15837 
-48.2335  6.80828 
-16.7699  7.68258 
-52.0418  7.23378 
-29.1466  7.12413 
-67.9861  7.62001 
-20.5125  9.11948 
50.3317  7.51007 
-31.1175  7.39003 
-61.3128  7.25723 
-37.3351  7.06152 
-14.9781  7.98693 
-45.6309  7.37058 
20.6998  6.99677 
-93.668  8.3079 
-50.8533  7.32609 
-40.725  6.94973 
-131.625  8.33664 
-64.882  7.48481 
-99.7648  9.26729 
-79.6829  2.2027 
-9.66586  1.85983 
-3.9845  2.00591 
3.50682  1.90577 
-76.0514  2.00007 
34.8218  1.80969 
-16.9294  7.34852 
-4.83121  7.05224 
37.3765  7.35678 
44.6745  7.44451 
16.7386  7.82861 
32.1665  7.58768 
12.2397  7.44251 
-3.97129  7.04472 
52.7941  7.46984 
38.7794  7.24433 
11.4446  7.24499 
22.8646  7.22036 
94.9568  7.43578 
24.8433  7.10116 
23.5176  7.10082 
123.301  7.03605 
38.1527  6.99596 
75.9598  6.74124 
74.5051  7.13253 
-42.4627  7.20442 
-16.5209  6.87433 
65.2833  7.0725 
-7.498  7.46174 
24.6246  7.39786 
94.9834  7.11162 
-0.550212  6.62395 
-2.99058  6.65251 
76.7179  7.14934 
-41.5315  7.02483 
45.4356  6.68516 
71.5202  7.03205 
-129.204  6.99458 
80.7474  6.89736 
93.1492  7.26882 
-67.0647  6.83991 
85.1756  6.74055 
35.8073  7.3199 
-45.5656  6.98151 
23.0086  6.57315 
116.509  7.37286 
-95.4767  7.23953 
47.3197  6.66039 
65.4681  7.27732 
-123.316  7.02136 
26.0109  7.0326 
70.3468  7.67682 
-137.73  7.20348 
-1.33027  6.73284 
87.6056  7.71861 
-112.225  7.25552 
3.07173  6.44803 
64.0582  8.10374 
-87.6566  7.24718 
18.0437  6.9088 
-2.81213  7.5457 
-91.2226  7.56499 
22.0953  7.06952 
113.838  7.69181 
-105.522  7.25989 
17.2635  7.53883 
154.091  7.95814 
-45.9861  7.5257 
2.01817  6.7112 
71.1673  7.71112 
-21.1762  7.64577 
38.7007  7.06932 
109.603  2.09803 
-69.2061  1.93553 
27.9658  1.89428 
-54.4032  2.21672 
33.5726  2.14561 
-22.859  1.88268 
-53.8477  8.3052 
103.336  7.55278 
-16.8138  7.34829 
-141.001  8.85471 
86.5322  7.62946 
-5.31129  7.56259 
-103.331  8.30595 
40.2924  7.3213 
21.4341  7.38526 
-88.86  8.4661 
58.7646  7.76549 
-21.5443  7.69986 
-79.0694  8.37143 
10.0294  7.46007 
-65.6102  7.01357 
-188.736  8.5022 
67.1465  7.62962 
-59.5687  7.29046 
-112.321  7.88238 
4.1031  7.06277 
-53.6348  7.00491 
-158.607  8.13373 
17.7305  7.5456 
-3.91651  6.79733 
-129.539  8.2182 
37.914  7.38316 
-9.41876  7.53032 
-122.127  8.0851 
93.8635  7.4321 
-21.5538  7.36696 
-151.897  7.94623 
139.271  6.92844 
-86.1278  7.07391 
-131.55  8.16173 
46.5136  7.01845 
-30.803  7.38375 
-109.277  7.8715 
158.394  6.92684 
-31.0961  7.07911 
-120.916  7.52992 
117.815  7.14812 
-13.6377  6.98093 
-106.468  8.00862 
54.3652  7.09251 
-50.1881  7.08979 
-25.6688  7.62677 
3.17837  7.09489 
19.5584  7.35583 
0.653893  7.46573 
70.3298  7.79846 
10.2636  7.4095 
-13.9487  8.28807 
48.5634  7.50743 
43.8933  7.50841 
27.0755  8.18461 
66.7828  7.47736 
11.0649  7.44136 
-79.5332  7.81214 
3.137  7.53702 
-23.3923  7.74548 
9.79744  7.96651 
48.6066  8.16367 
-68.3238  7.70976 
-19.4686  8.08842 
45.2414  7.73463 
-74.8618  7.82448 
38.4872  1.87395 
46.9025  2.20034 
-6.94379  1.90268 
-29.8492  1.9174 
156.103  1.8524 
19.8183  1.90493 
41.3696  8.2513 
122.691  7.73564 
-8.89354  7.55123 
-12.2792  7.6931 
99.149  7.16487 
11.5585  7.18055 
-26.6373  8.01862 
169.246  7.65799 
5.35426  7.24131 
-23.497  7.79618 
159.01  7.5973 
-9.54772  7.46031 
-54.8105  7.82947 
130.568  7.54016 
-25.804  7.49575 
-47.1748  7.64007 
177.821  7.57509 
40.1094  7.19761 
-12.7625  7.90322 
114.936  7.4243 
-7.44485  7.10427 
-68.9319  7.62752 
151.574  7.22956 
39.3892  7.20992 
-6.43831  7.63599 
150.951  7.22438 
78.923  7.0265 
-128.094  7.94768 
134.445  7.24023 
22.617  6.81509 
-49.0506  7.49115 
157.586  7.32401 
55.481  6.88268 
-83.4129  7.24005 
103.547  7.10895 
0.332478  6.74118 
-74.7971  7.32628 
166.761  7.24043 
16.6754  7.66547 
-122.988  7.47256 
135.574  7.14966 
15.4719  7.01281 
-68.0295  7.52057 
145.025  7.10514 
-0.611165  6.89053 
-43.8426  7.6432 
111.563  7.2758 
23.5196  7.73316 
-92.6501  7.75396 
118.147  7.33757 
0.354581  6.98209 
-84.1033  7.30938 
122.27  7.3994 
74.9247  7.88843 
-74.994  7.74966 
59.0455  7.75057 
-17.1824  7.54348 
-113.304  7.67401 
24.7047  7.72544 
-71.2908  7.54818 
-100.899  8.02273 
78.7502  7.5779 
-63.9908  7.64035 
-169.702  7.85106 
66.7217  7.82212 
-45.4499  7.66246 
-135.915  1.92157 
24.7838  1.86467 
-133.682  1.91817 
-46.1718  1.8543 
-123.841  1.86321 
-102.11  1.91221 
-50.5743  7.03608 
-205.026  7.63674 
-84.1445  7.53729 
9.82295  6.95547 
-158.601  7.48413 
-51.462  7.2643 
-46.6511  6.93174 
-211.438  7.48764 
-144.595  7.12633 
-52.5493  7.19262 
-147.215  7.2376 
-38.4499  7.32143 
-81.8621  6.91933 
-108.031  7.20536 
-57.3164  7.54545 
-73.8222  7.06213 
-206.779  7.32168 
5.4894  6.79977 
-31.4731  7.0156 
-194.345  7.21271 
-16.5047  7.01551 
-56.7502  6.64284 
-195.46  6.90825 
-9.46016  6.47398 
-62.2469  6.8362 
-84.6963  6.95192 
-43.3054  7.03602 
-83.902  7.50276 
-119.1  7.00252 
-58.2889  6.86245 
-0.558717  6.70604 
-110.529  6.92303 
-31.2481  7.08155 
-61.8645  7.18 
-145.969  6.92628 
18.9045  6.76326 
-26.616  7.13788 
-97.9473  7.1044 
-71.2743  6.59724 
-82.34  7.13098 
-105.53  7.19201 
-71.5133  6.80587 
-34.5221  7.27287 
-37.9166  7.00609 
-35.7367  6.55572 
-94.8884  7.35217 
-83.8331  7.38844 
17.4686  7.36676 
-42.6376  7.29573 
-110.712  7.12254 
-2.65886  6.47673 
-110.09  7.43456 
-104.078  7.26294 
-13.4683  6.98129 
-37.5404  7.5493 
-84.0523  7.39279 
-8.1182  7.06001 
-54.0537  7.02478 
-52.9984  7.05548 
7.5969  6.60933 
-104.868  7.60555 
-78.5489  7.30857 
-18.3752  7.51325 
-148.2  7.65495 
-69.7882  7.54097 
1.81448  6.87498 
-178.413  2.11944 
-114.216  2.08705 
-45.8731  1.90337 
-63.6453  2.07143 
-133.268  1.91941 
6.43228  1.9499 
-155.916  7.77591 
-65.0431  7.84215 
-18.5208  7.24417 
-92.2462  7.86345 
-5.73707  7.04867 
13.1672  7.30094 
-74.8059  7.51386 
-117.33  7.26438 
18.9327  7.39296 
-48.462  7.60091 
-47.5237  7.3099 
21.5834  7.98818 
-99.9801  7.5341 
-54.1507  7.22336 
-1.54459  6.74857 
-42.1064  7.30071 
-73.9949  6.8308 
-23.9348  7.05037 
-81.2294  7.43982 
-16.2354  7.24669 
4.47667  6.7782 
-58.6877  7.51636 
-19.1778  6.82435 
61.4845  6.64633 
-1.5744  6.77969 
-13.6475  7.0043 
37.4929  6.80062 
-27.3526  7.19086 
57.0139  6.97948 
42.8776  7.06697 
-54.5255  7.32128 
-28.1995  7.27206 
50.8863  6.73112 
-93.1819  7.62056 
6.15824  6.97198 
83.5978  6.61282 
-64.5526  7.51784 
-3.39476  6.54287 
77.4579  6.56694 
-7.80673  7.35192 
20.9738  6.86052 
105.276  6.73083 
-32.6196  7.37654 
-25.7299  6.95139 
83.7121  6.66738 
26.4453  8.07092 
-28.1373  7.00707 
17.3033  6.88452 
4.57787  7.03015 
-26.9258  6.87202 
69.6363  6.42553 
26.3987  7.24518 
-23.2707  6.7972 
25.8133  6.50685 
-20.7559  8.09126 
15.9094  7.47933 
79.1735  7.1078 
-4.78225  7.07337 
-25.9173  7.20245 
27.0535  7.79772 
17.5873  7.82327 
8.70424  7.19576 
33.9699  7.14087 
47.3452  7.85291 
42.7334  7.20752 
27.6089  7.16578 
26.0584  1.94442 
22.7828  1.90528 
-9.54236  1.84943 
139.336  1.84567 
177.71  1.89347 
165.271  1.89618 
142.972  7.95578 
138.661  7.70452 
150.212  7.45984 
184.629  7.94792 
106.205  7.62304 
190.428  7.37976 
143.964  7.83515 
132.338  7.67512 
167.442  7.3634 
173.236  7.80901 
136.721  7.79301 
160.897  7.45406 
155.018  7.71678 
57.165  7.70981 
244.912  7.31274 
102.941  8.01303 
82.0778  7.61961 
92.0971  7.22895 
108.764  7.53111 
69.0214  7.49633 
182.764  6.91346 
129.491  7.63856 
99.794  7.54847 
197.423  6.956 
120.336  7.78454 
59.8004  7.55951 
76.4784  7.06838 
43.2881  7.67954 
93.9771  7.49258 
130.66  7.31127 
92.5233  7.68543 
25.4434  7.45974 
171.778  7.2098 
120.629  7.61272 
65.5094  7.24683 
61.3848  7.19113 
78.0005  7.54275 
-23.8696  7.56773 
105.975  7.27861 
47.8339  7.55838 
66.6254  7.42479 
93.7398  7.48109 
53.9654  7.13171 
85.7146  7.32466 
-1.69464  6.92814 
47.0142  7.51434 
66.0618  7.49426 
74.0634  7.95949 
10.6499  7.45566 
-5.79245  7.43437 
89.4943  7.32909 
59.1729  7.61124 
91.2611  7.87328 
23.0546  7.6162 
11.1525  7.90879 
64.4973  7.73497 
43.3864  7.47447 
1.2652  7.93033 
-14.2406  7.73145 
32.1741  7.55273 
-40.0285  8.43558 
44.2107  7.7971 
41.1756  7.60281 
-49.3292  7.95827 
50.1401  7.85841 
57.4878  7.90194 
-45.3079  1.89003 
37.138  1.93895 
-15.0083  2.1923 
-43.7101  1.83767 
-99.6948  1.8699 
-66.9266  1.97319 
39.2606  7.11197 
-167.114  7.0253 
-13.387  6.80489 
90.9334  7.09082 
-108.985  7.11618 
10.8257  6.4499 
43.7809  7.01694 
-140.092  7.26126 
-45.1677  6.56727 
94.5346  7.43052 
-128.036  7.12005 
-113.662  6.73665 
0.217964  6.80078 
-142.1  6.99669 
-72.7442  6.50793 
41.4739  6.84928 
-164.418  6.93877 
-74.2221  6.46466 
35.1059  6.88231 
-128.613  7.2058 
-63.7273  6.55339 
92.0074  6.76665 
-125.593  6.74491 
-59.5456  6.09493 
-49.0783  6.97835 
-47.3847  6.77169 
-68.923  6.09005 
24.2073  7.01749 
-80.3165  6.92853 
-81.1866  6.55113 
6.92774  6.52693 
-69.5969  6.77967 
-43.6049  6.59022 
49.3194  7.10609 
-61.3247  6.40976 
-34.3978  6.6149 
41.1208  6.64959 
-119.434  6.43935 
-90.6942  6.5375 
91.5614  6.86109 
-104.605  6.59642 
-39.2305  6.59119 
8.62204  6.59632 
-106.427  6.83805 
-65.3446  6.67698 
51.9223  6.78684 
-99.7549  6.88907 
-35.8263  6.74771 
51.8819  7.04428 
-97.0348  6.9087 
21.5808  6.89218 
60.0436  6.99027 
-90.5267  6.84853 
-105.51  6.70788 
5.35264  6.58538 
-64.093  6.74883 
-8.67007  6.6489 
48.4388  6.77986 
-75.88  6.92173 
-117.969  6.84349 
28.9804  7.16103 
11.4229  6.85388 
-76.9346  7.08183 
48.3183  7.3553 
-84.1405  7.07692 
-36.3544  7.21252 
93.1458  2.1261 
-73.9554  1.95089 
-21.7121  1.82538 
-137.075  2.0111 
-209.015  2.13699 
-80.2405  2.17217 
-121.455  7.34695 
-182.962  6.97401 
-119.811  6.99766 
-86.8297  7.36398 
-136.227  6.89065 
-182.216  6.96688 
-64.8723  7.1889 
-173.843  7.01612 
-137.264  7.01887 
-91.6827  7.31286 
-152.393  6.9067 
-96.408  7.03528 
-42.1737  6.89293 
-194.266  6.75455 
-122.282  6.46564 
-98.499  6.93998 
-166.133  6.84903 
-138.973  6.76964 
-102.452  7.0507 
-72.5938  6.46321 
-87.5752  6.53947 
-86.1693  6.70042 
-92.1035  6.44108 
-95.4569  6.06407 
-90.7326  6.72366 
-44.4494  6.36056 
-184.765  6.55807 
-61.3225  6.63504 
-110.159  6.34907 
-187.216  6.51955 
-87.0093  6.95663 
-40.9714  6.28212 
-126.305  6.49373 
-181.073  6.8259 
-15.5098  6.43301 
-151.961  6.80785 
-101.77  6.99451 
-76.8361  6.41574 
-125.014  6.43493 
-108.979  6.70237 
-111.031  6.18523 
-219.984  6.41382 
-142.321  7.06361 
11.7929  6.59791 
-198.889  6.61351 
-131.799  6.98851 
-49.7879  6.65453 
-221.356  6.45111 
-159.772  7.41505 
-23.0917  6.57436 
-161.167  6.61964 
-209.182  7.30316 
-116.878  6.78255 
-176.32  6.44885 
-164.394  7.11379 
-108.306  6.71848 
-180.117  6.36884 
-68.0423  7.30164 
-98.1658  6.99383 
-245.101  6.62119 
-122.418  7.24094 
-104.161  6.8381 
-121.34  6.63693 
-179.045  7.36929 
-36.1307  7.09875 
-149.362  6.89089 
-133.08  1.87037 
-123.543  1.8775 
-201.668  1.88957 
217.434  2.1154 
-9.47561  1.82947 
-41.6719  1.89417 
253.177  6.97635 
-126.546  6.71848 
-38.6812  6.41345 
220.334  7.48091 
-13.1495  7.28545 
-30.7524  6.73149 
179.252  7.30555 
40.4049  6.43374 
10.9823  6.32359 
126.637  7.23729 
25.7948  6.70793 
48.9463  6.4498 
209.693  7.14485 
-74.7778  6.51705 
28.1561  6.25008 
126.997  7.18083 
32.1572  6.64017 
30.2407  6.73821 
60.7566  7.05537 
34.9337  6.47559 
-14.4615  6.42303 
99.7529  7.36659 
13.0097  6.65454 
33.054  6.52551 
57.9473  6.7513 
46.4005  6.28467 
-22.4439  6.07902 
72.9371  7.12218 
24.5929  6.27227 
-4.43139  6.31387 
-12.7556  7.24096 
31.7564  6.37162 
54.04  6.37185 
24.6564  7.20058 
71.0009  6.34509 
-20.2615  6.52555 
41.0704  7.19793 
81.1764  6.34807 
66.9708  6.13377 
33.6952  7.27473 
44.4034  6.57538 
-45.8559  6.32564 
-59.7109  7.06596 
30.271  6.13902 
55.126  6.03914 
-104.199  7.62409 
137.624  6.46407 
72.5199  6.19997 
-84.5323  7.34904 
91.5404  6.41109 
-1.21774  6.18903 
-144.42  7.63164 
79.8316  6.59559 
-7.24289  6.58076 
-214.142  7.54049 
-39.8105  6.58199 
86.2996  6.49798 
-113.974  7.82746 
35.3059  6.87074 
-28.1449  6.42023 
-214.352  7.51768 
12.4866  6.68618 
11.6087  6.33849 
-206.56  7.50978 
-31.9871  6.35873 
41.997  6.15813 
-167.08  1.94206 
0.255611  1.92704 
8.9936  2.03238 
-6.15545  1.92714 
-155.492  1.96171 
-69.309  1.929 
-16.3576  6.90348 
-180.19  6.71202 
-23.2845  6.54486 
-18.343  6.76861 
-124.966  6.88284 
5.28772  6.35257 
-87.1102  7.08439 
-125.227  6.59001 
55.5069  6.74569 
30.6949  6.74535 
-129.074  6.43264 
0.0665553  6.50852 
-70.8189  6.36465 
-137.027  6.39122 
-4.48946  5.97351 
-90.7511  7.39083 
-195.345  6.38692 
16.1846  6.51077 
1.89252  6.8313 
-144.494  6.42796 
3.59197  6.85219 
-68.002  6.84284 
-202.729  6.35603 
1.13465  6.79201 
-49.4837  6.70558 
-147.42  6.42753 
-1.4604  6.20848 
-58.018  6.94942 
-219.578  6.38807 
32.3772  6.1442 
-5.57017  6.61195 
-181.452  6.32107 
59.233  6.34171 
-30.8824  6.75886 
-161.542  6.39608 
58.3848  6.08087 
-50.6414  6.31491 
-173.428  6.32517 
93.6157  6.15362 
43.137  6.49409 
-173.443  6.22873 
81.4795  6.16792 
26.1437  6.32121 
-234.556  6.15076 
57.2016  6.14889 
-47.8738  6.60218 
-175.156  6.34264 
44.9376  6.17738 
-51.7639  6.45416 
-143.187  6.38909 
61.6506  6.30628 
29.5799  6.81173 
-168.843  6.68953 
98.9027  6.5149 
20.0554  6.91066 
-64.5469  6.53356 
70.6114  6.42128 
87.8125  7.17048 
-125.258  6.49699 
116.37  6.38066 
3.46717  6.91148 
-110.201  6.46915 
38.5239  6.62596 
87.3394  7.12248 
-82.9857  6.71833 
44.9513  6.58786 
68.7548  2.0491 
-69.3875  1.88751 
23.855  2.04667 
-18.582  2.05995 
-75.1077  1.90023 
102.375  1.98414 
8.27988  7.52759 
-48.3421  7.05216 
57.7034  6.75836 
65.8303  7.26987 
-12.0389  6.81161 
162.541  6.54299 
44.4736  7.3134 
-45.2861  6.68789 
151.918  6.39366 
-18.7646  7.31567 
5.49859  6.47019 
82.1541  6.55202 
24.046  7.17935 
-51.2854  7.28788 
127.452  6.65968 
-25.7669  7.12064 
16.0916  6.70288 
59.8235  6.53193 
-11.5365  7.08353 
-88.374  6.48151 
75.3179  6.49561 
14.1464  7.29861 
52.9273  6.57225 
184.725  6.34907 
1.4718  6.81718 
3.40906  6.43208 
79.7543  6.49667 
10.7532  7.28076 
-51.6086  6.86798 
115.472  6.50568 
-23.6928  6.69763 
-2.35238  6.28215 
98.7245  6.43294 
-15.985  7.0474 
-19.3724  7.03709 
30.6889  6.5859 
-45.0636  6.80683 
-64.1793  6.52653 
116.179  6.71851 
-38.1522  6.75037 
50.173  6.79256 
80.4385  6.62337 
-67.556  6.66352 
-20.77  6.74465 
69.5067  6.54239 
-26.421  7.05789 
8.13286  6.53952 
117.994  6.51555 
-27.7782  7.15192 
12.1995  6.93387 
149.81  6.73031 
-140.052  7.1369 
-67.8519  6.82129 
139.87  6.76103 
-104.521  7.26457 
-43.8745  7.22267 
188.616  6.75956 
-162.306  7.05705 
34.9063  6.95934 
134.828  6.8801 
-101.159  7.28962 
-55.2341  6.99083 
58.7387  6.84004 
-115.079  7.40928 
-5.14978  6.83792 
54.8533  6.75308 
-118.808  1.89017 
-51.3265  1.98984 
108.528  1.84011 
-40.9703  1.86744 
-301.969  1.94062 
35.9399  1.83835 
-77.4012  6.98647 
-231.697  7.75507 
-34.3579  7.1683 
-81.634  7.06091 
-261.228  7.38826 
40.3288  7.00573 
-33.172  7.62265 
-207.578  7.04208 
44.87  6.79604 
-1.3269  6.72768 
-209.569  7.21017 
-19.8624  6.83302 
23.1069  6.49162 
-161.934  7.10192 
-24.7373  7.31204 
21.2847  6.8183 
-180.623  7.13852 
1.6448  6.73578 
-138.59  6.65912 
-158.335  7.03308 
24.4635  6.54331 
-36.7668  6.64669 
-119.642  6.76474 
17.4302  7.15896 
-13.1906  6.56732 
-187.058  6.97643 
-4.07004  6.50022 
-41.4004  6.56231 
-133.035  6.66678 
-20.7564  6.42323 
-24.3107  6.5608 
-183.298  6.75365 
-24.6642  6.36248 
-41.3313  6.51022 
-114.864  6.6052 
-18.0463  6.33432 
-10.2808  6.59708 
-116.989  6.73389 
-71.2453  6.38227 
-31.35  6.86853 
-67.3033  6.47841 
-38.5639  6.31508 
51.3284  6.98313 
-47.0566  6.44389 
-79.646  6.77119 
-13.2852  6.90938 
-43.8042  6.82138 
-92.7555  6.48519 
24.1307  6.90437 
9.06035  6.85803 
-56.3962  6.45413 
7.37322  6.90248 
-67.0098  6.97728 
-122.751  6.61709 
-28.1179  6.95304 
12.7478  7.04453 
-45.0159  6.40488 
-16.1931  6.95897 
30.8919  6.90199 
-94.1685  6.77433 
-17.2641  7.25096 
81.6238  6.79598 
-88.4953  6.63596 
13.1789  7.36628 
42.0908  6.98424 
-83.6907  6.82725 
-36.5953  1.77141 
-14.9194  1.9087 
-98.3736  1.99026 
-18.5356  1.96466 
-118.809  1.90021 
-59.827  1.88291 
-65.0315  6.88049 
-35.0734  7.13803 
-58.3468  6.89464 
-7.90659  6.75148 
-76.2054  7.0728 
-84.5439  7.12708 
30.6071  6.83125 
-82.6961  7.10628 
-67.0023  6.79335 
49.8462  6.78393 
-29.873  6.95621 
-61.3615  6.90402 
31.5074  6.66936 
-34.2809  6.82236 
-93.4009  6.53759 
10.0614  6.67795 
16.0123  6.93343 
-30.7101  6.78353 
73.3786  6.50027 
-10.6026  6.72931 
10.4561  6.63911 
70.948  6.66098 
69.716  6.90085 
-28.9182  6.79169 
30.2803  6.56562 
-9.17931  6.6751 
-7.9419  6.35283 
77.8968  6.77773 
-31.5382  6.86083 
31.7958  6.60088 
54.4937  6.67643 
-44.2278  6.57023 
-52.9891  6.49143 
35.4331  6.5977 
-88.6129  6.51923 
-15.0142  6.49192 
110.845  6.76741 
-80.383  6.87141 
80.9208  6.21243 
40.6706  6.77898 
3.71161  7.09404 
55.3006  6.23671 
56.1108  6.82535 
1.54651  6.60541 
100.26  6.18363 
34.7374  6.74061 
-48.2168  6.6873 
57.9928  6.22927 
103.097  7.26319 
8.50879  6.67044 
89.0935  6.20509 
2.73466  7.31662 
13.7308  6.73918 
22.0987  6.4522 
5.57667  6.97608 
74.1107  6.79999 
21.4498  6.41876 
25.4101  7.13111 
7.63305  6.91079 
45.4876  6.63225 
85.0497  7.02284 
41.3808  6.94149 
-11.2619  6.60642 
140.403  7.30122 
45.3968  6.99522 
-12.8535  6.97741 
74.5486  2.03428 
-10.6697  2.05806 
0.179189  1.90134 
-124.394  2.01274 
-168.059  1.82947 
-54.9147  1.87993 
-180.906  7.10398 
-106.352  6.76771 
-60.9913  6.43405 
-154.564  6.97515 
-129.142  6.69687 
-2.86266  6.17227 
-130.156  6.94406 
-157.621  6.85768 
-9.53022  6.5859 
-106.778  7.02868 
-56.4961  6.13946 
-58.3853  6.17434 
-185.814  6.92191 
-105.769  6.40149 
-32.0544  6.4325 
-127.234  6.96966 
-117.209  6.28937 
7.91792  5.97706 
-163.696  7.05118 
-86.7355  6.04629 
-41.6933  5.93341 
-151.887  6.5468 
-108.534  6.23425 
-57.0149  5.8452 
-119.678  6.36117 
-165.227  6.17871 
-35.0109  5.87433 
-148.327  6.51637 
-103.027  6.03526 
-108.741  6.19297 
-203.258  6.59193 
-85.2556  6.26522 
-27.2866  6.12039 
-183.661  6.59071 
-163.394  6.30492 
-87.9703  6.32745 
-251.864  6.85877 
-117.102  6.20022 
-124.424  6.3843 
-160.526  6.72754 
-165.099  6.43347 
-90.9046  6.60677 
-219.166  6.4237 
-202.222  6.3002 
-114.705  6.33202 
-224.291  6.74409 
-178.815  6.3918 
-111.919  6.661 
-220.393  6.74653 
-163.813  6.55162 
-62.6648  6.51296 
-192.267  6.74129 
-135.2  6.72113 
-200.332  6.78216 
-213.391  6.84782 
-163.357  6.82805 
-78.1149  6.73949 
-259.481  6.75088 
-199.716  6.63257 
-146.927  6.53941 
-168.333  7.18717 
-176.45  6.58272 
-132.589  6.8209 
-275.057  6.8523 
-173.682  6.76178 
-183.894  6.94673 
-276.019  1.82531 
-196.109  1.89099 
-186.878  1.96358 
13.7658  2.31622 
-201.758  2.01657 
185.698  1.90906 
22.8828  8.41543 
-136.999  7.58894 
114.812  7.34072 
100.187  8.15694 
-129.411  7.3357 
210.263  7.13582 
99.4656  8.12452 
-135.636  7.47194 
191.325  6.96738 
75.8113  7.87914 
-122.654  7.42607 
191.493  7.13258 
47.5454  7.49452 
-202.572  7.10724 
156.972  6.95265 
94.1049  7.61413 
-199.503  7.01934 
128.223  6.86745 
110.73  7.70417 
-148.045  7.35758 
130.932  7.2202 
63.0417  7.29157 
-230.471  7.00149 
148.794  6.97937 
79.5957  7.39143 
-246.087  7.08924 
179.732  6.86472 
112.425  7.3399 
-182.568  6.92964 
160.872  6.85211 
76.6931  7.13724 
-152.259  7.19519 
119.894  6.9756 
120.257  7.16664 
-177.177  7.08333 
113.72  6.96169 
97.9005  7.36313 
-137.653  6.94301 
64.8273  6.78457 
87.6966  7.17806 
-188.228  6.94854 
96.0483  7.04609 
72.0601  6.89129 
-164.046  6.90769 
78.8492  6.95396 
58.2972  7.16547 
-197.692  6.9928 
127.765  6.82824 
104.212  7.29663 
-129.807  7.19586 
62.4613  7.35079 
66.9106  7.32844 
-178.61  7.30846 
61.1867  7.41488 
-19.3722  7.60023 
-148.761  7.19859 
89.3522  7.27777 
96.2437  7.66981 
-207.264  7.40039 
32.4917  7.48471 
113.198  7.56403 
-141.823  7.39569 
28.0981  7.53805 
10.4415  7.55642 
-179.716  7.49399 
46.3855  7.94346 
43.1929  1.92638 
-162.252  2.18148 
46.5266  2.27435 
42.9693  1.99673 
-32.1609  2.15058 
12.2771  1.91054 
79.4576  7.49424 
-49.2459  7.28937 
-38.8923  7.75579 
22.2071  7.61102 
-73.4614  7.43409 
-53.452  7.49043 
21.1938  7.53039 
-36.8796  7.37077 
-12.0676  7.3815 
30.8426  7.52758 
-48.7049  7.11891 
-9.50081  7.35296 
74.8593  7.30984 
-88.2481  7.2918 
8.53764  7.15377 
90.2461  7.38338 
-20.53  7.07454 
16.3958  7.06557 
103.037  7.08462 
-42.9829  7.00806 
33.4278  6.95811 
94.2321  7.38267 
16.2364  6.85788 
49.714  6.83447 
105.874  7.0809 
-75.8907  7.05961 
43.6512  7.1109 
107.315  7.12454 
-23.9567  6.93998 
62.4092  6.87236 
87.9434  7.22053 
-57.4379  6.93181 
102.904  6.83618 
79.065  7.28867 
-13.837  6.60751 
57.1002  6.81454 
122.317  7.42064 
-16.7238  6.86287 
84.3727  6.73796 
69.2455  7.48205 
-14.0883  6.95441 
79.1674  6.75698 
111.889  7.63949 
-51.074  6.98214 
139.75  6.87894 
61.4612  7.74727 
-47.3277  7.17192 
92.3236  7.04175 
42.2647  7.7903 
24.3232  7.2441 
101.332  7.03516 
98.6437  7.98531 
-36.0445  7.4804 
138.993  7.24244 
84.3521  8.02877 
-31.3192  7.41248 
91.9428  7.20574 
97.5799  8.09708 
-60.3321  7.64515 
94.4648  7.38696 
134.727  8.30957 
7.96271  7.1102 
63.5565  7.51182 
123.105  8.22958 
-43.5114  7.40099 
131.668  7.38972 
42.4458  2.18088 
-47.3841  2.02129 
107.626  1.90233 
-174.209  1.90247 
-48.6848  2.27081 
-117.278  2.07888 
-39.0401  7.79315 
-60.8848  7.84995 
-129.975  7.52667 
-98.1923  7.79508 
-74.3526  7.75826 
-75.1691  7.53136 
-82.5642  7.73873 
-31.0076  7.67067 
-107.116  7.37613 
-90.7207  7.6447 
-21.364  7.46552 
-51.4714  7.30634 
-92.6403  7.6351 
-44.7391  7.62438 
-97.4809  7.55576 
-26.0268  7.55306 
-54.9939  7.34839 
-86.2532  7.12667 
-112.781  7.4888 
-14.2991  7.37219 
-52.6484  6.91436 
-59.0006  7.34736 
-30.8987  7.36103 
-43.0549  7.01853 
-49.8882  7.21092 
17.9521  7.12038 
-74.5417  6.85739 
-26.3288  7.6584 
78.0403  7.11441 
-85.9022  6.87891 
-65.3173  7.67241 
36.2058  7.27217 
-85.0087  7.28408 
-47.5127  7.98545 
-77.5959  7.3816 
-132.6  7.23582 
0.0368937  7.48704 
-33.4044  7.71407 
-98.5439  7.16369 
-27.8802  8.2435 
4.03374  7.1378 
-119.859  6.6318 
3.24356  7.88578 
6.58103  7.02542 
-35.6715  6.911 
8.22348  8.31912 
-13.4145  7.49341 
-51.8926  7.07564 
-3.45566  8.29723 
-55.4306  7.43767 
-13.9724  6.97301 
1.69658  7.862 
-97.5013  7.44947 
-145.854  7.11666 
-25.9498  8.38583 
35.9068  8.09259 
-52.508  7.33813 
-40.4184  8.37501 
2.91742  7.45994 
-50.057  7.40946 
-47.2675  8.68499 
-26.268  7.59449 
-60.8959  6.94783 
-2.2355  8.47702 
12.207  8.02361 
-27.1594  7.30603 
-18.3281  2.34222 
-1.6355  2.01579 
-79.5255  2.12389 
95.8003  2.35287 
47.4366  2.11973 
133.892  2.01433 
64.5771  8.61644 
109.578  7.68179 
99.0483  7.51992 
69.2777  8.46766 
144.05  7.46542 
118.542  7.25533 
120.457  8.24385 
147.216  7.59036 
74.515  7.26661 
62.5138  8.15827 
135.42  7.47799 
138.021  7.25567 
28.363  8.23364 
134.62  7.68622 
92.3491  7.25711 
86.4605  7.74284 
215.985  7.27883 
150.051  7.04244 
95.3589  8.02654 
177.518  7.42697 
141.433  6.82991 
44.2136  7.74527 
178.808  7.09739 
98.7597  6.86991 
102.66  7.58116 
121.917  7.13167 
214.739  6.47053 
94.2824  7.37996 
125.071  7.17926 
90.5763  6.56161 
133.795  7.41798 
181.707  7.17249 
110.46  6.68555 
120.106  7.44981 
227.938  7.09661 
151.021  6.5021 
99.7421  7.40938 
119.284  6.97492 
100.357  6.6554 
121.3  7.19508 
181.527  7.12793 
102.505  6.88041 
116.512  7.49249 
65.3653  7.35826 
125.944  7.00172 
104.429  7.21282 
161.385  7.47761 
105.897  7.27242 
97.7335  7.72278 
149.528  7.76068 
38.4655  7.17993 
82.0103  7.43497 
83.929  7.53006 
99.9619  7.20238 
54.5258  7.58849 
129.922  7.50716 
87.296  7.17364 
79.2436  7.37056 
96.5952  7.68878 
111.584  7.02006 
99.045  7.70885 
15.9458  7.68034 
62.1227  7.36926 
101.857  7.82143 
59.8931  7.95692 
97.3334  7.53274 
75.399  1.93398 
29.3607  2.00553 
49.486  2.00559 
157.855  2.15691 
297.163  1.86878 
60.8545  1.89811 
125.332  8.90526 
252.354  8.20591 
100.621  7.50108 
108.917  8.98097 
304.361  8.25759 
74.5685  7.75192 
137.255  8.66762 
248.649  7.96139 
68.8524  7.43112 
29.8236  8.6897 
279.28  8.1862 
141.425  7.51932 
40.6363  8.42482 
160.519  7.71438 
111.347  7.18084 
87.9446  8.39476 
174.213  7.91265 
159.716  6.72871 
94.3691  8.00873 
189.344  7.79389 
133.696  7.15399 
101.881  8.10467 
249.365  8.01411 
210.623  7.13375 
112.622  8.10916 
153.811  7.63449 
209.55  6.99341 
134.606  7.83355 
139.158  7.73067 
245.938  6.69083 
66.3862  7.7624 
148.679  7.59851 
237.162  7.01156 
113.887  7.81978 
50.2886  7.53578 
252.089  6.94436 
139.94  7.58182 
59.6543  7.74651 
258.723  7.03422 
49.3458  7.70577 
20.2008  8.005 
207.742  7.1561 
114.858  7.83356 
36.0575  7.97618 
220.214  7.26355 
97.5662  7.64597 
23.7347  8.24682 
294.122  7.1702 
179.963  7.83814 
47.532  7.81361 
208.141  7.13813 
99.8211  7.76468 
46.2164  8.34092 
223.116  7.27084 
133.266  7.95479 
-10.9114  8.16496 
259.39  7.50489 
111.847  8.27383 
14.8985  8.56043 
248.806  7.51277 
120.338  8.04806 
-60.5313  8.54909 
225.362  7.51972 
87.9447  8.11607 
-62.8116  8.53858 
234.745  7.38532 
12.733  2.00249 
-85.0109  1.9123 
183.708  1.99448 
2.49214  1.78266 
-84.5299  1.90651 
-49.4761  2.14241 
16.4416  7.34925 
-69.2648  7.63293 
-4.05529  7.86416 
9.86636  7.24253 
-50.4343  7.50203 
-5.6289  7.64057 
-50.3913  7.00657 
-19.5375  7.62169 
4.44768  7.69355 
86.4654  7.31706 
-9.65193  7.2529 
0.20526  7.25495 
11.1639  6.94332 
-74.0235  7.48089 
8.67981  7.24035 
75.9541  7.13774 
3.75816  7.29172 
-1.30632  7.07591 
44.0887  7.06389 
52.6775  7.11725 
-36.477  7.16289 
83.9148  7.09513 
46.0037  7.1437 
40.226  6.97213 
138.303  6.76337 
53.4035  6.92248 
23.0271  6.78203 
136.596  6.74225 
41.3926  6.9865 
113.961  6.61961 
99.1519  7.10675 
12.2949  6.89152 
27.5265  6.63547 
92.73  6.98337 
22.695  6.99113 
17.7542  6.81206 
103.314  7.15978 
82.7649  6.9033 
-25.8918  6.58431 
70.8208  7.3961 
21.7575  7.06406 
79.2056  6.62784 
76.4578  7.51933 
56.8464  7.08807 
36.7607  6.73689 
132.034  7.4639 
82.1514  7.38671 
-20.9499  7.02171 
130.154  7.28599 
22.2277  7.3577 
108.505  7.02656 
93.3466  7.34816 
36.2822  7.28561 
130.88  6.7678 
114.463  7.6567 
28.5874  7.4675 
56.1874  6.96272 
88.4722  7.72782 
106.176  7.19965 
17.1092  7.00328 
95.3124  7.85015 
59.8701  7.337 
52.5613  7.10865 
42.6068  7.88645 
86.7747  7.55873 
38.1948  7.21492 
102.973  1.96569 
70.4993  2.01354 
44.9046  1.86773 
-15.635  2.09645 
45.969  2.01568 
-143.506  2.05514 
36.6708  7.7736 
108.853  7.42653 
-113.386  7.89434 
-19.9703  7.88024 
168.656  7.39399 
-51.445  8.04336 
-28.1078  8.10786 
85.9636  7.24261 
-8.86756  7.7019 
89.2401  7.74214 
114.818  7.38258 
-10.2615  7.52539 
31.171  7.73121 
97.4072  7.15193 
-43.2091  7.40445 
16.7947  7.70227 
107.387  7.1011 
-45.2661  7.44134 
78.3852  7.37409 
113.355  7.29235 
21.5672  7.4686 
46.4125  7.6577 
108.152  7.32373 
-8.59338  7.28177 
-24.3722  7.56044 
122.63  7.09642 
43.851  7.07403 
-32.8478  7.60351 
112.864  7.19224 
26.2184  7.08043 
9.30907  7.44664 
73.2198  7.22696 
13.5144  7.0649 
51.8259  7.59002 
7.21513  7.17851 
35.5007  6.89713 
50.4474  7.79591 
4.21071  6.87817 
-47.4788  6.89895 
136.332  7.82006 
14.1693  7.12982 
12.594  7.17502 
91.7884  8.02374 
43.0769  7.29195 
20.7765  7.12268 
90.1081  8.0225 
-26.9584  7.69988 
14.9813  7.15571 
114.518  8.21211 
-64.9985  7.4678 
43.2834  7.30514 
123.915  8.32833 
-83.2932  7.59985 
12.4493  7.49199 
64.3695  8.58557 
-57.6293  7.89548 
8.23261  6.98945 
54.8323  8.40224 
-56.4885  7.79354 
-16.8124  7.15633 
177.262  8.26522 
-124.841  7.69168 
-33.0402  7.28324 
200.176  8.53595 
-105.749  7.99306 
-47.205  7.57212 
186.674  2.10785 
-139.248  1.9989 
-91.2392  1.99069 
-67.9961  1.99062 
91.8537  2.02388 
-37.0748  1.89048 
-54.5058  7.70226 
65.6375  7.26007 
-9.25333  6.73292 
-17.3595  7.87593 
73.4466  7.43707 
-31.1373  7.25153 
-66.0869  7.58473 
72.1107  7.14398 
-6.93257  6.67453 
-129.723  7.75592 
91.9592  7.19206 
-74.5734  6.96398 
-31.9787  7.61973 
89.7529  7.06729 
-118.636  6.7561 
-101.977  7.50043 
133.759  6.89746 
-92.4747  6.85862 
-90.1384  7.31992 
62.1329  6.90366 
-42.8078  6.74739 
-117.705  7.08626 
48.6222  6.94772 
-180.521  6.74671 
-92.7203  7.29312 
-21.7967  6.88682 
-141.436  6.88616 
-97.6139  7.27941 
12.6084  6.76512 
-19.9453  6.62938 
-62.6693  7.31417 
23.6111  6.66927 
-81.1509  6.73205 
-135.453  7.26063 
-57.7637  6.96578 
-111.806  6.85717 
-180.709  7.15957 
-6.09917  6.91774 
-81.2443  6.85794 
-214.151  6.72828 
-33.3026  7.21498 
-108.32  6.49931 
-134.528  7.12643 
-45.4624  7.03524 
-119.806  7.0347 
-130.76  7.15358 
-110.052  7.04405 
-160.059  7.11642 
-85.1768  7.37255 
-42.0977  7.22524 
-100.33  7.04641 
-94.8737  7.25503 
-34.7585  7.25398 
-68.6985  6.95822 
-159.926  7.37238 
-25.7892  7.32471 
-123.834  7.05967 
-179.026  7.36013 
-134.246  7.59095 
-39.7162  7.45434 
-207.263  7.51246 
-107.173  7.58393 
-171.183  7.31735 
-235.561  7.23445 
-101.982  7.46119 
-117.215  7.16679 
-229.78  2.06755 
-86.3907  1.98262 
-145.318  2.01946 
10.161  1.93113 
225.393  2.07811 
241.805  1.8838 
38.9016  2.29612 
260.272  8.14632 
221.607  7.40798 
-38.5516  8.24344 
270.204  7.67306 
188.746  7.38001 
24.6221  8.0827 
217.905  7.56439 
171.509  7.33897 
-13.2991  8.09277 
290.292  7.80183 
206.606  7.47347 
8.94071  7.89327 
151.423  7.42539 
202.544  7.14922 
-42.3901  7.92667 
222.315  7.58977 
177.787  7.28884 
-83.978  7.72126 
191.805  7.90391 
194.466  7.31895 
-102.979  7.86165 
137.675  7.75439 
237.154  7.21708 
15.8058  7.75485 
95.0752  7.66746 
222.772  7.12073 
1.59908  7.38174 
111.311  7.81356 
185.141  7.07532 
-76.9909  8.29966 
28.9164  7.53804 
220.342  7.09751 
-22.6419  7.63817 
107.666  7.62887 
164.734  7.07447 
-5.62769  7.58609 
86.7677  7.57294 
241.786  7.10137 
-33.9666  7.95745 
50.5038  7.6339 
246.389  7.06321 
-3.45725  7.5324 
-18.639  7.65916 
186.731  7.25995 
52.3997  8.06657 
-6.66208  7.82778 
179.9  7.53775 
-4.43266  7.4273 
-26.2053  8.40137 
207.76  7.54246 
-13.2023  8.05508 
4.85396  8.12833 
160.072  7.41152 
-32.3522  7.68466 
-101.16  8.68216 
156.019  7.41272 
8.64003  7.81549 
-32.8689  8.24125 
202.231  7.71842 
-11.8777  8.1361 
-16.268  8.16123 
219.356  7.75709 
-47.3161  8.07483 
-73.6725  8.24327 
114.545  7.8255 
-57.7524  1.88092 
-94.7815  1.9907 
146.011  2.10221 
17.5065  1.95199 
-18.552  1.97511 
44.7096  1.81475 
-19.8956  7.07461 
-38.2622  7.33105 
76.2984  7.19466 
36.1043  7.07041 
-72.6795  7.53062 
119.209  7.07374 
22.0879  7.1712 
0.855177  7.61049 
100.578  7.35689 
43.0833  6.98506 
-0.634419  6.81527 
97.8376  7.0432 
38.082  6.99922 
-15.3232  6.97989 
40.0056  6.91284 
39.1704  6.75917 
-24.3112  6.77787 
106.342  6.8713 
22.5943  7.03563 
20.5573  6.93647 
122.325  6.8291 
32.9308  7.11495 
51.2678  6.77467 
161.243  6.82461 
2.0301  6.65274 
48.6952  6.79303 
52.7182  6.59844 
43.4815  6.83754 
67.7055  7.04869 
79.4207  6.64744 
62.9865  7.00107 
56.7062  6.70608 
114.174  6.67367 
130.186  6.80607 
77.769  6.64265 
44.8433  6.44065 
63.7705  6.63153 
104.627  6.6517 
105.444  6.46163 
12.7703  6.92857 
71.0804  6.7248 
81.7012  6.67566 
37.3679  6.98375 
103.794  6.80367 
85.3644  6.48136 
113.438  7.14549 
135.459  6.87385 
36.7951  6.99391 
80.1853  6.94512 
89.8474  7.45943 
163.048  6.62966 
62.2994  7.89106 
128.267  6.88574 
179.562  6.72833 
-2.87192  7.42754 
74.8409  6.92887 
105.933  6.86124 
31.581  7.43375 
89.9911  7.04341 
118.852  6.87548 
9.29395  7.42107 
89.2444  7.19938 
113.599  7.00518 
39.3607  7.49695 
81.0199  7.10296 
84.2552  7.20762 
-12.2609  1.96641 
32.6705  1.95951 
50.8835  1.88705 
-94.9146  2.02201 
-86.0586  1.9674 
-86.3588  1.88457 
-59.357  7.64153 
-95.283  7.86983 
-64.2235  8.05452 
-53.784  7.57342 
-54.9654  7.94437 
-65.6926  7.80712 
-26.5329  7.4297 
-129.34  7.76254 
-18.4471  8.0884 
-76.9187  7.50037 
-172.443  7.77055 
0.714295  6.95953 
-59.788  7.34598 
-56.8633  7.62363 
-39.4276  7.43944 
-75.882  7.30113 
-82.8668  7.51971 
17.0569  7.41928 
-54.2616  7.44645 
-87.8658  7.86702 
20.0785  7.91226 
-34.4998  7.33531 
-34.9058  7.38418 
3.7925  7.15527 
-59.3877  7.36308 
-92.586  7.12989 
35.3276  7.08826 
-71.3364  7.31337 
-42.6796  7.7352 
15.2526  7.32831 
-37.165  7.56484 
-7.68309  7.5795 
-9.67991  7.0132 
-10.5977  7.27276 
-1.42225  6.94765 
-11.2685  7.01293 
-37.9167  7.41743 
-21.5611  7.15339 
24.1493  6.76911 
-10.6818  7.4816 
-83.6652  7.42547 
43.3457  6.93639 
-68.1078  7.6073 
-70.3589  7.53572 
47.6131  7.12921 
-96.2282  7.55283 
21.4785  7.453 
21.6168  7.17961 
-40.8478  7.4777 
30.6888  7.87432 
67.3866  7.50099 
-71.4729  7.61264 
4.52866  7.2883 
-5.50863  7.05756 
14.1075  7.72907 
10.0513  7.9992 
14.5632  7.56513 
-64.2276  8.07693 
-0.203834  7.12298 
-100.2  7.77999 
-64.1081  8.11361 
-107.598  7.94016 
4.72492  7.15235 
-41.4672  8.21665 
11.4788  8.05757 
-33.2487  7.8582 
-50.7241  2.0435 
-24.6062  1.91863 
-85.0607  1.89757 
-21.7882  1.88974 
85.6852  1.86536 
-154.571  1.96575 
-43.2626  7.70806 
104.348  7.28205 
-148.819  7.14517 
-77.3549  7.47466 
75.2813  7.17132 
-49.8417  6.90809 
-70.776  7.48466 
104.686  7.04809 
-129.704  6.92694 
-12.8441  7.30404 
83.3039  7.1852 
-128.605  7.22772 
22.9542  7.07289 
62.311  7.12717 
-64.3773  7.01171 
-74.9619  7.2073 
35.5274  7.13517 
-141.65  6.78115 
-69.5096  7.27016 
46.201  6.94842 
-122.147  6.64693 
-72.8308  7.21649 
-8.64174  6.82916 
-106.833  6.8546 
-64.0048  7.38614 
65.0321  7.1745 
-144.163  6.64703 
-91.2534  7.11007 
16.9536  6.73525 
-163.25  6.48387 
-35.7876  7.23457 
20.4068  6.73227 
-142.16  6.46087 
-121.646  7.01366 
-47.7752  6.82049 
-109.046  6.60419 
-99.2421  7.1794 
1.20177  6.76702 
-159.579  6.98033 
-103.835  7.08737 
0.521718  7.27803 
-159.114  6.907 
-116.838  7.19982 
-78.0528  7.50095 
-149.403  6.76957 
-131.895  7.00137 
-6.39783  6.87472 
-29.2227  7.04 
-107.896  7.20486 
-87.7516  7.39392 
-104.527  6.81817 
-207.676  7.18525 
-79.4687  6.99011 
-108.832  6.95264 
-125.039  7.33982 
-136.256  7.35771 
-138.54  7.04337 
-107.659  7.49594 
-78.0716  7.26624 
-208.38  6.88146 
-213.164  7.19389 
-91.7245  7.70987 
-97.6667  7.21854 
-138.005  7.17285 
-108.305  7.32151 
-132.363  7.09308 
-100.369  1.83593 
-169.561  1.87167 
-154.052  1.97911 
