147.588  2.06799 
65.3863  2.01292 
-83.017  1.99352 
154.829  8.18796 
65.9428  7.51299 
-107.36  7.39444 
160.486  8.51808 
105.411  7.72306 
-140.071  7.41755 
169.797  8.35731 
21.6202  7.78694 
-139.52  9.37246 
117.787  8.44685 
136.422  7.69241 
-101.682  7.60651 
114.99  8.40679 
111.842  7.72527 
-58.9616  7.19692 
115.171  7.99466 
5.67859  7.43432 
-98.3428  7.30765 
112.354  8.05424 
71.52  8.01346 
-150.693  7.75446 
97.2887  7.81933 
52.7551  7.34613 
-85.0873  6.93076 
110.537  7.81114 
46.3829  7.51934 
-96.5182  7.51712 
118.759  7.70014 
53.574  7.25441 
-111.295  7.04532 
17.6628  7.36071 
30.1099  7.16529 
-150.331  6.91847 
105.014  7.6007 
75.9064  8.02541 
-186.156  7.28066 
92.6531  7.24734 
65.7474  7.32684 
-172.851  7.67175 
58.9818  7.48683 
21.3743  7.26138 
-257.848  7.21204 
-15.8345  7.72628 
61.8453  7.57883 
-224.206  9.79375 
-19.1312  7.50324 
74.4889  7.67246 
-252.568  7.58264 
22.0811  7.40963 
67.195  7.15885 
-212.028  8.55743 
33.7523  7.96336 
53.0685  7.75521 
-211.801  7.89838 
-31.3233  7.95571 
80.8034  7.42669 
-263.107  7.69748 
50.8987  8.0172 
92.4766  7.38674 
-258.095  10.743 
-44.1604  8.14385 
29.1201  8.07595 
-208.999  8.24275 
-32.47  8.38824 
84.6946  7.88127 
-181.035  8.21368 
-66.4925  2.18924 
90.9109  1.87593 
-209.094  2.08541 
1.58798  1.85379 
-134.367  1.92488 
7.70007  1.86383 
-46.14  6.82313 
-120.706  6.95281 
-21.6662  6.7764 
11.1418  7.6697 
-159.834  7.61639 
-26.5274  7.2896 
-0.72335  6.50808 
-120.701  7.10479 
-38.9569  7.32328 
30.6238  6.85839 
-63.8576  7.22371 
1.12296  6.79725 
87.1608  6.55406 
-58.3673  6.70495 
-47.1748  6.88989 
43.1756  6.91439 
-92.0013  7.11144 
-26.65  7.58334 
52.941  6.62563 
-157.046  7.00978 
-1.26724  6.62652 
17.8423  6.7107 
-102.091  6.92212 
5.67887  6.66741 
-31.2792  7.07668 
-119.442  6.73719 
-33.0917  7.08608 
-6.33966  6.42687 
-86.0316  6.97655 
-2.3757  6.86842 
-27.9904  6.94 
-66.0519  7.18633 
-10.7977  6.50038 
-50.1933  6.96665 
2.77478  6.54288 
-21.9005  8.33031 
-28.807  7.09707 
-78.1626  6.84525 
-0.190246  6.40313 
-33.3582  7.1266 
-47.3971  6.81514 
28.8451  6.50655 
-131.405  7.50893 
-89.7086  7.04417 
-14.7205  8.33161 
-36.1426  7.26792 
-104.09  7.03789 
-48.0595  6.72099 
-16.5142  7.18706 
-52.1217  7.09481 
-29.1414  6.84489 
-67.7634  7.28928 
-20.837  8.89672 
50.5706  7.47703 
-30.9742  7.13328 
-61.43  7.07177 
-37.5484  6.89326 
-14.6476  7.5747 
-45.8167  7.18625 
21.0259  7.01982 
-93.2733  8.16942 
-51.0621  7.23542 
-40.2484  6.88882 
-131.303  7.97867 
-65.2562  7.38369 
-99.6848  8.83808 
-79.811  2.22362 
-9.643  1.83329 
-4.20116  1.98788 
3.78771  1.95976 
-76.2101  1.9793 
34.7284  1.86153 
-16.8584  7.32001 
-4.97803  7.24347 
37.2276  7.37068 
44.737  7.55872 
16.4608  8.00403 
32.0818  7.58484 
11.9593  7.45118 
-3.86662  7.25597 
52.8417  7.5133 
38.6138  7.45386 
11.6183  7.21362 
22.9562  7.40649 
95.1066  7.40912 
24.4991  7.06639 
23.4011  7.02725 
123.414  7.21742 
37.8927  7.07374 
76.1406  6.93512 
74.4487  7.1445 
-42.5639  7.28585 
-16.2914  7.02854 
65.4632  7.16598 
-7.77569  7.40727 
25.0634  7.50243 
95.3317  6.99056 
-0.656506  6.74825 
-2.98931  6.84174 
76.9197  7.15637 
-41.7641  7.07887 
45.7687  6.76015 
71.0065  7.13137 
-129.103  7.05471 
80.8457  6.99045 
93.5808  7.3391 
-67.9681  6.92443 
85.3124  6.78005 
36.011  7.32891 
-45.5929  7.0992 
23.1243  6.56604 
116.505  7.5746 
-95.6235  7.27824 
47.5171  6.67057 
65.3058  7.49651 
-123.946  7.19747 
25.9272  7.22307 
70.2893  7.66642 
-137.624  7.26992 
-1.68155  6.95834 
87.6169  7.57536 
-112.083  7.36927 
3.21397  6.59688 
64.2845  8.06837 
-88.0971  7.51268 
18.1157  6.98066 
-2.91467  7.43335 
-91.5503  7.51288 
22.2118  7.04014 
113.701  7.65909 
-105.752  7.3069 
17.5276  7.57513 
154.195  8.11881 
-45.9287  7.59961 
2.02727  6.74227 
71.2284  8.02158 
-21.262  7.68488 
38.7203  7.27022 
109.467  2.13141 
-69.2043  1.96167 
28.1214  1.88415 
-54.5743  2.19697 
33.2124  2.14177 
-22.9986  1.85916 
-53.8563  8.28328 
103.45  7.49232 
-17.1713  7.35814 
-141.265  8.70471 
86.3767  7.76529 
-5.76671  7.26907 
-103.368  8.25326 
40.4339  7.38881 
21.319  7.37648 
-88.6965  8.61393 
58.4421  7.82032 
-21.5426  7.6783 
-79.3961  8.23327 
9.65787  7.42336 
-65.657  7.01549 
-189.171  8.28625 
66.7609  7.39204 
-59.9665  7.11202 
-112.204  7.96851 
3.81408  6.97142 
-53.6814  6.95048 
-158.795  7.87164 
17.007  7.43239 
-4.08071  6.83106 
-129.827  8.16246 
37.5666  7.25149 
-9.85023  7.44426 
-122.207  8.2333 
93.7121  7.33199 
-21.745  7.13818 
-151.96  7.96758 
139.21  6.94073 
-86.5356  7.13441 
-131.914  7.73958 
46.5478  6.97851 
-31.0993  7.21456 
-109.302  7.76946 
158.552  7.07046 
-31.171  7.0925 
-121.13  7.64768 
117.285  7.06191 
-13.6469  7.13101 
-106.505  7.79546 
54.0123  7.17448 
-50.852  7.04132 
-25.5705  7.60883 
2.88821  7.03682 
19.207  7.32217 
0.26991  7.3404 
70.3072  7.82054 
10.0748  7.34033 
-13.8559  7.94659 
48.3702  7.48542 
43.6708  7.59085 
27.1415  7.86483 
66.3869  7.41084 
10.7215  7.47247 
-79.49  7.65472 
2.84054  7.44364 
-23.4754  7.73781 
9.92881  7.93096 
48.7993  8.22491 
-68.6759  7.74621 
-19.5165  7.99133 
45.1323  7.72624 
-75.2863  7.47839 
38.6661  1.9099 
46.4971  2.18006 
-7.40245  1.92302 
-29.873  1.92726 
156.197  1.88279 
20.175  1.90091 
41.6194  8.22938 
123.246  7.6731 
-8.40359  7.42905 
-11.6879  7.62188 
99.5455  7.33931 
12.3193  7.3053 
-26.2604  8.18055 
169.791  7.74224 
5.95989  7.16968 
-23.1339  7.84537 
159.5  7.81795 
-8.75081  7.3393 
-54.1676  7.95385 
131.205  7.54948 
-25.3015  7.65837 
-46.7087  7.62545 
178.471  7.60967 
40.5549  7.25378 
-12.3772  7.8739 
115.627  7.45174 
-7.24492  7.12461 
-68.7741  7.6952 
152.024  7.22873 
39.7812  7.30156 
-6.45559  7.89578 
151.866  7.33477 
79.38  7.18418 
-127.879  7.96124 
134.882  7.18191 
22.8606  6.88514 
-48.3925  7.68447 
158.054  7.33738 
55.9115  6.79042 
-82.649  7.29461 
103.926  7.05299 
0.817427  6.8496 
-74.4681  7.46024 
167.369  7.17173 
17.0309  7.60993 
-122.576  7.44094 
136.048  7.05559 
16.033  6.94511 
-67.5641  7.64184 
145.751  7.25455 
-0.0559367  6.73922 
-43.3462  7.62134 
111.885  7.26416 
24.2344  7.77802 
-92.5927  7.8011 
118.774  7.29809 
0.931184  7.18814 
-83.9662  7.54042 
122.82  7.38354 
75.1014  7.86214 
-74.5638  7.80844 
59.5005  7.75951 
-16.6297  7.61968 
-112.912  7.68155 
25.6628  7.90361 
-70.7498  7.57466 
-100.512  7.97957 
79.208  7.68719 
-63.2647  7.73423 
-169.552  8.02349 
67.4893  7.81265 
-44.8901  7.73996 
-136.24  1.99587 
24.8151  1.89648 
-133.559  1.88967 
-46.4728  1.91651 
-124.003  1.83539 
-101.823  1.95764 
-50.8377  7.01308 
-204.908  7.43081 
-84.2518  7.5266 
10.1727  6.77445 
-158.973  7.56876 
-51.3604  7.0474 
-46.6213  6.86176 
-211.432  7.1505 
-144.753  6.99675 
-52.1746  6.89005 
-147.118  7.03539 
-38.1732  7.1814 
-81.6283  6.88786 
-107.861  7.03252 
-57.3049  7.4143 
-73.729  6.82196 
-206.703  7.27032 
5.49455  6.62332 
-31.4591  6.8502 
-193.995  7.01121 
-16.2892  6.84978 
-56.5558  6.49848 
-195.416  6.83061 
-9.14654  6.47899 
-62.1332  6.6084 
-84.2799  6.86153 
-43.1432  6.7519 
-84.0558  7.25092 
-118.754  6.69032 
-57.8647  6.75121 
-0.374385  6.61505 
-110.219  6.88511 
-31.1747  6.92241 
-61.5878  6.95374 
-145.756  6.75024 
19.2155  6.71417 
-26.2906  6.8738 
-97.7231  6.81551 
-71.3291  6.42907 
-81.9155  7.10908 
-105.16  6.95974 
-71.3722  6.61067 
-34.2814  7.11214 
-37.6726  6.84082 
-35.3994  6.64354 
-94.663  7.28396 
-83.1136  7.12522 
17.8638  7.13887 
-42.3906  7.06199 
-110.251  6.90354 
-2.73365  6.27645 
-110.204  7.16906 
-103.584  7.01828 
-13.5711  6.81811 
-37.2808  7.38002 
-83.9579  7.26823 
-8.1289  6.89238 
-54.172  6.89682 
-52.6261  6.75567 
7.73021  6.68705 
-104.443  7.41702 
-78.3736  7.19147 
-18.4256  7.38244 
-148.212  7.45691 
-69.7514  7.39257 
2.09503  6.66061 
-178.556  2.08382 
-114.175  2.09289 
-45.7921  1.82971 
-63.9264  2.04044 
-132.968  1.92267 
6.52012  1.94445 
-156.492  7.6788 
-65.1711  7.72978 
-18.2884  7.29032 
-92.259  7.9071 
-5.74639  7.12504 
13.2754  7.31776 
-75.1399  7.61446 
-117.283  7.2976 
19.0208  7.47164 
-48.774  7.49943 
-47.396  7.32127 
21.7152  8.02958 
-100.29  7.45761 
-54.1981  7.22275 
-1.43814  6.7407 
-42.5428  7.3048 
-73.7614  6.93155 
-23.9009  7.2351 
-81.4718  7.47859 
-15.987  7.01565 
4.74064  6.94559 
-59.0639  7.48515 
-18.9284  6.76109 
61.7651  6.77758 
-1.85626  6.80775 
-13.2831  7.07912 
37.5486  7.09905 
-27.2211  7.2456 
57.2826  7.00527 
42.9242  7.02463 
-54.8466  7.35264 
-27.9024  7.34017 
51.104  6.95428 
-92.914  7.63921 
6.41002  6.92783 
83.4121  6.78047 
-64.5042  7.41338 
-3.19388  6.5628 
77.7359  6.68989 
-8.0621  7.45833 
21.431  6.91224 
105.624  6.87283 
-32.6836  7.50248 
-25.9724  6.94014 
83.9674  6.6866 
26.2302  7.99139 
-28.1325  7.11727 
17.2963  6.99306 
4.42052  6.95812 
-26.3526  6.96588 
69.5262  6.58955 
26.3314  7.30729 
-23.0267  6.80864 
26.2919  6.47817 
-20.9276  8.10519 
15.885  7.37207 
79.2256  6.99175 
-4.89644  7.08206 
-25.9918  7.09562 
27.0275  7.74523 
17.2846  7.85864 
8.55246  7.16506 
34.0935  7.05609 
47.2312  7.81983 
42.9465  7.35139 
28.1332  7.13209 
26.0902  1.99498 
22.6846  1.85928 
-9.81745  1.86725 
139.397  1.86414 
177.801  1.88472 
165.457  1.87868 
142.63  8.06762 
138.819  7.74242 
150.318  7.38366 
184.786  7.8691 
106.602  7.6034 
190.139  6.9841 
143.712  7.89529 
132.287  7.60381 
167.638  7.40915 
173.543  7.71796 
136.774  7.75077 
160.859  7.40077 
155.446  7.69335 
57.4185  7.70837 
244.92  7.00543 
102.842  7.81649 
82.2736  7.62317 
91.9799  7.25189 
108.586  7.50955 
68.7605  7.30257 
183.109  6.85606 
129.779  7.99901 
99.6883  7.538 
197.258  7.07412 
120.476  7.63279 
59.9411  7.2551 
76.6478  7.13986 
43.2153  7.66323 
94.1995  7.72541 
130.761  7.19655 
92.523  7.38255 
25.5114  7.29826 
171.572  7.20971 
120.639  7.55245 
65.8545  7.35559 
61.3331  6.9275 
77.9603  7.54506 
-23.7537  7.54844 
105.75  7.37806 
47.6549  7.29421 
66.4491  7.42339 
93.904  7.41514 
53.972  7.07046 
85.6997  7.18918 
-1.89934  6.87219 
46.6946  7.401 
66.2704  7.4944 
73.903  7.84672 
10.7206  7.65592 
-5.8042  7.38891 
89.3627  7.26794 
59.4093  7.46337 
91.0673  8.02347 
22.7617  7.42998 
11.0087  7.79988 
65.004  7.51927 
42.7666  7.47908 
1.06678  7.69081 
-14.2446  7.93365 
31.8678  7.70013 
-40.1268  8.32111 
44.1162  7.68601 
40.9319  7.62025 
-49.8925  8.11154 
50.0257  7.92759 
57.3193  7.77484 
-45.1541  1.92169 
37.4974  1.93363 
-14.7726  2.11412 
-43.7045  1.83664 
-100.095  1.90501 
-66.56  1.98236 
39.4796  7.17469 
-167.11  6.88725 
-13.2989  6.74288 
90.9336  7.06329 
-109.226  6.97962 
10.734  6.47013 
44.0555  7.18899 
-140.256  7.20521 
-45.1702  6.67647 
95.0239  7.23784 
-128.11  6.91045 
-113.567  6.64686 
0.40352  6.68533 
-142.021  6.75666 
-73.0545  6.40365 
41.5205  6.86208 
-164.175  6.89445 
-74.1086  6.42255 
35.0413  6.61903 
-128.656  7.08502 
-63.8315  6.34702 
91.7929  6.63367 
-125.564  6.65028 
-59.7223  6.00851 
-49.3845  6.78992 
-47.4244  6.87228 
-69.42  6.18762 
24.5384  6.71894 
-80.4459  6.64475 
-81.1622  6.51513 
7.04983  6.51557 
-69.9399  6.5551 
-43.5596  6.49291 
49.6195  6.8599 
-61.2457  6.46554 
-34.2377  6.43102 
41.602  6.5933 
-119.318  6.41047 
-90.3151  6.48583 
91.7483  6.5898 
-104.653  6.55375 
-39.0998  6.57254 
8.54148  6.44331 
-106.47  6.66073 
-65.554  6.68474 
51.9539  6.73306 
-99.9744  6.75973 
-35.9566  6.73283 
52.1213  6.96233 
-97.2655  6.77485 
21.3588  6.78884 
59.9733  6.81752 
-90.4565  6.94333 
-105.152  6.7504 
5.3334  6.57989 
-64.2944  6.69229 
-8.83094  6.72955 
48.7092  7.09601 
-76.0697  7.0237 
-118.097  6.86697 
28.9317  7.12159 
10.9906  6.93961 
-77.0141  7.11905 
48.3261  7.33291 
-84.3323  7.17837 
-36.3147  7.10594 
93.4484  2.14061 
-73.865  1.95205 
-21.8135  1.84975 
-137.268  1.98561 
-208.837  2.1429 
-80.1964  2.21785 
-121.711  7.34703 
-182.943  7.01491 
-119.979  6.84932 
-86.9401  7.43378 
-135.858  7.01382 
-182.159  6.91467 
-64.7568  7.07507 
-173.691  6.98295 
-137.39  6.9536 
-92.0874  7.09499 
-152.108  6.89894 
-96.0367  6.93087 
-42.3816  7.00774 
-194.137  6.67916 
-121.613  6.51901 
-98.705  6.88645 
-165.867  6.88179 
-138.794  6.56431 
-102.614  7.01095 
-72.5314  6.69123 
-87.392  6.46116 
-86.2672  6.67579 
-92.0485  6.26896 
-95.5159  6.05515 
-90.7275  6.77144 
-44.1871  6.25895 
-184.746  6.65321 
-61.2594  6.53864 
-109.86  6.52353 
-187.234  6.42912 
-86.9376  6.87558 
-40.8809  6.31752 
-126.542  6.31968 
-180.787  6.80466 
-15.457  6.47779 
-151.931  6.65051 
-101.818  7.01664 
-76.4732  6.42165 
-125.032  6.35823 
-109.142  6.72884 
-111.076  6.11202 
-219.831  6.33131 
-142.288  7.01228 
11.7484  6.56223 
-199.046  6.47521 
-131.911  6.85356 
-49.7754  6.42399 
-221.059  6.36296 
-159.979  7.29559 
-22.7786  6.46061 
-160.988  6.3043 
-209.362  7.22299 
-116.525  6.82395 
-176.312  6.58109 
-164.337  7.08279 
-108.199  6.71032 
-180.255  6.41006 
-68.1462  7.41532 
-97.9856  6.97013 
-244.847  6.70103 
-122.356  7.35431 
-104.45  6.88178 
-121.204  6.74887 
-179.384  7.49136 
-36.1996  6.99558 
-149.425  7.03568 
-133.292  1.89648 
-123.645  1.84935 
-201.479  1.87167 
217.305  2.08178 
-9.40089  1.82872 
-41.9656  1.95299 
253.064  7.05132 
-126.641  6.70537 
-38.5365  6.43294 
219.701  7.42929 
-13.4116  7.15087 
-30.5819  6.83858 
179.169  7.06469 
40.4303  6.40176 
10.9936  6.23006 
126.605  7.26721 
26.048  6.70084 
48.7608  6.74052 
209.838  7.12332 
-74.6636  6.45825 
28.0842  6.2862 
126.88  7.1209 
32.2982  6.7139 
30.176  6.65064 
60.6808  7.1106 
35.2203  6.3746 
-14.2835  6.38948 
99.5379  7.05868 
13.0693  6.70542 
33.2813  6.61659 
57.6062  6.95284 
46.6501  6.37678 
-22.3415  6.18684 
73.1766  7.14047 
24.7358  6.3002 
-4.34204  6.31325 
-13.0723  7.26212 
31.7253  6.35466 
54.4545  6.48687 
24.682  7.23024 
70.8382  6.25489 
-20.212  6.5512 
41.0013  7.22049 
81.0249  6.3833 
67.1918  6.26699 
33.5664  7.30131 
44.6291  6.56816 
-45.9097  6.511 
-59.9594  7.20724 
30.3124  6.27522 
55.3833  6.02019 
-104.139  7.71077 
137.687  6.47712 
72.3612  6.26704 
-84.8518  7.53333 
91.8214  6.2338 
-1.24197  6.14172 
-144.626  7.73168 
79.634  6.70026 
-7.00104  6.50047 
-214.089  7.55269 
-39.985  6.43615 
86.6113  6.42701 
-113.802  7.80618 
35.4983  6.65939 
-27.9732  6.33253 
-214.259  7.55057 
12.7052  6.45344 
11.3206  6.33574 
-206.488  7.38657 
-32.3001  6.51841 
41.9476  6.06536 
-167.643  1.89399 
0.158009  1.91323 
8.95341  2.02401 
-6.20145  1.89608 
-155.539  2.02476 
-69.1222  1.91073 
-16.6386  7.15352 
-180.382  6.9123 
-23.713  6.74466 
-18.6324  7.14866 
-125.04  7.11371 
5.39307  6.46146 
-87.4811  6.79652 
-125.422  6.85137 
55.6738  6.6946 
30.4723  7.01156 
-129.278  6.69202 
0.200501  6.61058 
-71.1191  6.62006 
-137.077  6.45397 
-4.25181  6.04799 
-90.8658  7.55061 
-195.705  6.66159 
16.4483  6.56252 
1.4984  6.94274 
-144.854  6.62397 
3.63384  6.89058 
-68.157  6.89087 
-203.039  6.75087 
1.15842  6.94565 
-49.47  6.84014 
-147.816  6.66173 
-1.73891  6.27599 
-58.2584  7.03954 
-220.065  6.55558 
32.435  6.29424 
-5.33182  6.82588 
-182.54  6.47639 
59.0835  6.36305 
-31.0538  6.80731 
-161.986  6.61773 
58.0868  6.27602 
-50.8888  6.55613 
-173.542  6.43498 
93.4373  6.43906 
43.1082  6.64603 
-173.711  6.5589 
81.9689  6.38983 
26.2741  6.66054 
-235.555  6.25085 
56.9652  6.41054 
-47.9047  6.84271 
-175.463  6.4343 
45.1083  6.32234 
-51.9672  6.64567 
-143.75  6.56174 
61.6452  6.56471 
29.473  6.9806 
-169.415  6.98668 
99.0182  6.77855 
19.8073  7.01566 
-64.6055  6.85158 
70.6906  6.66654 
87.6692  7.51195 
-125.437  6.7929 
116.53  6.70292 
3.17463  7.15638 
-110.537  6.77091 
38.5113  6.78482 
87.4213  7.29639 
-83.4259  6.86937 
44.5926  6.95254 
68.7966  2.06675 
-69.475  1.91422 
23.9318  2.01663 
-18.2035  2.13098 
-75.0852  1.90721 
102.013  2.03426 
8.66536  7.37524 
-48.1643  6.93399 
56.9782  6.63802 
65.7229  7.39408 
-11.9441  6.87695 
162.713  6.47556 
44.4631  7.08638 
-45.0401  6.70962 
151.686  6.40977 
-18.7304  7.24645 
5.4962  6.38991 
81.8607  6.46138 
24.2279  6.98192 
-51.4021  6.88588 
127.26  6.42236 
-25.678  7.08584 
16.1307  6.65694 
59.6986  6.39863 
-11.2169  6.94646 
-88.5873  6.5059 
75.2789  6.52249 
14.1648  7.0283 
52.8901  6.4507 
184.44  6.22796 
1.51878  6.67902 
3.39893  6.22674 
79.5609  6.31172 
10.7976  7.18624 
-51.4086  6.81087 
115.02  6.20715 
-23.5476  6.55879 
-2.46622  6.27147 
98.3334  6.37255 
-15.8279  6.99526 
-19.6116  6.94968 
30.6455  6.54946 
-44.6634  6.77144 
-64.409  6.5452 
116.313  6.61433 
-38.3701  6.77713 
50.6816  6.72885 
80.1389  6.58944 
-67.4486  6.78291 
-20.6166  6.62438 
69.0853  6.59048 
-26.0352  6.98181 
7.95007  6.51342 
117.368  6.59037 
-27.68  6.97541 
12.4927  6.80596 
149.876  6.60745 
-140.094  7.07458 
-67.6395  6.81912 
139.76  6.65023 
-104.222  6.91167 
-44.0575  6.97375 
188.282  6.70387 
-161.968  7.12629 
34.7649  6.85449 
134.617  6.8244 
-100.969  7.26936 
-54.8953  6.9174 
58.3519  6.82212 
-114.811  7.27824 
-4.9648  6.57582 
54.7546  6.77403 
-118.612  1.93052 
-51.0622  2.06442 
108.167  1.82438 
-40.757  1.77177 
-302.03  1.96684 
35.6742  1.80388 
-77.5019  6.80825 
-231.647  7.67072 
-34.5639  7.24671 
-81.7473  7.04721 
-261.504  7.05579 
39.9771  6.89132 
-33.2968  7.52499 
-207.536  7.10171 
45.1095  6.89032 
-1.17733  6.61271 
-209.325  7.43863 
-19.8919  6.89615 
23.0909  6.46668 
-161.588  7.05278 
-24.6161  7.33684 
21.5919  6.84622 
-180.433  7.08067 
1.57919  6.72416 
-138.826  6.68837 
-158.279  7.06797 
24.233  6.59065 
-36.6852  6.73675 
-119.477  6.74563 
17.6992  7.09004 
-13.2978  6.52982 
-186.922  7.12071 
-4.17244  6.37922 
-41.4256  6.44788 
-132.768  6.78533 
-20.7254  6.58229 
-24.3602  6.49738 
-183.059  6.92136 
-24.6506  6.52517 
-41.4177  6.81931 
-114.786  6.68326 
-18.2542  6.49667 
-10.3215  6.67086 
-116.82  6.73329 
-71.1937  6.38917 
-31.1608  6.93244 
-66.7825  6.51269 
-38.3595  6.36776 
51.2537  6.72836 
-46.5597  6.51984 
-79.7018  6.57916 
-13.2458  6.77575 
-43.5969  6.7495 
-92.8845  6.59401 
24.2979  7.0922 
9.36566  6.90826 
-56.5112  6.47011 
7.67518  6.90875 
-66.7996  6.67556 
-122.65  6.5416 
-28.1814  6.85776 
12.8214  6.92758 
-44.7635  6.51443 
-16.2538  7.00851 
30.963  6.68768 
-94.3489  6.48321 
-17.1603  7.10294 
82.0091  6.78808 
-88.6392  6.54966 
13.419  7.21239 
42.1742  6.92486 
-83.8716  6.88503 
-36.6789  1.7459 
-14.8832  1.92889 
-98.3296  1.98289 
-18.2757  2.11818 
-118.854  1.89566 
-59.953  1.86238 
-65.4262  7.21329 
-35.1911  7.12155 
-58.56  6.79953 
-8.12254  6.87638 
-76.3575  7.05782 
-84.3921  7.13781 
30.6039  6.78144 
-82.7038  7.02757 
-67.2538  6.9578 
50.0573  6.72504 
-30.0331  6.93282 
-61.3343  6.90942 
31.5056  6.7038 
-34.497  6.88289 
-93.5241  6.51979 
10.0516  6.6395 
15.6986  7.11178 
-30.7298  6.83868 
73.259  6.67869 
-10.597  6.87495 
10.4254  6.62197 
70.6974  6.74357 
69.8269  6.98014 
-28.7311  6.76263 
30.2602  6.54674 
-9.51806  6.6408 
-8.19853  6.35142 
78.1733  6.7668 
-31.7008  6.62826 
31.7256  6.50588 
54.6021  6.69107 
-44.5699  6.59116 
-52.8775  6.50053 
35.4245  6.51765 
-88.6502  6.3834 
-14.8618  6.64717 
110.815  6.60959 
-80.4988  7.02199 
81.0119  6.27724 
40.2842  6.63757 
3.44058  6.91743 
55.0109  6.2662 
55.4814  6.80043 
1.59942  6.42894 
100.07  6.07333 
34.6985  6.91262 
-48.6587  6.86782 
57.8343  6.24457 
103.046  7.30756 
8.49608  6.69601 
89.137  6.36319 
2.81958  7.38129 
13.5059  6.85637 
22.2128  6.43488 
5.57003  7.00677 
73.8342  6.80484 
21.6542  6.24912 
25.3974  7.26468 
7.52993  6.9316 
45.5895  6.7795 
85.1813  7.14876 
41.1976  6.90921 
-11.4167  6.7251 
140.361  6.94216 
45.1139  6.89704 
-12.7335  7.00477 
74.5676  2.03722 
-10.7336  2.03638 
0.287657  1.98068 
-124.781  2.00536 
-168.429  1.83294 
-54.839  1.83857 
-181.241  7.26309 
-107.101  6.77283 
-61.1993  6.67068 
-155.021  7.23784 
-129.334  6.70748 
-3.16738  6.39503 
-130.262  7.29613 
-157.638  6.96868 
-9.3004  6.75607 
-107.126  7.30096 
-56.4224  6.52249 
-58.4807  6.37654 
-186.057  7.06731 
-106.052  6.76309 
-32.0876  6.71698 
-127.349  7.0835 
-117.534  6.55833 
7.78539  6.16903 
-163.724  7.16881 
-86.9125  6.42125 
-41.8535  6.40569 
-152.202  6.69652 
-108.764  6.44526 
-57.1896  6.0597 
-120.077  6.63845 
-165.284  6.17167 
-34.9643  6.10767 
-148.67  6.83517 
-103.392  6.28634 
-108.871  6.38509 
-203.11  6.62499 
-85.7254  6.39268 
-27.4474  6.31671 
-183.742  6.79818 
-163.717  6.58789 
-88.0113  6.62366 
-252.013  6.98514 
-117.981  6.54675 
-124.736  6.61852 
-161.006  6.96456 
-165.679  6.68227 
-91.0034  6.9197 
-219.442  6.74361 
-202.837  6.55217 
-114.94  6.57475 
-224.471  6.96619 
-179.263  6.75438 
-111.934  6.72693 
-220.605  6.95543 
-164.193  6.90851 
-62.752  6.72267 
-192.503  6.95496 
-135.521  6.92253 
-200.506  7.01063 
-213.498  7.1264 
-164.169  6.98195 
-77.966  6.80932 
-260.121  7.14253 
-200.237  6.962 
-146.922  6.83134 
-168.649  7.19529 
-176.469  6.9611 
-132.657  7.04637 
-275.705  7.09433 
-174.013  6.9128 
-183.993  7.12624 
-276.191  1.77273 
-196.267  1.86388 
-186.806  1.94634 
13.7525  2.38617 
-201.542  2.03644 
185.654  1.93467 
22.7621  8.44428 
-136.868  7.72879 
114.94  7.43005 
99.547  8.15756 
-129.49  7.45757 
210.044  6.95413 
99.5236  8.15554 
-135.57  7.51049 
191.302  6.98776 
75.3055  8.07841 
-122.738  7.28056 
191.35  7.01856 
47.2089  7.60045 
-202.145  7.40655 
156.635  7.03672 
93.805  7.58345 
-199.587  7.13813 
127.478  6.56868 
110.481  7.54039 
-148.124  7.50394 
130.725  7.28759 
62.465  7.13636 
-230.392  6.99434 
148.28  6.90597 
78.7352  7.55053 
-245.824  7.19186 
179.411  6.8594 
112.24  7.1684 
-183.046  6.91427 
160.678  6.69948 
76.3534  7.27795 
-152.152  7.179 
120.111  6.94097 
119.52  7.11131 
-177.158  6.95188 
113.647  6.99994 
97.526  7.39198 
-137.513  6.87096 
64.6252  6.80348 
87.484  7.20458 
-188.482  6.94402 
95.7444  7.10073 
71.8681  6.85072 
-164.458  6.83868 
78.954  6.93384 
58.2067  7.19353 
-197.862  7.04489 
127.526  6.90376 
103.779  7.29816 
-130.105  7.15028 
62.2825  7.21106 
66.9091  7.29235 
-178.533  7.34331 
61.1882  7.18299 
-19.3728  7.36012 
-149.054  7.26735 
89.4274  7.18818 
96.0267  7.52398 
-207.273  7.39903 
32.2038  7.59744 
112.846  7.51943 
-141.969  7.31505 
28.06  7.45321 
9.88988  7.51252 
-179.77  7.62729 
46.2471  7.89811 
42.8647  1.95376 
-162.284  2.14806 
46.8273  2.29931 
42.7816  1.99921 
-32.0208  2.1592 
12.8534  1.98827 
79.2356  7.65641 
-48.9084  7.45665 
-38.477  7.74956 
22.3881  7.51721 
-73.7063  7.25199 
-53.4563  7.5927 
21.3101  7.39746 
-36.6719  7.32219 
-11.9033  7.39622 
30.5494  7.4264 
-48.3401  6.99938 
-9.47497  7.33374 
74.7567  7.27241 
-88.244  7.23021 
8.9039  7.06712 
90.2964  7.27358 
-20.2966  7.0891 
16.5886  7.03937 
102.867  6.97019 
-43.014  6.99023 
33.7187  6.87579 
94.0634  7.16025 
16.3334  6.90662 
49.8931  7.01078 
106.2  7.12602 
-76.1909  7.02322 
43.8776  7.12604 
107.236  7.0867 
-23.897  6.90531 
62.7662  6.84456 
88.3911  7.13267 
-57.485  6.68079 
102.95  6.71616 
78.8515  7.38393 
-13.932  6.66113 
57.2675  6.73789 
122.103  7.36965 
-16.6052  6.7549 
84.7643  6.77138 
69.5621  7.52003 
-13.9489  6.91727 
79.6219  6.65925 
111.889  7.43771 
-51.0879  7.05978 
140.326  7.00787 
61.6093  7.77776 
-47.2479  7.18005 
92.6832  7.10608 
42.1453  7.81182 
24.5433  7.13999 
101.187  7.00294 
98.7815  7.86409 
-36.0086  7.58654 
138.904  7.27792 
84.638  8.01524 
-31.3692  7.48175 
92.2322  7.2256 
97.9409  8.13616 
-60.4187  7.61301 
94.4321  7.34771 
134.576  8.18705 
8.0254  7.28781 
63.7087  7.57286 
122.856  8.24889 
-43.5727  7.39276 
131.938  7.27412 
42.218  2.17402 
-47.4912  2.07356 
107.745  1.93285 
-173.878  1.8823 
-48.9491  2.20684 
-117.227  2.06147 
-38.8015  7.4912 
-60.5923  7.50939 
-129.44  7.3827 
-97.8633  7.56923 
-74.1084  7.59659 
-74.7424  7.31629 
-81.8238  7.60269 
-30.5829  7.3584 
-106.422  7.29017 
-90.4992  7.40475 
-20.8004  7.23222 
-50.9788  7.2267 
-92.069  7.61879 
-44.3542  7.47907 
-97.2868  7.26237 
-25.4535  7.51171 
-54.6255  7.20429 
-86.3657  7.01014 
-112.576  7.40226 
-13.8892  7.07626 
-52.2702  7.04867 
-58.73  7.24304 
-30.9764  7.141 
-42.8409  6.7618 
-49.6946  7.04422 
18.3503  6.91895 
-74.786  6.6515 
-26.1722  7.4155 
78.1487  6.89834 
-85.6432  6.88819 
-65.2472  7.45853 
36.2593  7.09158 
-84.6772  7.12962 
-47.2885  8.07743 
-77.5561  7.13061 
-132.292  7.22688 
0.341757  7.34971 
-33.0698  7.50355 
-98.5795  7.06901 
-27.4144  8.03495 
4.07265  7.09964 
-119.606  6.5329 
3.6987  7.86357 
7.03866  7.08544 
-35.3842  6.76142 
8.26612  8.17046 
-13.1145  7.41229 
-51.9692  7.02082 
-2.94597  8.18328 
-55.1503  7.25645 
-13.5644  6.88169 
1.88243  7.59956 
-96.9782  7.46719 
-145.684  7.06013 
-25.7225  8.13485 
36.2712  8.13792 
-52.1662  7.1834 
-40.4653  8.08571 
3.22375  7.28296 
-49.8159  7.44827 
-47.0431  8.69651 
-26.2391  7.28078 
-60.8014  6.88687 
-1.83874  8.15632 
12.6322  7.69958 
-27.0971  7.23604 
-18.3071  2.39563 
-1.31624  2.03469 
-79.7683  2.14833 
95.8544  2.32546 
47.4204  2.20051 
133.891  1.90117 
64.2462  8.45141 
109.124  7.80242 
98.6117  7.40201 
69.3078  8.30977 
143.711  7.35253 
118.295  7.05346 
120.567  8.19494 
146.829  7.51504 
74.528  7.17471 
62.4337  8.19023 
135.13  7.65699 
137.528  7.16949 
28.4664  7.85138 
134.347  7.5548 
92.1334  7.05566 
86.3226  7.75386 
215.116  7.18354 
150.143  6.99327 
95.2275  7.88999 
177.106  7.35286 
141.529  6.71222 
43.9617  7.56065 
178.476  7.05103 
98.6534  6.73938 
102.763  7.51687 
121.768  7.02071 
214.565  6.23686 
94.3262  7.27733 
124.742  7.03777 
90.5091  6.45048 
133.693  7.3176 
181.632  7.24111 
110.133  6.6389 
120.182  7.33769 
227.684  7.19814 
151.259  6.53282 
99.3736  7.1641 
118.717  7.01019 
100.012  6.65187 
121.485  7.16824 
181.423  7.14375 
102.637  6.72195 
116.458  7.32963 
65.1577  7.31929 
126.092  7.00282 
104.15  7.23154 
161.031  7.25917 
105.891  7.06546 
97.2268  7.44174 
149.107  7.30819 
38.1777  7.07303 
81.7846  7.73846 
83.4793  7.44608 
100.026  7.06089 
54.5347  7.41999 
129.311  7.38191 
87.3732  7.00507 
78.98  7.40268 
96.4833  7.60192 
111.711  7.10392 
99.1326  7.69196 
15.5982  7.58892 
62.3232  7.45656 
102.092  7.757 
59.6606  7.80159 
96.7905  7.66983 
75.5358  1.90575 
29.4176  2.07985 
49.1932  2.05978 
157.736  2.12045 
297.186  1.85006 
61.191  1.91599 
124.778  8.73774 
251.942  8.0985 
100.619  7.60218 
108.788  8.85853 
304.271  8.07385 
74.4234  7.53647 
137.23  8.55261 
248.415  7.88301 
68.3802  7.08751 
29.2837  8.66484 
278.907  8.11464 
141.378  7.51265 
40.6464  8.27084 
160.274  7.51918 
110.996  7.15699 
87.614  8.18428 
173.919  7.84741 
159.422  6.6612 
93.9204  8.17194 
189.396  7.82468 
133.612  6.88855 
101.395  7.99737 
249.232  7.95157 
210.292  6.8281 
112.25  8.06685 
153.474  7.68641 
209.347  6.79752 
134.345  7.84837 
138.86  7.7991 
245.682  6.68336 
66.2969  7.79298 
148.551  7.55502 
236.946  6.94572 
113.705  7.6964 
49.9401  7.61697 
252.086  6.87384 
139.908  7.47717 
59.4434  7.73299 
258.341  6.91573 
49.1634  7.4725 
19.9763  8.03064 
207.451  7.09802 
114.926  7.71591 
35.5949  7.84631 
219.692  7.09339 
97.4978  7.46532 
23.7826  8.07635 
294.002  7.18349 
179.709  7.57674 
47.357  7.78918 
207.702  7.17748 
99.6013  7.77933 
45.8095  8.11417 
222.696  7.33173 
133.248  7.8872 
-11.1566  8.10673 
258.815  7.43048 
112.01  8.20633 
14.5552  8.39271 
248.965  7.53321 
120.242  7.94115 
-60.9164  8.54088 
225.377  7.56172 
87.5315  8.00751 
-63.2909  8.28132 
234.701  7.31375 
12.7011  1.99845 
-85.1774  1.89576 
183.488  1.97049 
2.74315  1.78504 
-84.6519  1.9501 
-49.3873  2.07568 
16.6511  7.49488 
-69.5897  7.50686 
-3.79738  7.82258 
9.74952  7.27375 
-50.4  7.42271 
-5.20672  7.67021 
-50.2747  7.05855 
-19.543  7.42221 
5.09324  7.6968 
86.785  7.18161 
-10.1115  7.35703 
0.549484  7.08673 
11.5246  6.93669 
-73.7082  7.4926 
9.04563  7.04549 
76.4781  6.83503 
4.05096  7.01611 
-0.900541  6.90533 
43.9789  7.12242 
52.7573  7.0494 
-35.839  7.18633 
83.9398  6.90759 
46.2654  7.18962 
40.6978  6.8483 
138.526  6.77064 
53.3381  6.82579 
23.4887  6.69933 
136.754  6.76293 
41.8491  6.79633 
114.265  6.60068 
99.3579  7.01276 
12.5223  6.89154 
27.9914  6.64903 
93.0597  6.97995 
22.7063  6.86858 
18.3265  6.71231 
103.553  7.23353 
82.8673  6.79668 
-25.4343  6.60562 
71.2557  7.35831 
21.8369  7.12042 
79.9946  6.78371 
76.6328  7.49918 
56.9235  6.99038 
36.9932  6.75769 
132.246  7.45761 
81.9379  7.14255 
-20.3777  6.87374 
130.559  7.31859 
22.1017  7.27926 
108.756  7.00704 
93.6809  7.41454 
36.1381  7.32401 
131.383  6.79026 
114.813  7.55214 
28.6073  7.4784 
56.5024  6.89823 
88.6485  7.69147 
106.07  7.24794 
17.3762  6.93131 
95.5605  8.21068 
59.7179  7.43966 
52.8344  7.17703 
42.8834  7.85607 
86.9964  7.48268 
38.5482  7.26154 
102.812  1.98021 
70.6206  1.97765 
45.1169  1.86075 
-15.357  1.97857 
46.0278  2.00443 
-143.615  2.06753 
36.5283  7.7429 
109.153  7.28843 
-112.976  7.73399 
-20.4164  7.84252 
168.693  7.32141 
-51.2693  7.69306 
-28.1683  7.83695 
86.1493  7.26376 
-8.98957  7.48365 
88.9427  7.6696 
115.036  7.06672 
-10.3437  7.53645 
30.7517  7.69033 
97.3369  7.09688 
-43.196  7.32726 
16.7559  7.43696 
107.591  7.08015 
-45.2563  7.33177 
78.4161  7.30691 
113.576  6.97798 
21.7505  7.40148 
45.7728  7.44787 
108.117  7.21439 
-8.50507  7.07075 
-24.7424  7.55689 
122.754  6.85512 
44.1143  6.96671 
-33.0511  7.70684 
113.024  7.216 
26.2148  6.92769 
8.62838  7.40486 
72.6628  7.20898 
13.429  6.88241 
51.8708  7.42289 
6.80175  7.21427 
35.5245  6.8975 
50.6069  7.49935 
4.05129  6.49798 
-47.2159  6.71377 
136.421  7.62482 
14.3202  7.18161 
12.19  6.98349 
91.6053  7.90956 
42.8415  7.2817 
20.7313  7.08893 
89.7611  8.1835 
-27.0204  7.46596 
14.5061  7.16206 
114.43  8.1346 
-64.9538  7.38067 
43.11  7.10661 
123.857  8.19178 
-83.6644  7.43364 
12.2578  7.28096 
64.4228  8.44814 
-57.8023  7.60601 
8.2553  6.95119 
54.5375  8.15874 
-56.5149  7.75203 
-17.1646  7.13292 
177.218  8.22837 
-125.136  7.52782 
-33.0034  7.21044 
200.5  8.40753 
-105.66  7.87441 
-47.1748  7.48698 
186.43  2.03872 
-139.378  1.99022 
-91.1346  1.98238 
-67.8676  2.0489 
92.0075  2.01485 
-36.8504  1.85966 
-54.1885  7.8322 
65.5552  7.49575 
-9.35951  6.85769 
-16.9863  8.0135 
73.462  7.46947 
-31.0993  7.26862 
-65.9124  7.69747 
72.3133  7.07563 
-7.09269  6.85293 
-129.709  7.86244 
92.2873  7.33504 
-74.3209  7.116 
-31.8586  7.66026 
89.9866  7.16908 
-118.574  6.8741 
-101.782  7.55935 
134.083  6.84185 
-92.3247  7.0205 
-89.8798  7.38855 
62.547  7.04351 
-42.4607  6.82634 
-117.91  7.21408 
49.2223  7.07444 
-180.628  6.95974 
-92.5432  7.52232 
-21.3828  6.87186 
-141.072  6.86539 
-97.437  7.43542 
12.677  6.86285 
-20.0566  6.53061 
-62.4912  7.36164 
23.7118  6.67873 
-81.191  6.66357 
-135.336  7.35126 
-57.7437  6.94029 
-111.872  6.79721 
-180.735  7.2538 
-5.71636  6.85277 
-81.3822  6.87264 
-214.28  6.91993 
-32.9131  7.3976 
-108.144  6.76775 
-134.44  7.12373 
-45.1212  6.91781 
-119.633  7.02158 
-130.743  7.32924 
-110.094  7.02844 
-160.108  7.12914 
-85.0681  7.54198 
-42.0357  7.16432 
-100.07  7.31789 
-94.2995  7.39057 
-34.8601  7.39627 
-68.6334  6.97381 
-159.892  7.52702 
-25.7037  7.70242 
-124.147  7.25749 
-178.909  7.44205 
-134.167  7.66474 
-39.4997  7.69137 
-207.134  7.48796 
-107.207  7.61879 
-171.295  7.57178 
-235.52  7.55967 
-101.826  7.6384 
-117.325  7.21272 
-230.231  2.04871 
-86.1973  2.01522 
-145.409  2.00883 
9.87044  1.89768 
225.445  2.0172 
241.42  2.01495 
38.9801  2.306 
260.243  8.03994 
221.261  7.34798 
-38.7222  8.26222 
270.165  7.72948 
188.151  7.45434 
24.5184  8.09384 
218.126  7.6496 
171.059  7.41807 
-13.2276  7.99723 
290.374  7.80277 
206.123  7.34958 
8.5552  7.74938 
151.416  7.54877 
202.118  7.08686 
-42.6477  7.90894 
222.103  7.10904 
177.33  7.08706 
-84.4503  7.878 
191.903  7.74251 
194.135  7.11564 
-103.56  7.79381 
138.262  7.66612 
237.076  7.117 
15.5865  7.68963 
94.911  7.62707 
222.349  6.92471 
0.839098  7.41731 
111.114  7.59163 
185.027  7.002 
-77.2071  8.23345 
28.7972  7.51828 
220.196  7.21606 
-22.8834  7.41718 
107.642  7.56553 
164.302  6.84853 
-5.70839  7.38763 
86.7767  7.51303 
241.354  7.16115 
-34.2055  7.70288 
50.49  7.63312 
245.791  6.94077 
-3.75034  7.2821 
-18.8193  7.66707 
186.497  7.21876 
52.2013  8.02589 
-6.92249  7.72855 
179.241  7.58959 
-4.79534  7.43657 
-26.2942  8.262 
207.6  7.61273 
-13.3864  8.0155 
4.77873  7.88325 
159.771  7.34424 
-32.4678  7.43428 
-101.298  8.59177 
155.676  7.45145 
7.94037  7.65981 
-32.793  8.13138 
201.982  7.53757 
-12.1551  7.99314 
-16.8291  8.10825 
219.464  7.60087 
-47.9955  7.94928 
-73.8972  8.21111 
114.505  7.74428 
-58.1843  1.92257 
-94.7027  1.93953 
145.958  2.08085 
17.6465  1.95705 
-18.175  2.00686 
44.8669  1.88872 
-19.5539  7.30355 
-38.3638  7.27361 
76.5029  7.24276 
35.8367  7.15962 
-72.5243  7.90111 
119.553  7.09756 
22.1352  6.91913 
1.33972  7.65738 
101.053  7.28261 
43.3677  6.89018 
-0.328149  6.73021 
98.0049  7.01634 
38.5022  6.95715 
-15.2609  6.94618 
40.5643  6.83017 
39.2758  6.83948 
-24.1549  6.90709 
106.629  6.79212 
22.6917  6.93914 
20.5286  6.94548 
122.724  6.73832 
33.0263  7.40149 
51.2771  6.91378 
161.947  6.89116 
2.00102  6.67959 
48.708  6.74812 
53.1032  6.59915 
43.4623  6.82249 
68.0984  6.78073 
79.6233  6.65197 
63.2688  6.97117 
56.7547  6.67326 
114.321  6.77439 
130.448  6.76011 
78.1475  6.55835 
44.7953  6.39032 
63.7505  6.8781 
105.042  6.7215 
105.752  6.43647 
12.8331  6.99877 
71.369  6.69105 
82.2162  6.63939 
37.4655  6.9829 
104.177  6.74658 
85.9264  6.38271 
113.641  7.07484 
135.806  6.70695 
37.1169  6.8977 
80.4886  6.93083 
90.2629  7.09487 
163.443  6.64224 
62.7635  7.96404 
128.564  6.84855 
180.123  6.81166 
-2.67512  7.37364 
75.1154  6.86385 
105.778  6.88912 
31.7974  7.48417 
90.4055  7.12521 
119.092  6.88205 
9.48866  7.32514 
88.8997  7.12125 
114.21  7.06805 
39.608  7.41788 
81.4744  7.30881 
84.6278  7.10438 
-12.2613  1.96787 
32.5997  1.97085 
51.1  1.80108 
-94.7486  2.08869 
-85.9634  1.97048 
-86.2332  1.96413 
-59.3186  7.58731 
-94.7494  7.82125 
-63.8223  7.77016 
-53.6916  7.61084 
-55.0827  7.88615 
-65.8435  7.70494 
-26.6635  7.22757 
-129.003  7.73583 
-18.1866  8.13048 
-76.8488  7.51435 
-172.286  7.70635 
0.681984  7.22673 
-59.9377  7.12115 
-56.9461  7.63178 
-38.9479  7.27894 
-76.0567  7.30013 
-82.6639  7.50766 
17.3679  7.27077 
-54.3044  7.31869 
-87.3295  7.51604 
19.8344  7.78747 
-34.2083  7.15465 
-34.1274  7.45052 
3.77485  7.00325 
-59.5092  7.12927 
-92.5642  7.14001 
35.7354  7.01399 
-71.3702  7.30126 
-42.3726  7.43829 
15.1891  7.12909 
-37.1445  7.56331 
-7.80996  7.68206 
-9.29273  7.01006 
-10.789  7.14764 
-1.05497  6.89867 
-11.1492  6.99594 
-37.9868  7.26262 
-21.086  7.2301 
23.8951  6.7243 
-10.871  7.38724 
-83.5951  7.35629 
43.7169  7.0055 
-68.0188  7.5869 
-70.2083  7.45974 
47.4554  7.12574 
-96.4468  7.52583 
21.3966  7.43731 
21.4148  7.41684 
-40.9064  7.30535 
30.7438  7.55249 
67.5313  7.35474 
-71.3612  7.57584 
4.45541  7.28969 
-5.39949  7.05224 
14.313  7.75252 
10.2521  8.18315 
14.6242  7.38362 
-64.3689  7.84707 
0.0822495  7.11132 
-100.146  7.84429 
-64.6245  8.15426 
-107.372  7.75321 
5.07546  7.12969 
-41.7327  8.18541 
11.8954  7.79313 
-33.211  7.58068 
-50.7255  2.12629 
-24.6186  1.89188 
-84.7079  1.86885 
-21.6038  1.90417 
85.9952  1.91335 
-154.762  1.9458 
-42.8581  7.8592 
104.597  7.24274 
-148.89  7.08851 
-77.423  7.55131 
75.4805  7.17776 
-50.0213  7.01742 
-70.5429  7.58043 
105.278  7.12609 
-129.736  6.96941 
-12.5764  7.59921 
83.6975  7.14112 
-128.633  7.1994 
23.3259  7.35927 
62.5907  7.20165 
-64.5754  7.16665 
-74.3323  7.31583 
36.0565  7.39141 
-141.935  6.84456 
-69.2062  7.23358 
46.3136  6.97155 
-122.5  6.82949 
-72.3653  7.30691 
-7.96982  7.01523 
-107.18  6.76545 
-63.906  7.39547 
65.1055  7.28942 
-144.629  6.71984 
-91.236  7.16178 
17.4037  6.95004 
-163.429  6.56622 
-35.7647  7.12883 
20.5615  6.8037 
-142.281  6.67146 
-121.406  7.01201 
-47.1005  6.78722 
-109.045  6.48786 
-99.1515  7.15202 
1.74596  6.82262 
-159.99  7.04005 
-103.172  7.15553 
0.875775  7.48657 
-159.38  6.95217 
-116.794  6.94562 
-77.5397  7.59481 
-149.513  6.8603 
-131.904  7.25354 
-6.19864  6.96666 
-29.3703  6.93209 
-107.919  7.31771 
-87.1003  7.57652 
-104.512  6.84203 
-207.864  7.27156 
-79.2819  7.15797 
-109.109  7.04325 
-125.031  7.51576 
-136.223  7.55206 
-138.586  7.16059 
-107.42  7.60805 
-77.7419  7.41973 
-208.398  6.92845 
-213.636  7.4048 
-91.7103  7.63332 
-97.5463  7.33544 
-137.79  7.34872 
-108.063  7.42249 
-133.328  7.07895 
-100.63  1.85226 
-169.54  1.93826 
-154.475  2.01766 
