146.96  2.08676 
65.1698  2.03908 
-82.9545  2.05673 
152.131  8.24852 
63.435  7.75358 
-109.774  7.37441 
157.313  8.51969 
102.809  7.91573 
-142.962  7.3571 
166.779  8.43642 
19.1857  7.99539 
-143.296  9.28237 
114.782  8.44221 
133.932  7.92714 
-104.459  7.4784 
111.896  8.20197 
109.646  8.02235 
-61.431  7.39819 
112.731  7.91468 
3.68384  7.60453 
-100.837  7.32437 
109.016  7.95635 
69.5207  8.48099 
-153.585  7.94435 
94.8963  7.75303 
50.8745  7.69406 
-87.6793  7.04806 
107.857  7.88527 
44.5635  7.7857 
-99.0058  7.51482 
116.542  7.76914 
51.6095  7.61929 
-113.46  7.1359 
15.1896  7.43459 
28.7855  7.50019 
-152.627  6.99241 
102.668  7.58758 
74.3467  7.5693 
-188.454  7.39116 
90.296  7.46688 
63.8478  7.672 
-175.303  7.68871 
56.95  7.46266 
19.4936  7.78525 
-260.478  7.29047 
-18.3283  7.8586 
60.0579  7.91033 
-228.335  9.92891 
-21.5244  7.51424 
72.2593  7.86149 
-254.969  7.64684 
19.9834  7.54315 
65.1694  7.49588 
-215.095  8.90592 
31.4832  8.03803 
50.97  7.96711 
-214.513  7.91365 
-33.31  7.91063 
78.6215  7.68571 
-265.07  7.68646 
48.2662  7.97549 
90.1033  7.83728 
-263.411  10.797 
-46.541  8.21257 
26.7319  8.21295 
-211.911  8.34246 
-35.1044  8.29648 
82.0424  7.87069 
-183.841  8.1052 
-67.0365  2.00336 
90.6695  1.86429 
-208.709  2.0819 
1.65829  1.87169 
-134.236  1.89868 
7.4396  1.85331 
-48.0795  7.44589 
-122.388  8.27928 
-24.5021  7.40149 
8.70563  8.05879 
-162.136  8.44887 
-29.4541  7.9423 
-2.62176  7.05987 
-122.271  7.86244 
-41.9466  7.83911 
28.471  7.35049 
-65.5927  7.93113 
-1.53351  7.20279 
85.1228  7.18415 
-59.9981  7.53354 
-49.2972  7.24023 
41.3388  7.33958 
-93.4032  7.84974 
-29.7239  8.12026 
50.8887  6.95274 
-158.039  7.7324 
-3.76033  7.36787 
16.0422  7.20537 
-103.688  7.84412 
2.98758  7.1485 
-33.1925  7.42863 
-120.506  7.60913 
-35.4035  7.63133 
-8.11809  7.1985 
-86.9471  7.78591 
-4.82927  7.55747 
-29.858  7.35158 
-67.2297  7.99378 
-12.9657  7.08369 
-52.2001  7.44755 
1.6837  7.22022 
-25.2952  8.96404 
-30.8877  7.5563 
-79.1852  7.6312 
-2.66569  6.94958 
-35.711  7.77347 
-48.7431  7.66468 
26.897  6.93027 
-133.78  7.81906 
-90.6271  7.81078 
-18.4164  9.18098 
-38.288  7.87409 
-105.76  7.86241 
-50.7525  7.31199 
-19.0223  7.89189 
-53.3821  7.93389 
-31.6685  7.32943 
-70.4662  7.99834 
-23.1313  10.0383 
47.3949  8.01566 
-33.0396  7.81814 
-62.9059  7.813 
-39.9729  7.33117 
-17.3373  8.24671 
-47.3991  7.99707 
18.2743  7.52431 
-96.5225  8.68152 
-52.878  7.97177 
-43.2158  7.43562 
-133.832  8.61703 
-67.2069  8.08912 
-103.583  9.67194 
-79.6315  2.21668 
-9.39091  1.88229 
-4.46957  2.0085 
3.41861  1.90258 
-75.753  1.96633 
34.6776  1.85725 
-18.7781  7.73763 
-6.55526  7.58461 
34.3877  7.71618 
42.5262  7.81828 
14.6278  8.26008 
29.1857  7.88651 
10.2785  7.70577 
-5.53162  7.85039 
49.9186  7.763 
36.578  7.77024 
10.2058  7.77297 
19.9096  7.6892 
93.104  7.70429 
23.3147  7.74882 
20.7274  7.52843 
121.783  7.30964 
36.7499  7.70271 
73.2036  7.26464 
72.7416  7.48576 
-44.0067  7.75663 
-19.2641  7.38926 
63.5807  7.47232 
-9.34461  8.1025 
22.1527  7.74395 
93.6232  7.32299 
-1.75961  7.25561 
-5.48218  7.12241 
74.8494  7.42553 
-42.8595  7.65323 
43.1122  7.09878 
69.64  7.45771 
-130.156  7.6983 
78.1399  7.20955 
91.6644  7.58958 
-68.17  7.64071 
82.7296  7.14042 
34.1898  7.60806 
-46.8171  7.59408 
20.7518  6.96607 
114.507  7.73464 
-96.8177  7.88329 
45.1605  6.99629 
63.3014  7.73297 
-125.064  7.73173 
23.4312  7.37771 
68.2922  7.93795 
-138.975  7.86655 
-4.16139  7.30978 
85.55  8.00411 
-113.456  7.8773 
0.65405  6.74635 
62.2153  8.37258 
-89.341  8.07298 
15.2459  7.21189 
-5.19807  7.98637 
-93.1021  8.12943 
19.544  7.44859 
111.247  8.1263 
-107.691  7.88651 
14.6443  7.76687 
151.708  8.38005 
-47.9397  8.02769 
-0.777327  6.99903 
69.0354  8.41953 
-23.1459  8.11726 
35.8735  7.58214 
109.631  2.16457 
-68.8558  1.95036 
27.7749  1.92076 
-54.5717  2.22563 
33.2588  2.11734 
-23.0004  1.91873 
-55.6051  8.50409 
101.859  7.83949 
-18.879  7.55689 
-143.097  8.89981 
84.6692  7.97162 
-7.53444  7.69512 
-104.901  8.38703 
38.7501  7.58781 
19.6892  7.4589 
-91.0582  8.73486 
56.6156  7.97661 
-23.5443  7.80067 
-81.2131  8.48556 
8.36548  7.69869 
-67.5448  7.3135 
-190.831  8.53435 
65.5217  7.85003 
-61.4902  7.41459 
-113.783  8.15174 
2.97591  7.3569 
-55.4064  7.17355 
-160.502  8.22933 
16.118  7.97354 
-5.89861  6.95445 
-131.368  8.37482 
36.3738  7.76867 
-11.2175  7.56488 
-123.489  8.38033 
92.7605  7.68797 
-23.4128  7.43658 
-153.215  8.18127 
137.986  7.36639 
-87.9851  7.23527 
-133.211  8.0867 
45.3195  7.29373 
-32.6876  7.57652 
-110.594  7.89181 
157.2  7.46796 
-32.9559  7.42823 
-122.384  7.67932 
116.149  7.18788 
-15.3951  7.18474 
-107.64  8.09274 
52.7087  7.52062 
-52.1116  7.2508 
-27.1622  7.87764 
1.59907  7.42816 
17.2534  7.61244 
-0.89153  7.6142 
68.6407  8.18557 
7.9697  7.55898 
-15.6189  8.2966 
46.9337  7.79752 
41.3867  7.93078 
25.4645  8.07398 
64.9642  7.7123 
8.65522  7.6204 
-81.4254  8.02606 
1.12057  7.75431 
-25.9083  8.10549 
8.09013  8.11345 
46.5923  8.53817 
-70.8765  7.9428 
-21.3283  8.25704 
43.1734  8.04516 
-77.2674  7.94653 
38.501  1.90896 
46.6807  2.18677 
-7.04257  1.90562 
-30.2661  1.91619 
155.57  1.85148 
19.8739  1.90943 
38.8468  8.29384 
120.311  7.73017 
-11.48  7.54171 
-14.0773  7.62724 
97.3395  7.37771 
9.46179  7.03532 
-29.1062  8.08582 
166.969  7.97184 
2.9571  7.41482 
-25.7649  7.90387 
157.13  7.84579 
-11.8961  7.70742 
-56.9312  7.93053 
128.544  7.86125 
-28.2503  7.57209 
-48.7833  7.76494 
176.049  7.87116 
37.7065  7.30652 
-14.5307  7.8048 
113.419  7.72729 
-9.92195  7.27688 
-70.9376  7.70498 
150.104  7.61101 
37.0411  7.35152 
-8.41168  7.82001 
149.377  7.64225 
76.6697  7.1962 
-130.112  7.96391 
132.934  7.53212 
20.5251  6.91541 
-50.9376  7.64665 
155.799  7.69437 
53.4211  6.92965 
-84.8125  7.42942 
101.971  7.41318 
-1.59454  6.9267 
-76.6246  7.41851 
164.876  7.72605 
14.3379  7.77055 
-124.643  7.39669 
133.912  7.51922 
13.1525  7.09549 
-69.5611  7.62032 
143.568  7.52987 
-2.76506  6.97955 
-45.6399  7.58113 
109.563  7.66902 
21.2358  7.66201 
-94.7373  7.87805 
116.869  7.66982 
-1.98732  7.17333 
-85.8694  7.50717 
120.485  7.75519 
72.1952  7.88777 
-76.7247  7.81083 
57.2031  8.03412 
-19.5869  7.65757 
-114.974  7.75768 
22.9753  8.11285 
-74.03  7.66179 
-103.018  8.01993 
76.7379  7.82585 
-66.1639  7.69719 
-171.887  8.03891 
64.5978  7.98064 
-48.0572  7.77425 
-135.935  1.92118 
24.2655  1.94713 
-133.391  1.91529 
-46.2489  1.89753 
-123.689  1.88246 
-101.886  1.91232 
-52.6721  7.60748 
-206.654  7.89201 
-86.857  7.8969 
8.40464  7.26224 
-160.36  7.9944 
-53.6908  7.61507 
-48.3061  7.33084 
-212.904  7.80032 
-146.898  7.57997 
-54.2121  7.43999 
-148.523  7.60542 
-40.142  7.62495 
-83.4451  7.32616 
-109.413  7.65742 
-59.7058  8.12179 
-75.1554  7.32707 
-208.125  7.65277 
3.48046  7.12473 
-32.9984  7.21204 
-195.791  7.73599 
-18.4243  7.27461 
-58.1412  7.1403 
-196.463  7.35797 
-11.1212  6.9905 
-63.7026  7.14032 
-85.682  7.45052 
-45.2665  7.5297 
-85.9183  7.80337 
-120.032  7.44001 
-59.8105  7.32775 
-2.21655  7.12082 
-111.433  7.30322 
-32.9252  7.26852 
-63.2998  7.41779 
-147.022  7.40239 
17.0628  7.20355 
-27.7676  7.47011 
-99.2159  7.51409 
-73.1308  7.04383 
-83.7882  7.53598 
-106.837  7.52336 
-73.2519  7.11023 
-36.3325  7.62715 
-39.6047  7.5076 
-37.3003  7.01419 
-96.561  7.7302 
-84.9271  7.76332 
15.6356  7.69304 
-44.2606  7.6166 
-112.292  7.54241 
-4.51117  6.91579 
-112.167  7.66929 
-105.595  7.62919 
-15.4597  7.27491 
-39.5485  7.94277 
-86.0301  7.83292 
-10.3417  7.75565 
-55.8809  7.41318 
-54.6874  7.43705 
5.7052  7.05346 
-106.701  8.0091 
-80.8403  7.69406 
-21.0182  7.82001 
-150.253  8.05415 
-71.9641  7.91039 
-0.427734  7.25623 
-178.416  2.14054 
-113.879  2.09016 
-46.2157  1.90769 
-63.5356  2.06616 
-132.877  1.89333 
6.48952  1.91584 
-158.019  8.10781 
-66.9318  8.04269 
-21.3573  7.79972 
-94.2059  8.10065 
-7.3056  7.66635 
10.4582  7.61249 
-76.6687  7.90492 
-118.726  7.84102 
16.2573  7.81282 
-50.3099  7.90764 
-49.2038  7.93558 
18.7398  8.26922 
-101.69  7.8766 
-55.6383  7.76001 
-3.99165  7.26563 
-43.7979  7.57559 
-74.9645  7.57 
-26.269  7.63001 
-83.089  7.7359 
-17.3053  7.87646 
2.33083  7.23153 
-60.4012  7.81992 
-19.9928  7.39421 
59.1681  7.10921 
-3.02361  7.19467 
-14.4777  7.62837 
35.06  7.43198 
-28.7894  7.66914 
55.7763  7.69109 
40.5524  7.25614 
-56.1737  7.68437 
-29.2049  8.08007 
48.5791  7.21336 
-94.6337  7.86587 
5.08211  7.48246 
81.1512  7.09982 
-66.4192  7.85585 
-4.44976  7.21952 
75.3055  6.96625 
-9.7091  7.71488 
19.8339  7.56199 
103.046  7.14675 
-34.4231  7.86944 
-27.3339  7.66061 
81.5059  6.96452 
24.6379  8.35753 
-29.4683  7.83666 
14.9122  7.40511 
2.73334  7.31237 
-27.9252  7.62909 
67.4261  6.87156 
24.6316  7.5631 
-24.1923  7.28915 
23.7816  6.81926 
-22.9548  8.38555 
14.2558  7.92759 
76.6181  7.447 
-6.40514  7.47592 
-27.7263  7.93211 
24.1438  8.20717 
15.0725  8.14029 
6.4583  7.57387 
31.2517  7.37429 
44.919  8.23253 
40.7293  7.73873 
25.0727  7.51638 
26.0084  1.95562 
22.696  1.88792 
-9.74132  1.85252 
139.123  1.85866 
177.214  1.98349 
165.005  1.88129 
140.869  8.23384 
136.755  7.98833 
147.927  7.62598 
182.397  8.1009 
104.464  7.92807 
188.203  7.45803 
141.668  8.02075 
130.391  7.92614 
165.276  7.53767 
171.044  7.95937 
135.16  8.01347 
158.876  7.57326 
153.454  7.82675 
55.7545  7.90811 
242.667  7.42504 
100.939  8.03654 
80.5173  7.84635 
89.8861  7.46277 
106.91  7.65506 
67.4314  7.60118 
181.022  6.98756 
127.714  7.89843 
98.2502  7.80931 
195.191  7.31779 
118.324  7.88482 
58.2985  7.62855 
74.6492  7.26956 
41.5638  7.73958 
92.508  7.77345 
128.731  7.37773 
90.9605  7.71565 
24.2132  7.66938 
169.582  7.39489 
118.976  7.66906 
64.5656  7.59225 
59.7154  7.28339 
76.3231  7.7048 
-24.8047  7.84819 
104.125  7.52923 
46.1544  7.57663 
65.3341  7.66758 
91.9302  7.64639 
52.375  7.32004 
84.3147  7.44216 
-3.30462  7.08453 
44.8594  7.69508 
64.3439  7.81507 
72.0006  8.09233 
8.84655  7.70092 
-7.29436  7.74469 
87.3907  7.64302 
57.8136  7.77349 
89.2484  8.05277 
21.2079  7.7208 
9.32017  7.86886 
62.8985  8.12009 
41.1048  7.71505 
-0.415548  7.89052 
-15.8678  8.05075 
29.8947  7.85795 
-42.0034  8.4509 
42.3514  7.93263 
38.6381  7.83031 
-51.5146  8.19751 
48.1571  8.13214 
55.0617  8.1082 
-45.0932  1.90123 
37.1369  1.93269 
-15.2094  2.18569 
-43.6791  1.87492 
-99.8115  1.87334 
-66.6959  1.97325 
39.5342  7.23988 
-166.8  7.02768 
-14.3321  6.93105 
91.0437  7.12044 
-108.894  7.23799 
9.9654  6.55585 
44.0389  7.15488 
-139.821  7.47265 
-45.9491  6.76317 
94.9202  7.36891 
-127.735  7.32187 
-114.47  6.75528 
0.365413  6.8581 
-141.61  7.25717 
-73.6347  6.53078 
41.3036  6.922 
-163.614  7.31748 
-74.7399  6.62327 
35.0127  6.94335 
-127.967  7.41638 
-64.551  6.53333 
91.7552  6.80087 
-125.116  7.08493 
-60.3635  6.12131 
-49.1572  7.04334 
-46.8423  7.05712 
-69.8493  6.32969 
24.2321  6.85615 
-80.0052  7.14945 
-81.8431  6.63044 
6.90015  6.6912 
-69.5309  7.05882 
-44.4027  6.5897 
49.4651  6.9319 
-61.0708  6.71946 
-35.0965  6.63976 
41.1451  6.62211 
-118.983  6.8983 
-90.6939  6.59876 
91.6216  6.85912 
-104.323  6.90297 
-40.0281  6.67513 
8.44839  6.65725 
-106.214  7.11913 
-66.3451  6.84982 
51.9432  6.77586 
-99.4046  7.28264 
-36.834  6.90024 
51.9195  6.99126 
-96.7792  7.19284 
20.5198  6.93458 
59.8785  6.96182 
-90.1144  7.18563 
-106.165  6.83063 
5.36093  6.66394 
-63.9577  6.96782 
-9.3947  6.80283 
48.6325  7.24353 
-75.9032  7.23778 
-119.033  6.94577 
28.6164  7.19674 
11.107  7.16775 
-77.737  7.21191 
48.1293  7.417 
-84.1852  7.25273 
-37.4483  7.27278 
93.3704  2.14272 
-74.048  1.98189 
-21.9859  1.84532 
-137.617  2.04329 
-208.986  2.19873 
-80.6326  2.21346 
-121.869  7.23845 
-183.215  6.95646 
-120.578  6.74425 
-87.1388  7.37792 
-136.057  6.97384 
-182.675  6.8772 
-65.2134  7.12848 
-173.753  7.04568 
-137.859  6.85923 
-92.173  7.13479 
-152.398  6.78803 
-97.0159  6.81399 
-43.0894  6.81521 
-194.165  6.77733 
-122.544  6.44146 
-98.7548  6.82236 
-165.911  6.84584 
-139.408  6.61005 
-103.09  6.8553 
-72.7097  6.59043 
-88.1988  6.35693 
-86.5312  6.61579 
-91.9076  6.33259 
-95.8999  6.17727 
-90.9164  6.69571 
-44.4298  6.37492 
-185.295  6.54131 
-61.5036  6.57492 
-110.133  6.36798 
-187.723  6.44248 
-87.3389  6.84485 
-40.8492  6.29396 
-127.096  6.41515 
-181.335  6.72235 
-15.5925  6.46183 
-152.107  6.58323 
-102.095  6.87128 
-76.5481  6.54869 
-125.64  6.36725 
-109.405  6.6511 
-111.068  6.33956 
-220.424  6.34778 
-142.458  7.01324 
11.9305  6.60614 
-199.379  6.48267 
-132.056  6.90788 
-49.5597  6.71588 
-221.558  6.47945 
-160.016  7.27062 
-22.8181  6.53263 
-161.254  6.55865 
-209.4  7.15274 
-116.335  6.80469 
-176.496  6.57681 
-164.424  7.00953 
-108.129  6.7036 
-180.455  6.34563 
-68.4788  7.20388 
-98.1851  6.96616 
-245.208  6.61512 
-122.562  7.12442 
-104.244  6.8336 
-121.477  6.59737 
-179.364  7.40866 
-36.111  6.92222 
-149.625  6.91946 
-133.324  1.88951 
-123.665  1.83594 
-201.835  1.89222 
217.008  2.06874 
-9.71832  1.85701 
-42.1508  1.93685 
252.893  7.0035 
-126.607  6.74899 
-39.2561  6.48859 
219.804  7.34205 
-13.2302  7.23615 
-31.3707  6.86868 
179.3  6.99593 
40.6559  6.47147 
10.057  6.2134 
126.278  7.22401 
26.0324  6.8211 
47.9565  6.68815 
209.869  7.06725 
-74.6188  6.68042 
27.3336  6.21085 
126.559  7.14113 
32.3037  6.93069 
29.5948  6.74792 
60.5886  7.01553 
35.3792  6.62404 
-15.2576  6.48909 
99.4155  7.12215 
13.1774  6.90015 
32.2942  6.54497 
57.721  6.781 
46.8884  6.56563 
-23.2974  6.06496 
72.9569  7.05123 
24.9076  6.57689 
-5.23366  6.24271 
-13.118  7.20611 
32.1469  6.65015 
53.6297  6.42464 
24.4505  7.20562 
71.2805  6.61394 
-20.9461  6.47617 
40.6302  7.10805 
81.5652  6.66506 
66.5481  6.20083 
33.2699  7.24593 
45.0565  6.8008 
-46.5969  6.4141 
-60.1271  7.05716 
30.6041  6.52675 
54.7292  6.02878 
-104.369  7.55189 
138.115  6.76112 
71.5485  6.32147 
-85.0319  7.33257 
91.9566  6.6685 
-2.06671  6.08101 
-144.727  7.66979 
80.0868  6.85542 
-7.86597  6.53475 
-214.161  7.41991 
-39.7924  6.62339 
85.6455  6.46129 
-114.15  7.77888 
35.5479  6.90391 
-28.923  6.333 
-214.471  7.45123 
12.8224  6.74888 
10.6079  6.36349 
-206.479  7.33353 
-32.1516  6.43386 
41.1796  6.15403 
-167.277  1.90857 
0.252745  1.98629 
8.9295  2.02366 
-6.07094  1.91062 
-155.527  2.01369 
-69.3003  1.94089 
-16.4156  7.07262 
-180.148  7.04726 
-23.9355  6.84896 
-18.2084  7.05531 
-124.865  7.18091 
5.12428  6.62217 
-87.0336  6.79091 
-125.194  6.75547 
55.5375  6.87276 
30.5391  6.94126 
-128.95  6.82469 
-0.0762092  6.57321 
-71.0311  6.59974 
-136.735  6.61201 
-4.85815  6.14321 
-90.4246  7.46666 
-195.257  6.72938 
16.0332  6.67433 
1.96007  7.0338 
-144.25  6.71532 
3.32871  6.97791 
-67.7957  6.87065 
-202.314  6.85328 
0.921876  6.86305 
-49.5641  6.87423 
-147.178  6.84449 
-1.86999  6.34496 
-57.9929  6.94316 
-219.388  6.79803 
32.2913  6.26894 
-5.39776  6.73607 
-181.74  6.59318 
59.0859  6.32522 
-30.9635  6.86233 
-161.435  6.65362 
57.994  6.25143 
-50.6154  6.63596 
-173.214  6.57691 
92.9892  6.43857 
42.9939  6.58676 
-173.257  6.53852 
81.1532  6.40151 
26.2527  6.57958 
-234.685  6.61957 
56.7933  6.42471 
-47.7722  6.70501 
-174.94  6.63377 
44.6761  6.35419 
-51.7492  6.61348 
-143.426  6.66757 
61.4313  6.57319 
29.5965  6.94849 
-168.945  6.94715 
98.6737  6.79205 
19.9887  6.92702 
-64.6724  6.89783 
70.2054  6.66201 
87.5173  7.43112 
-124.974  6.71246 
116.332  6.59493 
3.38164  7.18179 
-110.063  6.74579 
38.4156  6.74615 
87.3628  7.23499 
-83.2031  6.92622 
44.2589  6.77721 
68.9641  2.03085 
-69.2974  1.91992 
23.6829  2.01433 
-18.7985  2.00708 
-75.0615  1.90983 
101.964  2.0474 
8.13648  7.46124 
-48.3374  7.06017 
56.5061  6.74116 
65.5152  7.50562 
-12.0461  6.99841 
161.921  6.66543 
44.4079  7.26141 
-45.1867  6.92074 
150.915  6.47156 
-18.954  7.41785 
5.53163  6.64313 
80.9648  6.55032 
23.8743  7.20721 
-50.7232  7.35677 
126.462  6.6704 
-25.6904  7.20177 
16.5735  7.01708 
59.0377  6.48966 
-11.2961  7.11373 
-88.4095  6.85094 
74.56  6.54767 
14.1237  7.2431 
53.4276  6.92817 
183.811  6.42755 
1.29195  6.84223 
3.60158  6.55447 
78.8701  6.48931 
10.621  7.3097 
-51.0712  7.21483 
114.465  6.43682 
-23.7554  6.77974 
-2.13867  6.64834 
97.8611  6.47772 
-16.1526  6.99264 
-18.8181  7.43584 
29.7475  6.68622 
-45.1513  6.85495 
-63.805  6.79112 
115.271  6.77919 
-38.4915  6.89196 
50.9022  7.092 
79.3456  6.62113 
-67.5917  6.85463 
-20.1512  7.1037 
68.4189  6.72761 
-26.2141  7.12848 
8.59872  6.89421 
116.76  6.7373 
-27.8866  7.07872 
12.7246  7.3013 
148.88  6.86255 
-140.292  7.17689 
-67.3953  7.15943 
139.172  6.75858 
-104.459  7.13778 
-43.9009  7.36346 
187.387  6.81541 
-162.326  7.1588 
34.6921  7.00301 
133.557  6.95964 
-101.472  7.41819 
-55.2  7.0956 
57.6568  7.00662 
-115.256  7.40192 
-4.91169  6.87539 
53.8265  6.83948 
-118.789  1.85686 
-51.3288  2.04184 
108.645  1.84963 
-40.9838  1.83255 
-302.148  1.98054 
35.378  1.84944 
-77.5758  6.99851 
-231.916  7.56872 
-34.9209  7.16021 
-81.9475  7.02076 
-261.403  7.25668 
39.5564  6.91442 
-33.7934  7.58057 
-207.469  7.13812 
44.3848  6.75656 
-1.57057  6.62169 
-209.546  7.28002 
-20.2324  6.72157 
22.9858  6.49963 
-161.842  7.13365 
-24.9778  7.32488 
21.168  6.64293 
-180.597  7.09817 
1.16571  6.63627 
-138.894  6.64012 
-158.137  7.11443 
23.7419  6.46576 
-36.9283  6.60007 
-119.542  6.89502 
17.1056  7.06799 
-13.7379  6.48636 
-186.85  6.99071 
-4.76681  6.44928 
-41.687  6.36476 
-132.716  6.7693 
-21.274  6.45717 
-24.5323  6.40332 
-183.266  6.7419 
-25.0304  6.50086 
-41.741  6.73355 
-114.937  6.69187 
-18.71  6.58721 
-10.5871  6.60314 
-116.817  6.7541 
-71.5864  6.35824 
-31.5115  6.67426 
-66.9744  6.62933 
-38.7724  6.29489 
51.0974  6.7289 
-46.7713  6.61313 
-79.9665  6.61052 
-13.5401  6.78366 
-43.7159  6.8148 
-93.1956  6.53922 
24.0292  7.01953 
9.4921  6.93708 
-56.9442  6.45076 
7.21262  6.80231 
-66.7636  6.81859 
-122.977  6.55612 
-28.6789  6.95923 
12.7279  6.87542 
-45.1058  6.6072 
-16.5835  6.90462 
30.9416  6.80784 
-94.893  6.5774 
-17.4642  6.97141 
81.8374  6.66556 
-88.9932  6.56603 
13.2018  7.24413 
41.7391  6.82974 
-83.9937  6.73888 
-37.0349  1.81879 
-15.0652  2.00287 
-98.6429  2.00952 
-18.6079  1.94077 
-119.122  1.89893 
-60.0603  1.85687 
-65.7021  7.06797 
-35.3138  7.15797 
-58.8802  6.87515 
-8.28778  6.74725 
-76.3094  7.20608 
-84.9862  7.15283 
30.1583  6.8779 
-82.981  7.2083 
-67.8188  6.96215 
49.6567  6.79171 
-30.0801  7.11868 
-61.8712  6.91269 
31.1267  6.62529 
-34.3732  7.03725 
-94.3736  6.61469 
9.62214  6.5786 
15.9944  7.23193 
-31.4668  6.78246 
72.806  6.56722 
-10.3856  7.11471 
9.8285  6.65836 
70.5287  6.59719 
69.8553  7.11581 
-29.974  6.84364 
29.5287  6.52862 
-9.35669  6.95931 
-8.9237  6.47716 
77.7465  6.79488 
-31.344  6.90453 
31.2072  6.52803 
54.1471  6.61199 
-44.1617  6.84226 
-53.4827  6.44813 
35.0733  6.4987 
-88.7911  6.75877 
-15.5898  6.61701 
110.365  6.69351 
-80.1919  7.23051 
80.4092  6.28147 
40.157  6.74418 
3.74357  7.22781 
54.2556  6.29191 
55.4525  6.73024 
1.59236  6.69413 
99.4662  6.15839 
34.3639  6.84902 
-48.3008  7.07374 
56.9336  6.14151 
102.654  7.2554 
8.51226  6.84357 
88.4346  6.31504 
2.71031  7.16632 
13.5876  6.99294 
21.1866  6.44583 
5.34565  6.88997 
73.7542  7.0858 
20.8338  6.32569 
24.9604  7.15485 
7.22  6.98681 
44.7863  6.70737 
84.63  7.12029 
41.0364  7.07226 
-12.2647  6.71009 
139.92  7.07985 
44.9894  6.9983 
-13.5712  7.00841 
74.1147  1.99878 
-10.7039  2.06109 
0.100663  2.03967 
-124.309  2.00208 
-168.574  1.92282 
-54.7221  1.94696 
-180.976  7.24282 
-106.781  6.81367 
-61.25  6.53469 
-154.968  7.1746 
-129.061  6.76209 
-3.48258  6.3248 
-130.246  7.12486 
-157.343  6.99107 
-9.6465  6.78816 
-107.305  7.24262 
-56.5227  6.49033 
-58.6344  6.32448 
-185.96  7.11347 
-105.862  6.66234 
-32.0972  6.58406 
-127.338  7.0864 
-117.485  6.5659 
7.89078  6.20235 
-163.725  7.16992 
-86.6253  6.49387 
-41.7956  6.38581 
-152.067  6.84174 
-108.47  6.48333 
-57.0874  6.20831 
-120.121  6.60975 
-165.161  6.32677 
-35.2691  6.20161 
-148.684  6.80547 
-103.248  6.39696 
-109.043  6.3414 
-203.305  6.78157 
-85.5702  6.47867 
-27.5834  6.35944 
-183.848  6.73089 
-163.351  6.70753 
-87.983  6.55995 
-251.943  6.97545 
-117.447  6.54837 
-124.761  6.63112 
-160.549  6.95215 
-165.438  6.72002 
-91.3081  6.84648 
-219.274  6.6996 
-202.31  6.66155 
-114.913  6.62617 
-224.162  6.89521 
-178.828  6.78068 
-111.937  6.77318 
-220.349  6.90696 
-164.024  6.96104 
-62.7929  6.74884 
-192.127  6.97526 
-134.984  7.04649 
-200.53  6.99154 
-213.416  6.99569 
-163.682  7.03173 
-78.2446  6.91113 
-259.541  7.07803 
-200.2  6.90544 
-147.058  6.85909 
-168.171  7.1694 
-176.328  6.92268 
-132.919  6.98832 
-275.256  7.02593 
-173.493  6.89496 
-183.541  7.10161 
-276.118  1.85892 
-196.179  1.8823 
-186.685  1.97494 
13.9666  2.3378 
-201.741  1.98887 
185.701  1.93602 
22.6166  8.4485 
-137.237  7.67408 
113.998  7.45336 
99.6833  8.18718 
-129.646  7.5474 
209.328  7.12121 
99.4418  8.12701 
-135.567  7.71576 
190.201  7.05124 
75.5141  8.02469 
-122.847  7.65407 
190.847  7.15671 
47.2832  7.59258 
-202.304  7.55973 
155.886  7.04199 
93.7509  7.73768 
-199.28  7.53201 
127.202  6.84116 
110.339  7.70489 
-147.981  7.78709 
129.983  7.2713 
62.3356  7.20261 
-230.246  7.38475 
148.192  6.91562 
79.0909  7.40573 
-245.697  7.50428 
179.151  6.95669 
112.18  7.29113 
-182.522  7.36846 
160.033  6.7917 
76.3196  7.27349 
-151.918  7.52879 
119.418  7.00305 
120.119  7.20062 
-176.868  7.31308 
113.013  7.11226 
97.6521  7.36979 
-137.418  7.26397 
64.2086  6.74204 
87.3374  7.2149 
-188.079  7.32214 
95.3172  7.12512 
72.1116  7.00164 
-164.045  7.24932 
78.0053  7.04272 
58.2198  7.19714 
-197.626  7.39659 
126.842  6.97398 
104.052  7.40101 
-130.03  7.58396 
61.5892  7.41139 
66.8948  7.32065 
-178.875  7.64029 
60.1902  7.36455 
-19.5436  7.51047 
-148.988  7.49488 
88.7388  7.42676 
95.9807  7.61031 
-207.23  7.72122 
31.4116  7.58974 
112.661  7.62521 
-142.242  7.54754 
27.2466  7.5986 
10.0201  7.51717 
-179.866  7.69883 
45.5055  7.98968 
43.0701  1.92469 
-162.58  2.14916 
46.8175  2.33742 
42.7591  2.05325 
-32.1513  2.16657 
12.3092  1.9431 
79.0499  7.52799 
-49.0247  7.37082 
-39.3597  7.72366 
22.0594  7.45705 
-73.8043  7.30203 
-54.001  7.57361 
20.8651  7.47646 
-36.9957  7.43835 
-12.2216  7.46703 
30.3446  7.42935 
-48.4126  7.10643 
-10.1569  7.29043 
74.4312  7.45999 
-88.0957  7.38637 
8.32809  7.1511 
89.7551  7.28529 
-20.2494  7.16632 
16.0664  7.1343 
102.494  7.01099 
-42.9257  7.0172 
33.4077  7.06974 
93.8024  7.0965 
16.6263  6.96553 
49.3004  6.94785 
105.384  7.02863 
-76.1051  6.96917 
43.3105  7.08691 
106.842  7.05403 
-23.8852  6.87976 
62.2879  6.8396 
87.7512  7.15265 
-57.223  6.98623 
102.405  6.7714 
78.7041  7.34493 
-13.8345  6.82007 
56.8266  6.80486 
122.067  7.40206 
-16.5439  7.03842 
84.0362  6.81536 
68.8517  7.45552 
-13.8375  7.0673 
79.0413  6.83119 
111.331  7.52667 
-50.8558  7.04068 
139.588  6.93224 
61.2064  7.73254 
-47.4917  7.33592 
92.2078  7.0413 
42.1527  7.70733 
24.4095  7.34851 
100.768  7.07578 
98.2826  7.87521 
-35.6844  7.547 
138.207  7.17521 
83.834  7.91675 
-31.1648  7.5629 
91.4787  7.25587 
97.1447  8.19799 
-60.462  7.67378 
94.392  7.28539 
134.229  8.16147 
7.89847  7.28516 
63.0656  7.60938 
122.616  8.23302 
-43.9389  7.46748 
131.426  7.35676 
42.2146  2.1919 
-47.5812  2.07476 
107.379  1.93511 
-173.938  1.886 
-48.9914  2.23728 
-117.257  2.08436 
-39.0585  7.73159 
-60.6446  7.81838 
-130.483  7.58265 
-98.2068  7.78926 
-73.7961  7.85366 
-75.5872  7.59638 
-82.2213  7.71867 
-30.4788  7.8583 
-107.488  7.53803 
-90.5199  7.58966 
-20.9725  7.62685 
-52.0172  7.34488 
-92.4549  7.71218 
-44.3373  7.78923 
-98.5601  7.42859 
-25.5259  7.56606 
-54.4945  7.67777 
-87.0942  7.24646 
-112.715  7.50785 
-14.0123  7.7966 
-53.3831  7.22042 
-58.8531  7.40037 
-30.6384  7.64226 
-43.804  7.12542 
-49.819  7.27472 
18.4948  7.38416 
-75.2496  6.88528 
-26.1057  7.54886 
78.1866  7.41301 
-86.5667  7.01582 
-65.3594  7.64885 
36.5267  7.6096 
-85.6433  7.23788 
-47.2683  8.10953 
-77.4168  7.57014 
-133.068  7.27931 
0.115287  7.40873 
-32.7617  8.06949 
-99.2105  7.11284 
-27.8173  8.10109 
4.32513  7.54873 
-120.409  6.75273 
3.16504  7.82443 
7.29956  7.47733 
-36.4178  6.99802 
7.93511  8.38895 
-12.9569  7.79127 
-52.6359  7.08284 
-3.43905  8.38127 
-54.9487  7.78576 
-14.5425  7.07171 
1.31537  7.77358 
-97.1592  7.90506 
-146.417  7.14968 
-26.1677  8.38025 
36.1507  8.40126 
-53.2733  7.38395 
-40.5387  8.33855 
3.18404  7.66976 
-50.5538  7.46469 
-47.1597  8.8546 
-26.1776  7.72742 
-61.7144  7.22094 
-2.12447  8.33208 
12.1425  8.00762 
-27.7994  7.48536 
-18.4077  2.36561 
-1.67777  2.04293 
-79.8649  2.17052 
95.7362  2.36494 
47.3984  2.1421 
133.574  1.94154 
64.3432  8.42145 
109.189  7.67263 
98.4938  7.41885 
69.0017  8.21342 
144.078  7.37953 
118.074  7.03715 
120.365  8.0837 
147.215  7.4951 
74.0606  7.15074 
62.3624  8.07673 
135.424  7.63387 
137.434  7.12082 
28.3422  7.92833 
134.792  7.59921 
91.8741  7.11042 
86.2336  7.67696 
215.687  7.24604 
149.529  6.91364 
95.0726  7.81179 
177.669  7.27538 
141.329  6.84215 
44.0701  7.51948 
178.903  7.12583 
98.4883  6.76696 
102.543  7.43407 
122.056  7.12406 
214.077  6.2659 
94.3138  7.22036 
125.142  7.12486 
90.1371  6.39541 
133.75  7.31564 
181.736  7.16721 
109.789  6.59706 
119.992  7.27272 
227.944  7.09924 
150.482  6.53963 
98.9972  7.18727 
119.213  7.09071 
100.017  6.72218 
121.22  7.05892 
181.757  7.25645 
102.255  6.79239 
116.34  7.23339 
65.8315  7.37669 
125.79  7.04317 
104.114  7.10325 
161.352  7.54031 
105.399  7.1156 
97.213  7.33853 
149.634  7.42644 
38.0117  7.07345 
81.9289  7.34177 
84.0554  7.56612 
99.7713  7.04622 
54.2191  7.27573 
129.691  7.52639 
86.7233  7.08666 
79.0131  7.31386 
96.8802  7.67327 
111.413  7.07148 
98.882  7.54814 
15.9381  7.72486 
61.8206  7.42901 
101.831  7.664 
59.8682  7.79392 
96.6741  7.53959 
75.2799  1.91475 
29.4361  2.06931 
49.2509  2.02913 
157.083  2.08103 
296.979  1.87789 
61.0238  1.95141 
122.138  8.92045 
249.659  8.25776 
98.0188  7.57083 
106.363  8.90089 
301.856  8.299 
71.9834  7.7079 
134.802  8.65252 
246.514  8.16248 
65.8973  7.53585 
27.131  8.78219 
276.752  8.46441 
138.626  7.7144 
38.4471  8.42832 
158.572  7.86395 
108.653  7.36283 
85.6511  8.34799 
172.459  8.21801 
157.129  6.85266 
91.7916  8.14198 
187.506  8.18399 
131.06  7.02864 
99.4294  8.10493 
247.532  8.25824 
207.75  7.10633 
110.3  8.08793 
151.894  8.06039 
206.711  7.09026 
132.506  7.88776 
137.641  8.17869 
243.385  6.82148 
64.6128  7.93228 
147.037  8.1121 
234.394  6.94446 
112.011  7.89956 
48.6398  7.92395 
249.328  6.86964 
138.062  7.5368 
58.0429  8.05028 
255.67  7.0337 
47.4377  7.71429 
18.4933  8.42028 
204.865  7.31531 
113.157  7.83051 
33.9805  8.27692 
217.175  7.24669 
95.7904  7.56047 
22.1496  8.52339 
291.196  7.25139 
177.921  7.73558 
45.8027  8.2985 
205.22  7.32547 
97.8188  7.7755 
44.5864  8.51932 
220.19  7.37063 
131.321  7.96934 
-12.7075  8.49044 
256.017  7.54729 
109.909  8.30391 
12.5869  8.73423 
245.681  7.64035 
117.938  8.1181 
-62.8149  8.84655 
222.233  7.55748 
85.7297  8.17512 
-65.1459  8.7429 
231.787  7.56726 
12.6841  2.01478 
-85.1834  1.89683 
183.271  1.9754 
2.32953  1.79362 
-84.5996  1.95047 
-49.904  2.10735 
14.9033  7.91546 
-71.4574  8.11181 
-6.11367  8.09015 
7.93714  7.78582 
-52.3368  7.85907 
-7.98815  8.19538 
-52.1377  7.54882 
-21.243  7.98191 
2.49265  8.11158 
84.851  7.67773 
-11.2504  7.81069 
-1.87017  7.7611 
9.94199  7.3036 
-75.3245  8.01503 
6.92886  7.64493 
74.3224  7.42628 
2.44759  7.64042 
-3.21936  7.545 
42.485  7.37219 
51.5453  7.59179 
-38.1479  7.63124 
82.1183  7.40274 
44.9065  7.62433 
38.411  7.42879 
136.823  7.11823 
52.1167  7.43764 
21.3018  7.20274 
134.826  7.1862 
40.3407  7.34268 
112.125  7.0423 
97.4259  7.46269 
10.8675  7.23601 
25.9597  7.09237 
91.0324  7.50674 
21.611  7.42702 
16.361  7.1257 
101.574  7.64598 
81.6327  7.37957 
-27.4656  7.12409 
69.2066  7.67826 
20.5583  7.65671 
77.8915  7.18738 
74.3727  7.8957 
55.3324  7.55715 
34.8938  7.1764 
130.055  7.9247 
80.3587  7.6671 
-22.5462  7.36844 
128.121  7.78296 
20.7751  7.80478 
106.181  7.39579 
91.3296  7.93786 
34.7642  7.80926 
128.58  7.22043 
111.96  8.0996 
26.8722  7.96579 
54.2231  7.37091 
86.3574  8.14046 
104.166  7.7339 
15.2495  7.32729 
92.9704  8.55191 
57.9995  7.87251 
50.2937  7.545 
40.2079  8.48472 
84.4023  7.99261 
36.2456  7.70609 
102.583  2.0196 
70.5507  2.00398 
44.4469  1.82717 
-15.385  2.05854 
46.0142  2.03618 
-143.281  2.0493 
34.1791  7.69984 
106.554  7.4886 
-116.394  7.81532 
-22.619  7.94266 
166.335  7.56551 
-54.6174  7.88488 
-30.6176  7.99069 
84.089  7.58493 
-11.8951  7.61224 
86.8219  7.76185 
112.974  7.5429 
-13.2297  7.64713 
29.0972  7.59826 
95.483  7.4136 
-45.8229  7.45883 
14.7716  7.6506 
105.817  7.43649 
-47.7267  7.34859 
76.4093  7.53961 
111.407  7.42098 
18.8657  7.34319 
44.1591  7.57944 
106.739  7.49047 
-11.2608  7.29967 
-26.5429  7.58876 
120.976  7.19045 
41.5522  7.01205 
-34.8827  7.88871 
111.673  7.51129 
23.5243  7.06205 
6.94089  7.27739 
71.3273  7.53812 
11.0178  6.89537 
49.9426  7.48011 
5.51105  7.56284 
33.0061  7.0172 
48.4197  7.69892 
2.6738  7.05747 
-49.5305  6.96277 
134.411  7.75172 
12.7676  7.49181 
10.1672  7.08816 
89.3864  7.96129 
41.4115  7.69757 
18.0996  7.1841 
87.258  8.99521 
-28.0918  7.93577 
12.1138  7.13787 
112.175  8.17659 
-66.4445  7.77932 
40.6736  7.261 
121.513  8.29274 
-85.1181  7.93076 
9.63264  7.50391 
61.4474  8.49216 
-59.6148  8.11214 
5.84959  6.95916 
51.9359  8.24469 
-58.4068  8.14707 
-19.4805  7.27863 
174.338  8.31741 
-126.9  7.74907 
-35.7802  7.39448 
197.545  8.60951 
-107.843  8.11825 
-49.6174  7.58016 
186.001  2.11761 
-139.376  2.0125 
-90.8795  1.99859 
-67.6241  2.04707 
92.222  2.02302 
-36.8864  1.8945 
-54.5308  8.28404 
65.2774  7.73241 
-9.25373  7.17064 
-17.3634  8.34071 
73.3522  7.86309 
-31.1559  7.717 
-66.247  8.12637 
72.1762  7.89904 
-7.17426  7.11874 
-129.855  8.24206 
92.1691  7.74231 
-74.219  7.50123 
-32.152  8.16829 
89.7383  7.48527 
-118.212  7.15961 
-102.221  8.06159 
133.849  7.49149 
-92.5433  7.34933 
-90.2661  7.91114 
62.328  7.42979 
-42.7683  7.14731 
-117.867  7.65133 
48.9126  7.4202 
-180.371  7.15899 
-92.741  7.87557 
-21.5023  7.35951 
-141.201  7.13691 
-97.753  7.76999 
12.611  7.26057 
-19.8537  6.947 
-62.7859  7.64895 
23.8427  7.09025 
-80.892  6.93987 
-135.516  7.59077 
-57.7801  7.3508 
-111.681  7.14357 
-180.697  7.64461 
-5.70713  7.29153 
-81.4653  7.25643 
-214.31  7.12364 
-33.0846  7.72117 
-108.309  7.03763 
-134.626  7.4842 
-44.919  7.47302 
-119.811  7.37417 
-130.955  7.65537 
-109.49  7.54079 
-159.735  7.50176 
-85.3804  7.75428 
-41.6757  7.60401 
-99.966  7.55295 
-94.6834  7.68925 
-34.8143  7.73651 
-68.8517  7.43917 
-159.974  7.8789 
-25.5067  7.91422 
-123.921  7.58052 
-178.801  7.80601 
-133.847  8.08049 
-39.6695  8.00789 
-206.933  7.97848 
-107.04  8.12964 
-171.294  7.82399 
-235.272  7.94171 
-101.521  7.99407 
-117.443  7.60706 
-229.689  2.02417 
-86.1345  2.01871 
-144.991  2.05746 
9.947  1.90623 
224.828  2.10314 
241.331  1.9944 
38.7271  2.2632 
257.647  8.23165 
218.162  7.53466 
-40.9304  8.36792 
268.306  8.13696 
185.353  7.46831 
22.2425  8.16703 
216.28  7.85317 
168.259  7.3714 
-15.4422  8.15846 
288.261  8.08774 
203.547  7.49312 
6.94447  7.87685 
149.65  7.88535 
199.9  7.25649 
-44.6645  8.12671 
220.749  7.84891 
175  7.19017 
-85.983  7.97221 
190.269  8.1333 
191.919  7.3212 
-105.136  7.91891 
136.507  8.00105 
234.731  7.1279 
13.6853  7.76094 
93.4813  7.99629 
220.094  7.19999 
-0.485471  7.44697 
109.799  8.00053 
182.803  7.09672 
-78.8988  8.31892 
27.4866  7.95702 
217.732  7.22734 
-24.4938  7.52584 
106.509  7.95153 
162.051  7.04921 
-7.19813  7.49196 
85.6294  7.95908 
238.952  7.22429 
-35.9958  7.79827 
49.2037  7.90996 
243.247  7.09696 
-5.23357  7.3917 
-20.2098  8.00472 
183.451  7.32336 
50.1683  7.9397 
-8.13542  8.26299 
176.897  7.54526 
-6.49021  7.48448 
-27.8335  8.58881 
205.089  7.57736 
-15.457  7.97581 
3.37544  8.32597 
157.08  7.44332 
-34.1219  7.61959 
-103.021  9.04885 
152.986  7.46773 
6.1979  7.63655 
-34.7028  8.46908 
199.098  7.81795 
-14.3847  8.25794 
-18.3553  8.46095 
216.526  7.76561 
-49.8337  7.87834 
-75.245  8.41024 
111.302  7.84421 
-58.0457  1.90492 
-94.6997  1.98008 
146.137  2.05405 
17.251  1.93185 
-18.3429  1.96821 
44.3855  1.84531 
-21.5512  7.61717 
-40.4207  7.86443 
73.9881  7.6259 
34.2635  7.56838 
-74.2508  8.21533 
116.792  7.51232 
20.3248  7.44106 
-0.349735  8.31331 
98.2157  7.72938 
41.6113  7.32086 
-1.64244  7.54128 
95.5706  7.41206 
37.0295  7.41526 
-16.688  7.58142 
38.2079  7.40838 
37.6426  7.19481 
-25.0726  7.52563 
104.352  7.23221 
20.9475  7.33863 
19.3582  7.61817 
120.184  7.24531 
31.2606  7.68714 
50.4867  7.48576 
159.332  7.32553 
0.580399  7.05228 
47.7786  7.37881 
50.6612  7.10409 
41.8233  7.1762 
66.5923  7.38565 
77.5863  7.119 
61.394  7.34621 
55.7861  7.30791 
111.935  7.08534 
128.514  7.14288 
76.7421  7.26509 
42.6016  6.74295 
61.9391  7.42536 
103.915  7.35427 
103.819  6.91426 
11.1133  7.33681 
69.9411  7.51971 
79.8309  7.04657 
35.6977  7.45998 
102.387  7.44005 
83.4092  6.98289 
111.734  7.53357 
134.145  7.45285 
34.877  7.42115 
78.5892  7.43267 
88.5183  7.69867 
161.279  7.17566 
60.6574  8.3921 
126.857  7.52358 
177.876  7.36352 
-4.60916  7.8163 
73.2058  7.52394 
103.645  7.35616 
29.6772  8.01226 
88.4621  7.67973 
116.563  7.2912 
7.3283  7.7812 
87.6524  7.69335 
111.28  7.41852 
37.4546  8.08708 
79.1787  7.77814 
81.8117  7.53685 
-12.656  2.02681 
32.4241  2.05432 
50.6029  1.86042 
-94.731  1.99901 
-86.1411  1.94787 
-86.3155  1.94279 
-61.5899  7.76373 
-97.0554  8.04368 
-67.2355  7.91987 
-55.7149  7.5888 
-56.7461  8.21357 
-68.7365  7.76033 
-28.8788  7.35851 
-131.161  7.93223 
-21.3284  8.14662 
-79.0273  7.50589 
-174.03  7.95165 
-1.9176  7.2391 
-61.9519  7.32731 
-58.741  7.9456 
-41.6191  7.44357 
-77.7836  7.35737 
-84.2957  7.84736 
14.3799  7.41654 
-55.8536  7.2886 
-89.1276  7.77148 
16.7548  8.01832 
-36.1728  7.22781 
-35.7641  7.75306 
0.890675  7.0875 
-61.3495  7.3531 
-93.7362  7.52017 
32.9168  7.14541 
-72.9517  7.28833 
-43.9899  7.70763 
12.8086  7.1856 
-39.0166  7.39918 
-9.34107  7.90118 
-11.8404  7.11771 
-12.6975  7.27289 
-2.67126  7.30345 
-13.3957  7.10631 
-39.9747  7.16711 
-22.6911  7.5321 
21.6917  6.89426 
-12.5928  7.57851 
-84.9  7.72487 
41.0739  7.02858 
-70.0432  7.67454 
-71.593  7.85592 
45.308  7.24718 
-98.3593  7.59323 
19.7782  7.85208 
18.7162  7.36611 
-42.9172  7.47659 
28.8915  8.15887 
64.6844  7.33198 
-73.5762  7.7143 
2.54487  7.72598 
-7.9043  7.15714 
11.8966  7.77904 
8.23243  8.32827 
12.04  7.5079 
-66.5164  7.93814 
-1.73465  7.53129 
-103.11  8.01655 
-66.5955  8.08811 
-109.684  8.27394 
2.192  7.18857 
-44.1582  8.15484 
9.52268  8.04515 
-36.3922  7.70935 
-50.7995  2.04354 
-25.1583  1.9448 
-84.9954  1.89013 
-21.6773  1.88056 
85.4627  1.91005 
-154.464  1.99903 
-43.0981  8.27281 
104.026  7.90653 
-149.512  7.4453 
-77.2563  8.0219 
75.1314  7.83274 
-50.6983  7.29345 
-70.7787  8.19206 
105.009  7.71976 
-130.478  7.35342 
-12.5039  7.89301 
83.5236  7.77218 
-129.577  7.54181 
23.2046  7.83797 
62.4849  7.8022 
-65.1028  7.43565 
-74.5401  7.79089 
35.9264  7.83385 
-142.22  7.21058 
-69.3181  7.82804 
46.5359  7.64171 
-122.668  7.08933 
-72.6409  7.75614 
-7.92327  7.53129 
-107.661  7.22995 
-64.0728  7.74561 
65.4156  7.8837 
-144.767  6.96315 
-91.0883  7.51626 
17.4028  7.4157 
-163.804  6.87878 
-35.9879  7.60678 
20.758  7.44273 
-142.87  6.86839 
-121.437  7.43149 
-46.7463  7.28463 
-109.615  6.89813 
-99.1585  7.5452 
1.71328  7.34643 
-160.282  7.30888 
-103.421  7.50895 
0.975165  7.94504 
-159.589  7.33655 
-116.665  7.42617 
-77.2487  8.21572 
-149.691  7.2209 
-131.513  7.46433 
-6.17064  7.65124 
-30.0792  7.37144 
-107.789  7.80591 
-87.0282  8.14352 
-105.043  7.30527 
-207.593  7.63493 
-79.1994  7.76598 
-109.505  7.31509 
-124.827  7.73613 
-135.791  7.97401 
-139.059  7.48061 
-106.927  8.02007 
-77.5788  7.82898 
-208.924  7.39653 
-213.001  7.76677 
-91.146  8.19707 
-98.3765  7.63329 
-137.645  7.70876 
-107.838  7.95394 
-133.361  7.47514 
-100.386  1.85718 
-169.506  1.90034 
-154.228  2.02586 
