148.515  2.08102 
66.7932  1.8825 
-83.2944  1.96517 
155.021  8.34409 
65.6677  7.53139 
-108.054  7.42576 
160.959  8.48828 
105.672  7.67685 
-141.191  7.23731 
169.858  8.28374 
21.9187  7.82067 
-140.38  9.13527 
118.167  8.39861 
136.744  7.62524 
-102.781  7.43003 
114.896  8.15561 
112.288  7.711 
-59.2282  7.19606 
115.719  7.99223 
5.72907  7.20396 
-99.0366  7.23222 
112.103  8.03114 
71.8095  7.99649 
-151.423  7.8779 
97.565  7.82062 
53.0991  7.33577 
-85.7716  6.93888 
110.82  7.66297 
46.4811  7.2853 
-97.4091  7.4912 
119.312  7.51393 
53.3104  7.28781 
-111.701  6.90929 
17.3981  7.30618 
30.0814  7.16445 
-151.201  6.91186 
105.014  7.55974 
76.2318  7.29859 
-187.126  7.38733 
92.9265  7.42496 
66.1752  7.36896 
-173.604  7.76741 
59.2932  7.83315 
21.3172  7.56083 
-259.3  7.17347 
-16.4181  7.75299 
62.5915  7.56487 
-225.53  9.81567 
-19.3282  7.47706 
74.4837  7.61844 
-253.588  7.62269 
21.6982  7.47659 
67.6711  7.19007 
-213.183  8.71321 
33.5247  7.73923 
53.341  7.60462 
-213.13  7.8622 
-31.3727  7.857 
81.6389  7.19314 
-263.899  7.56593 
50.6361  8.07446 
92.949  7.4972 
-259.701  10.6039 
-44.8529  8.22862 
29.729  7.97732 
-210.452  8.24119 
-32.9921  8.33312 
84.6127  7.82608 
-182.418  8.08882 
-66.9875  2.05688 
92.0029  1.73058 
-209.879  2.03223 
1.75759  1.83447 
-134.393  1.91414 
7.99514  1.84378 
-46.7843  7.03284 
-120.599  7.18587 
-21.9384  7.10911 
11.0818  7.72445 
-160.606  7.85958 
-26.4853  7.56164 
-0.666307  6.77176 
-120.86  7.24842 
-38.8143  7.69966 
30.8008  7.03081 
-63.9171  7.26528 
1.34672  6.88876 
87.3286  6.88915 
-58.2878  7.10648 
-46.3677  6.89695 
43.3551  7.03361 
-91.894  7.33653 
-26.5405  7.88551 
53.2428  6.67492 
-157.212  7.09961 
-0.775386  6.85696 
17.8993  6.81428 
-102.613  7.24344 
5.76822  6.80791 
-31.3119  7.22436 
-119.997  7.09172 
-32.325  7.42879 
-6.46234  6.86358 
-86.1315  7.15681 
-1.9096  7.07342 
-27.8794  7.13578 
-66.2493  7.3257 
-10.4643  6.60521 
-50.4522  7.18323 
2.59578  6.7008 
-21.4212  8.42284 
-28.7945  7.2331 
-78.547  6.84692 
-0.173335  6.60231 
-33.5728  7.53398 
-47.578  7.10556 
29.4375  6.85007 
-131.907  7.59088 
-89.9865  7.10325 
-14.2661  8.57384 
-36.2438  7.45816 
-104.771  7.18945 
-47.8451  6.97238 
-16.8028  7.75097 
-52.2063  7.28328 
-28.7447  7.16028 
-67.8462  7.60457 
-20.9166  9.19945 
50.8168  7.54364 
-30.9963  7.43481 
-61.8057  7.39656 
-37.5579  7.15982 
-14.8016  7.95838 
-46.1707  7.41955 
21.4492  7.20908 
-93.9513  8.28509 
-51.4016  7.39698 
-40.2668  7.11176 
-131.753  8.39168 
-65.5923  7.45935 
-99.645  9.2611 
-80.2513  2.28101 
-10.1613  1.90138 
-3.89695  1.99235 
3.28096  1.88251 
-76.4703  1.98934 
34.3389  1.85534 
-17.501  7.28017 
-5.51878  7.05342 
36.0214  7.36108 
44.4864  7.39838 
15.6628  7.77016 
31.2491  7.31981 
12.1289  7.36327 
-4.56863  6.91251 
51.9275  7.3064 
38.3624  7.3749 
10.6438  7.08292 
22.1523  7.26312 
94.7921  7.29766 
24.1655  7.14113 
22.7209  7.03348 
123.648  6.9698 
37.7239  7.0742 
75.4087  6.79005 
74.6882  7.13467 
-43.0176  6.90287 
-17.2035  6.80781 
65.4096  7.042 
-8.4403  7.31701 
24.3231  7.33471 
95.0065  7.06609 
-0.828075  6.51713 
-3.64393  6.61882 
76.4093  6.94132 
-42.3158  7.1105 
45.2952  6.76906 
71.061  7.04599 
-129.98  7.04002 
80.8423  6.91402 
93.0156  7.25566 
-67.9057  6.81527 
85.0084  6.71764 
35.48  7.29624 
-46.3544  6.97493 
23.3371  6.50385 
116.755  7.4053 
-96.3239  7.15836 
47.2286  6.54456 
64.939  7.16352 
-124.449  7.08424 
25.7821  7.02379 
69.9826  7.49121 
-138.709  7.15526 
-1.59238  6.67508 
87.3196  7.65278 
-113  7.2029 
2.89877  6.40422 
63.9043  8.06009 
-88.6664  7.23005 
17.8517  6.8054 
-3.39402  7.60702 
-91.8162  7.60635 
22.0618  6.9616 
113.633  7.72015 
-106.608  7.33599 
17.0893  7.38861 
153.925  7.93547 
-46.3846  7.34085 
1.87262  6.63919 
70.9892  7.92471 
-21.6023  7.6964 
39.0408  7.01337 
109.92  2.2389 
-69.1234  1.97168 
28.2864  1.9127 
-53.9132  2.20239 
33.5128  2.11037 
-23.5697  1.88058 
-53.4248  8.3156 
104.126  7.6277 
-17.7458  7.40663 
-140.992  8.87146 
87.2984  7.91706 
-5.87893  7.52102 
-103.139  8.43433 
40.4877  7.4231 
20.8001  7.37207 
-88.3969  8.56994 
59.1742  7.79681 
-21.9234  7.67266 
-79.145  8.26332 
9.57038  7.64048 
-65.9587  7.05987 
-189.296  8.53287 
66.9818  7.58119 
-59.7563  7.29429 
-112.2  7.85479 
4.18088  7.03893 
-54.0583  7.24125 
-159.148  8.17244 
17.466  7.73028 
-3.951  6.9282 
-130.09  8.23459 
37.6319  7.41871 
-9.44893  7.5866 
-122.154  8.2685 
94.6051  7.43687 
-21.7002  7.37232 
-151.832  7.94698 
139.642  7.00846 
-86.2611  7.09361 
-132.059  8.0256 
46.7156  7.12157 
-31.228  7.32131 
-109.225  7.9193 
158.946  7.08381 
-31.2017  7.42204 
-121.44  7.64226 
117.931  6.90101 
-13.4058  7.11244 
-106.672  7.87451 
54.713  7.3113 
-50.6409  7.05237 
-25.1914  7.72002 
3.38662  7.27023 
19.7972  7.44441 
0.904174  7.57694 
70.8431  7.90953 
10.1721  7.43672 
-14.0824  8.22451 
48.6876  7.58173 
44.056  7.56675 
27.4277  7.99111 
67.2  7.44124 
10.9181  7.47458 
-79.8952  7.78252 
3.07974  7.47106 
-23.2859  7.73379 
9.98764  7.99084 
48.9015  8.17723 
-68.7011  7.76739 
-19.2116  8.04772 
45.351  7.73389 
-75.4627  7.76746 
38.4241  1.92045 
46.5483  2.18144 
-7.20787  1.924 
-29.886  1.91022 
157.175  1.91726 
20.3505  1.92349 
41.2148  8.1805 
123.88  7.73112 
-8.47946  7.47604 
-11.976  7.59929 
100.034  7.27459 
12.131  7.13416 
-26.6889  8.08816 
169.846  7.49329 
5.64779  7.26995 
-23.7926  7.79764 
160.127  7.42303 
-9.24468  7.45618 
-54.4819  7.90769 
131.35  7.65494 
-25.1383  7.5559 
-46.9984  7.50737 
178.655  7.52315 
40.7167  7.18199 
-12.7929  7.8693 
115.781  7.39637 
-7.0254  7.12772 
-69.472  7.7904 
152.682  7.30096 
39.8299  7.35561 
-6.66396  7.55191 
152.421  7.28313 
79.75  7.10505 
-128.761  7.85041 
135.392  7.22901 
22.7114  6.86736 
-48.9415  7.84428 
158.585  7.27321 
56.0251  6.9159 
-83.5667  7.24866 
104.751  7.13479 
0.817869  6.91476 
-75.1745  7.42043 
167.894  7.34825 
17.2299  7.71355 
-123.184  7.40478 
137.072  7.25206 
15.6538  6.9579 
-67.9828  7.5923 
146.392  7.22723 
-0.269513  6.87 
-43.5998  7.58042 
112.536  7.2895 
24.285  7.87101 
-92.8226  7.75567 
119.42  7.44768 
0.600316  7.16978 
-84.462  7.52843 
123.517  7.68563 
75.1259  8.04969 
-75.1829  7.68929 
60.11  7.73886 
-17.0187  7.58161 
-113.238  7.76913 
26.1027  7.6809 
-71.4694  7.64276 
-101.543  7.91747 
79.8829  7.46894 
-63.7166  7.78657 
-170.57  8.1167 
67.571  7.8952 
-45.2636  7.80343 
-136.431  1.85995 
25.2819  1.9011 
-134.262  1.92358 
-46.9855  2.01974 
-124.597  1.82997 
-102.338  1.93061 
-51.165  7.28514 
-206.403  7.69005 
-84.488  7.47159 
9.82823  7.03542 
-159.697  7.64195 
-51.3301  7.24431 
-46.6883  6.98995 
-212.436  7.29753 
-145.253  7.14225 
-52.3716  7.18033 
-148.178  7.22689 
-38.0657  7.37771 
-81.8912  7.1666 
-108.552  7.26879 
-57.3396  7.69301 
-74.1101  6.93511 
-208.045  7.24067 
5.56971  6.81753 
-31.2862  6.97958 
-195.254  7.18268 
-16.059  7.01882 
-56.787  6.75052 
-195.925  7.03745 
-9.47881  6.58574 
-62.1227  6.79415 
-85.3582  7.07109 
-43.3045  6.90082 
-84.6654  7.6139 
-119.464  7.08548 
-57.859  6.91972 
-0.512288  6.77619 
-110.922  6.91968 
-30.8785  7.01571 
-62.0111  7.12431 
-146.467  7.07685 
19.1299  6.77995 
-26.284  7.17668 
-98.6776  7.32692 
-71.1768  6.62786 
-82.5251  7.25682 
-105.987  7.06503 
-71.4565  6.90215 
-34.4806  7.39033 
-37.9464  7.1311 
-35.2518  6.73816 
-95.0348  7.42838 
-83.8224  7.43181 
18.2504  7.58009 
-42.4497  7.30099 
-110.931  7.14598 
-2.32838  6.56236 
-110.727  7.19326 
-104.392  7.25098 
-13.0265  6.9505 
-37.6674  7.64948 
-84.4426  7.45007 
-7.57169  7.28486 
-54.0783  7.2062 
-53.0862  7.10645 
8.23719  6.80865 
-105.121  7.57153 
-78.6595  7.3505 
-17.9373  7.6376 
-148.436  7.69063 
-69.9758  7.58555 
2.58615  7.01791 
-178.611  2.07103 
-114.6  2.0671 
-45.2514  1.8565 
-64.0533  2.12259 
-133.816  1.90093 
6.46193  1.86808 
-157.153  7.7534 
-66.0641  7.73823 
-18.7012  7.20305 
-93.3164  7.73706 
-6.23775  7.12959 
12.5016  7.39434 
-75.8111  7.51236 
-118.063  7.26868 
18.7028  7.28291 
-49.5598  7.46803 
-48.5321  7.21067 
21.0365  7.89285 
-100.757  7.2998 
-54.6426  7.08474 
-1.63825  6.63428 
-43.1028  7.26733 
-74.7404  7.03048 
-24.2921  7.13428 
-82.4819  7.22324 
-16.5418  7.08274 
4.03674  6.80583 
-59.6397  7.42794 
-18.9914  6.7209 
61.836  6.63179 
-2.26243  6.7713 
-13.4571  7.04519 
37.4852  6.88306 
-27.7744  7.37057 
56.9241  6.99001 
42.7489  6.68888 
-55.3364  7.18453 
-28.3923  7.15248 
51.0586  6.80908 
-94.0688  7.58081 
6.10478  7.20217 
83.6292  6.50198 
-65.3813  7.55463 
-2.87235  6.38753 
77.6901  6.55241 
-8.60368  7.24656 
21.452  6.8898 
105.76  6.80054 
-33.0213  7.47644 
-26.2901  6.65982 
83.9075  6.36472 
26.1811  7.74238 
-28.9397  7.1069 
17.0908  6.88919 
4.24626  6.98299 
-26.6068  6.97684 
69.5981  6.444 
25.9605  6.99431 
-23.2885  6.70496 
25.3241  6.4735 
-21.4802  7.99639 
15.8327  7.22925 
78.7768  7.01239 
-5.39763  7.05441 
-26.1424  7.08242 
26.8846  7.71192 
16.6909  7.74674 
8.14526  7.28498 
33.6426  7.03008 
46.692  7.71898 
42.9388  7.28019 
27.2782  7.18726 
26.3312  1.88683 
23.0301  1.91617 
-9.984  1.86859 
139.696  1.83399 
178.419  1.85886 
165.979  1.84296 
143.536  8.09748 
139.269  7.73265 
150.955  7.52772 
185.243  8.00399 
107.077  7.65904 
191.471  7.41515 
144.867  7.83577 
132.835  7.69967 
168.492  7.30022 
173.693  7.67529 
137.282  7.79369 
161.879  7.48577 
155.888  7.75657 
57.8377  7.87776 
246.401  7.20714 
103.47  7.94508 
82.4702  7.68307 
93.0968  7.34142 
109.333  7.26538 
69.4046  7.25044 
184.529  6.89315 
130.317  7.66614 
100.076  7.68553 
199.027  7.08261 
120.908  7.77761 
59.7869  7.42279 
77.3497  7.18257 
43.6134  7.59782 
94.3148  7.59758 
131.72  7.21324 
93.4289  7.49675 
25.364  7.54747 
172.743  7.24161 
121.115  7.46528 
66.1191  7.37783 
61.3996  7.17248 
78.3404  7.47284 
-23.5316  7.53439 
106.597  7.39444 
48.0914  7.52104 
66.7427  7.41251 
94.4583  7.29726 
53.9101  7.11938 
85.9562  7.31365 
-1.39548  6.88351 
46.9926  7.50997 
66.5288  7.49906 
74.3004  7.96585 
10.4586  7.6393 
-5.81432  7.50181 
90.1416  7.65353 
59.6719  7.73137 
91.622  7.9355 
23.3161  7.504 
11.0482  7.75655 
64.9439  7.84187 
43.6862  7.61192 
1.44276  7.67151 
-14.1444  7.9672 
32.2157  7.68089 
-40.4398  8.28101 
44.2876  7.95731 
41.1752  7.60587 
-49.6581  8.11478 
50.525  7.9965 
57.6517  7.9449 
-45.2319  1.80733 
37.3791  1.86641 
-15.3766  2.15143 
-43.0023  1.88377 
-99.7071  1.81434 
-66.3813  2.02609 
40.3009  7.13636 
-167.229  6.95017 
-12.5544  6.6646 
92.4555  7.00515 
-108.677  6.89105 
11.5147  6.60759 
45.0037  7.18492 
-139.661  7.1488 
-44.3128  6.553 
95.948  7.23466 
-127.832  6.93975 
-113.214  6.63367 
1.21052  6.59345 
-141.613  6.97254 
-72.6046  6.35746 
42.1109  6.86381 
-164.005  7.02014 
-73.8563  6.3982 
35.8302  6.77447 
-128.165  7.14451 
-63.3166  6.36301 
93.2943  6.74141 
-125.093  6.61494 
-59.2328  6.05811 
-48.8497  7.01235 
-46.7665  6.79095 
-68.5758  6.31116 
25.0298  6.74 
-80.1005  6.68737 
-80.475  6.50855 
7.51542  6.49415 
-69.0492  6.65103 
-42.7851  6.56567 
50.4483  6.88558 
-60.7928  6.43098 
-33.6247  6.63642 
42.0828  6.65306 
-119.037  6.39564 
-89.7907  6.41169 
92.9488  6.75311 
-104.395  6.50445 
-38.6049  6.71637 
9.55622  6.79385 
-106.582  6.70098 
-65.0261  6.55225 
53.0716  6.69125 
-99.7909  6.59759 
-35.0521  6.81015 
53.1941  7.0331 
-97.0431  6.85044 
22.2655  6.70651 
60.5949  6.94987 
-90.0351  6.78019 
-105.015  6.80553 
6.44402  6.6346 
-64.0436  6.61508 
-8.19164  6.60292 
49.5882  7.13034 
-76.0492  7.13941 
-117.705  6.90783 
29.6575  7.08548 
11.223  6.96768 
-76.4176  6.98191 
49.0777  7.38034 
-84.082  7.21019 
-36.1337  7.26789 
94.6909  2.23733 
-73.858  1.95061 
-21.4982  1.79673 
-136.905  1.98151 
-209.025  2.1725 
-79.6163  2.13954 
-121.805  7.3716 
-182.932  6.92283 
-119.344  6.80247 
-86.7666  7.43268 
-135.547  6.94003 
-182.121  6.85467 
-64.8118  7.18456 
-173.58  7.05363 
-136.906  6.82908 
-91.7585  7.10399 
-151.957  6.83632 
-95.8783  6.86168 
-42.3025  6.84846 
-194.162  6.62761 
-121.534  6.63403 
-98.4207  6.85264 
-165.758  6.90206 
-138.265  6.77872 
-102.788  6.9175 
-71.7215  6.48013 
-87.2018  6.32453 
-86.2302  6.6385 
-91.1134  6.35381 
-94.6312  6.25936 
-91.1394  6.72932 
-43.6319  6.2877 
-184.582  6.63489 
-61.0835  6.66443 
-109.673  6.46004 
-186.68  6.46226 
-86.9901  7.10029 
-40.5693  6.23586 
-125.927  6.50258 
-181.233  6.81617 
-14.9142  6.40544 
-151.777  6.71435 
-101.881  7.00633 
-76.2096  6.59576 
-124.611  6.34076 
-109.033  6.5585 
-110.792  6.32615 
-219.919  6.31844 
-142.125  7.04759 
11.9207  6.59853 
-198.932  6.46617 
-132.036  6.9325 
-49.234  6.79426 
-220.95  6.53369 
-160.092  7.2913 
-22.0607  6.40356 
-160.624  6.48922 
-209.74  7.24524 
-116.624  6.82968 
-176.116  6.64348 
-164.598  7.0881 
-108.127  6.71961 
-179.44  6.29813 
-68.3758  7.26747 
-97.9517  6.98741 
-245.075  6.65915 
-122.359  7.36816 
-104.534  6.91024 
-121.05  6.68083 
-179.586  7.4475 
-36.2851  6.93888 
-149.203  6.88445 
-133.533  1.90753 
-123.792  1.79051 
-201.917  1.89627 
218.594  2.1442 
-8.82581  1.867 
-41.2652  1.85701 
254.028  7.04625 
-126.21  6.76736 
-38.1149  6.51971 
220.88  7.49519 
-12.192  7.35079 
-29.9459  7.08672 
180.173  7.16401 
41.8903  6.36237 
11.816  6.17164 
127.629  7.30123 
26.7524  6.80536 
49.2718  6.70517 
211.004  7.1998 
-73.4651  6.56321 
28.825  6.38384 
127.905  7.27458 
33.4023  6.82058 
31.0772  6.83432 
61.7789  7.07951 
36.6097  6.44373 
-13.8224  6.48859 
100.759  7.31003 
14.5187  6.73583 
33.8131  6.5887 
58.6326  6.97252 
47.639  6.43045 
-21.8157  5.93499 
74.11  7.21145 
25.9655  6.42605 
-3.85111  6.12658 
-12.2836  7.27634 
33.2483  6.47254 
55.1206  6.5576 
25.5059  7.30512 
72.5866  6.36736 
-20.0583  6.58503 
41.9774  7.44863 
82.2361  6.4167 
68.025  6.27159 
34.2178  7.50014 
46.1378  6.5377 
-45.4255  6.46394 
-59.7411  7.15739 
31.2641  6.23633 
55.5833  6.22623 
-104.101  7.81769 
139.201  6.58154 
72.6924  6.41527 
-84.6029  7.57918 
92.8652  6.24758 
-1.13555  6.2148 
-144.702  7.86064 
80.5639  6.88173 
-7.39982  6.60846 
-214.31  7.54651 
-39.914  6.62459 
86.8886  6.57412 
-113.968  7.91582 
35.9807  6.77122 
-28.1401  6.4117 
-214.785  7.59341 
13.0253  6.67005 
11.5262  6.61269 
-207.114  7.50667 
-31.838  6.62587 
42.1577  6.40317 
-167.299  1.91652 
0.449501  1.90702 
8.85019  2.03325 
-5.69776  1.89562 
-155.422  2.02534 
-68.9349  1.95809 
-15.9021  7.08308 
-180.477  6.85491 
-23.5019  6.72138 
-17.8161  7.09161 
-124.985  6.97012 
5.5492  6.57866 
-87.2318  6.71871 
-125.385  6.68027 
56.439  6.86553 
30.5062  6.89084 
-129.122  6.69037 
0.719177  6.52215 
-70.929  6.60991 
-137.069  6.40291 
-3.71621  5.94481 
-90.982  7.38715 
-196.098  6.60138 
16.8088  6.60689 
1.70872  6.98122 
-144.886  6.60627 
4.26808  6.94113 
-67.9133  6.76429 
-202.92  6.70784 
1.93824  6.85649 
-49.3457  6.6463 
-147.723  6.49515 
-0.958807  6.24993 
-58.0908  6.92482 
-220.394  6.48846 
33.522  6.20274 
-4.83279  6.67802 
-182.394  6.38463 
60.4714  6.26454 
-30.8833  6.77376 
-162.16  6.42625 
59.2939  6.19525 
-50.7573  6.73704 
-174.017  6.35974 
94.6156  6.21333 
43.3973  6.56095 
-173.743  6.37383 
82.9749  6.43964 
26.8374  6.56726 
-235.867  6.43995 
58.0306  6.31805 
-47.8879  6.77191 
-175.954  6.50608 
45.9531  6.27122 
-51.7032  6.731 
-143.831  6.48638 
62.973  6.30856 
29.7143  7.0313 
-169.456  6.66402 
100.368  6.56684 
20.1475  7.03991 
-64.9804  6.81857 
71.7563  6.45356 
88.3552  7.35983 
-125.609  6.51588 
117.592  6.48453 
3.4347  6.83597 
-110.351  6.75454 
39.5336  6.5427 
88.1142  7.13479 
-83.7556  6.88012 
45.5791  6.6452 
69.4801  2.02769 
-69.0327  1.86782 
24.9675  1.92892 
-17.2148  2.16788 
-74.6064  1.90257 
103.266  1.96351 
9.32467  7.43635 
-47.9245  6.90922 
58.2657  6.61221 
66.8501  7.4377 
-11.302  6.77174 
163.791  6.55075 
45.4663  7.34991 
-44.6945  6.7638 
152.836  6.38956 
-17.4204  7.41959 
6.28753  6.38495 
83.2686  6.3723 
25.3111  7.11351 
-50.306  7.11494 
128.549  6.49903 
-24.3868  7.21439 
16.891  6.67507 
60.65  6.31431 
-10.23  6.87377 
-87.8294  6.43361 
76.7692  6.35245 
15.5103  7.31705 
54.0746  6.42853 
185.903  6.23114 
2.9861  6.78917 
3.676  6.658 
80.7154  6.37843 
11.6933  7.16904 
-50.9171  6.81596 
116.25  6.11121 
-22.6504  6.72604 
-1.82661  6.32758 
99.5266  6.14729 
-14.9138  7.00154 
-18.7019  7.0691 
31.7023  6.58786 
-44.568  6.6051 
-64.0096  6.41199 
117.813  6.69082 
-37.4304  6.82822 
51.5904  6.72448 
81.3878  6.63002 
-66.8667  6.83549 
-19.6825  6.65204 
70.2968  6.45278 
-25.5968  7.04085 
8.96593  6.60865 
118.939  6.55239 
-27.4492  6.95653 
12.9038  6.85248 
151.109  6.65528 
-140.004  7.06607 
-66.8713  6.824 
141.101  6.62138 
-104.349  7.1237 
-43.431  6.92352 
189.595  6.85329 
-162.365  7.11358 
35.7125  6.97421 
135.989  6.89956 
-101.631  7.37119 
-54.7152  6.87312 
59.8106  6.7846 
-115.28  7.41269 
-4.72213  6.64168 
55.5543  6.64517 
-119.175  1.87141 
-50.8923  2.01835 
109.561  2.05275 
-40.3232  1.77901 
-302.099  1.97999 
36.3405  1.92904 
-76.7353  6.91628 
-231.569  7.65986 
-34.0307  7.14905 
-81.3064  6.97415 
-261.892  7.27478 
40.6271  6.95508 
-32.9205  7.61572 
-207.293  7.22581 
45.6638  6.96074 
-0.543068  6.65139 
-209.318  7.32417 
-19.2277  6.7608 
24.442  6.57776 
-161.283  7.07761 
-23.6108  7.24394 
22.1068  6.79452 
-180.141  6.9152 
2.44925  6.65672 
-137.999  6.72855 
-157.817  7.05017 
24.9829  6.6482 
-35.4794  6.84457 
-118.876  6.8078 
17.983  7.28251 
-12.2214  6.30286 
-186.519  7.05039 
-3.52814  6.48271 
-40.4121  6.38432 
-132.288  6.74572 
-20.1003  6.57038 
-23.4341  6.46843 
-182.56  6.72646 
-23.98  6.36061 
-40.5603  6.7979 
-113.885  6.61791 
-17.2285  6.39089 
-9.47084  6.67625 
-115.934  6.75305 
-71.1452  6.51817 
-30.1647  6.67844 
-66.2185  6.62593 
-37.8391  6.31755 
52.2733  6.78018 
-45.9317  6.52878 
-79.0635  6.68444 
-12.2324  6.6674 
-42.5583  6.49814 
-92.4027  6.3011 
25.6077  6.96041 
10.2912  6.69512 
-55.7529  6.44255 
8.71495  6.98766 
-66.5058  6.60556 
-122.2  6.57354 
-27.4928  6.95342 
13.3984  6.91431 
-44.1118  6.81098 
-15.2449  7.07032 
31.7197  6.89027 
-93.9975  6.6159 
-16.4555  7.20542 
82.7493  6.6927 
-87.9264  6.71812 
14.4662  7.36126 
42.4023  6.94554 
-83.4168  6.98817 
-35.8338  1.64733 
-14.6013  1.81958 
-97.8739  2.02286 
-19.0112  1.87092 
-118.864  1.79247 
-59.9698  1.85098 
-65.6929  7.03934 
-34.5628  7.21249 
-58.6862  6.91453 
-8.16376  6.88623 
-75.881  7.27504 
-84.6823  7.28292 
30.8015  6.86315 
-82.5304  7.24636 
-67.4952  7.02705 
50.0569  6.86595 
-29.6322  7.10833 
-61.7351  7.07288 
31.9304  6.62419 
-33.9088  6.93133 
-93.6411  6.61934 
10.3649  6.68306 
16.5117  6.96044 
-30.7515  6.83469 
74.2793  6.73538 
-10.3245  6.94327 
10.4441  6.55923 
71.3066  6.69475 
70.1428  7.0394 
-29.0132  6.79259 
30.737  6.66266 
-8.90277  6.67778 
-7.6223  6.56003 
78.2642  6.73833 
-31.3958  6.8927 
32.2733  6.64924 
55.0254  6.86102 
-44.2107  6.60209 
-52.449  6.54193 
35.5585  6.55056 
-88.3974  6.56062 
-14.536  6.5161 
111.947  6.8032 
-80.1247  6.9272 
81.8486  6.38037 
41.1846  6.95089 
4.13285  7.02732 
56.0892  6.32343 
55.8942  6.91835 
2.06204  6.55241 
101.382  6.30953 
35.177  6.83046 
-48.3489  6.90814 
58.8057  6.28821 
103.881  7.3961 
9.20176  6.67944 
90.1817  6.3774 
3.00686  7.41042 
13.9728  6.67702 
22.7272  6.45942 
5.84066  7.00477 
74.5064  7.05604 
22.0781  6.53202 
25.9447  7.26316 
8.02605  7.06617 
46.2081  6.73827 
85.9229  7.16989 
41.7644  7.03934 
-10.6487  6.76885 
141.353  7.07673 
45.926  7.02933 
-12.1066  7.00104 
75.0153  1.93012 
-10.1094  2.04607 
0.980692  1.82871 
-124.266  1.97793 
-168.607  1.86335 
-54.4813  1.86743 
-181.477  7.10241 
-107.071  6.62898 
-60.8455  6.38282 
-154.99  7.06907 
-129.42  6.64057 
-2.64865  6.18356 
-130.471  7.21862 
-157.589  6.90739 
-9.06512  6.82372 
-107.017  7.09825 
-56.7788  6.46103 
-58.673  6.29528 
-186.081  7.00171 
-106.329  6.41283 
-31.7342  6.4367 
-127.157  6.76887 
-117.509  6.49703 
8.30913  6.01303 
-163.751  7.14259 
-86.7835  6.32495 
-41.2803  6.32374 
-151.983  6.86252 
-108.405  6.41267 
-56.6148  5.96129 
-119.94  6.7057 
-165.502  6.21607 
-34.8352  6.24982 
-148.595  6.91358 
-103.323  6.1946 
-109.12  6.25363 
-203.427  6.61991 
-85.5235  6.28286 
-26.9152  6.2348 
-183.91  6.68716 
-163.884  6.56084 
-87.8218  6.42467 
-251.947  6.98177 
-117.754  6.32557 
-124.694  6.56224 
-160.868  6.94829 
-165.887  6.47455 
-91.4553  6.87224 
-219.796  6.62741 
-202.89  6.44809 
-114.776  6.39447 
-224.681  6.76615 
-179.467  6.5625 
-111.997  6.7184 
-221.017  6.95029 
-164.498  6.68705 
-62.8934  6.57712 
-192.789  6.94667 
-135.547  6.70523 
-200.889  6.89693 
-214.064  6.84566 
-164.115  6.80738 
-78.228  6.70182 
-260.504  6.93728 
-200.967  6.76037 
-147.005  6.65823 
-168.982  7.1323 
-176.806  6.71451 
-132.875  6.79598 
-276.415  7.13123 
-174.607  7.02363 
-184.18  6.90443 
-276.927  1.82292 
-196.372  1.84277 
-187.397  2.0116 
14.827  2.27697 
-202.449  1.9052 
187.216  1.88718 
23.6588  8.08517 
-137.47  7.34074 
115.965  7.11967 
101.059  7.86686 
-129.942  6.97647 
211.5  6.87681 
100.442  7.6953 
-136.126  7.2155 
192.545  6.79998 
76.777  7.72041 
-123.206  6.99835 
193.023  6.87106 
48.2607  7.4235 
-203.205  6.80621 
158.068  6.79706 
95.0607  7.3472 
-200.499  6.88212 
128.993  6.46277 
111.538  7.48735 
-148.813  7.2075 
131.961  6.88257 
63.2936  6.99828 
-231.563  6.84457 
150.31  6.49151 
80.5477  7.16347 
-246.723  7.03297 
180.957  6.65869 
113.349  7.15389 
-183.497  6.5725 
161.924  6.51543 
77.6205  7.06308 
-152.499  6.83454 
121.51  6.66542 
121.014  6.96137 
-177.811  6.66428 
114.788  6.75398 
98.5359  7.16658 
-137.945  6.64138 
66.046  6.64874 
88.4394  6.9985 
-188.988  6.74443 
96.8227  6.87923 
72.8335  6.61479 
-164.474  6.72796 
79.3654  6.68555 
59.0222  6.98981 
-198.344  6.85834 
129.315  6.72261 
104.338  7.16728 
-130.629  7.02803 
62.7809  7.22414 
67.3831  6.80165 
-179.574  7.28 
61.5412  6.99824 
-18.9413  7.21511 
-149.243  6.97846 
90.2367  7.01903 
96.6353  7.23783 
-207.932  7.30735 
32.8647  7.20656 
113.3  7.4055 
-142.733  7.1191 
29.0778  7.25892 
10.5105  7.42541 
-180.185  7.16016 
47.0161  7.77476 
43.2055  1.9153 
-163.066  2.11771 
47.2173  2.2624 
42.833  2.1069 
-32.0424  2.11902 
12.7199  1.92164 
79.3003  7.58625 
-48.8233  7.32111 
-38.9755  7.65982 
21.9825  7.55701 
-73.6297  7.41015 
-53.4135  7.45445 
21.1692  7.63254 
-37.1106  7.45524 
-12.0808  7.5614 
31.0216  7.4018 
-48.4276  7.02784 
-9.52929  7.52352 
74.9437  7.38235 
-88.629  7.3718 
8.84483  7.11173 
90.7288  7.41991 
-20.201  7.16918 
16.8319  7.14393 
103.203  7.09405 
-42.8652  7.05684 
34.03  7.01313 
94.9331  7.08606 
16.4215  6.87547 
50.2938  6.8546 
106.406  7.09131 
-76.3651  7.03006 
43.9517  6.95973 
107.88  7.01357 
-23.3832  6.80834 
62.9148  6.93882 
88.8174  7.33843 
-57.082  6.86435 
103.302  6.6432 
79.6397  7.43839 
-13.5672  6.74635 
57.5981  6.89932 
123.129  7.46637 
-16.2939  7.01239 
84.8111  6.82334 
70.0005  7.55427 
-13.2385  7.10353 
79.8512  6.84648 
112.596  7.53304 
-50.8117  6.96721 
140.166  6.97358 
61.9792  7.88987 
-46.8089  7.13151 
93.0199  7.01315 
42.5029  7.75219 
25.135  7.27331 
101.256  7.0465 
99.0887  8.03442 
-35.5942  7.43622 
139.153  7.18706 
84.6112  7.97211 
-30.7678  7.29261 
91.9452  7.26023 
98.0428  8.04845 
-60.0477  7.58085 
95.3264  7.26819 
135.146  8.22126 
8.0232  7.14619 
63.4674  7.5609 
123.535  8.31538 
-43.5567  7.51113 
132.254  7.35083 
42.4788  2.19052 
-47.3235  2.02749 
107.594  1.86399 
-174.364  1.93979 
-48.7374  2.19034 
-117.517  2.05899 
-39.2504  7.54434 
-60.527  7.45659 
-129.945  7.45021 
-98.4083  7.49493 
-74.0394  7.65203 
-74.7374  7.31378 
-82.2527  7.54918 
-30.565  7.6115 
-106.695  7.32968 
-90.9883  7.35069 
-21.0075  7.41195 
-50.6837  7.10095 
-92.4496  7.5756 
-44.2597  7.45094 
-97.5321  7.45884 
-25.5051  7.5161 
-54.2587  7.2194 
-86.3064  6.90624 
-113.056  7.30979 
-13.4492  7.27711 
-52.5424  6.96699 
-59.1383  7.27034 
-30.2533  7.13294 
-42.376  6.95183 
-49.9254  7.11857 
19.0349  6.80188 
-74.4957  6.82654 
-25.9274  7.43595 
78.9545  7.00043 
-85.8551  6.77975 
-65.3397  7.52078 
37.2873  7.10787 
-84.8475  7.00025 
-46.7396  7.82228 
-76.9163  6.94837 
-133.183  7.07084 
0.530635  7.45084 
-32.3115  7.50622 
-99.2352  6.88287 
-27.5031  8.0758 
4.78736  6.98858 
-120.25  6.57494 
3.3027  7.57302 
7.49067  7.0062 
-35.5382  6.90589 
8.24604  8.29776 
-12.0433  7.26886 
-52.1249  6.84991 
-2.89172  8.23856 
-54.9587  7.41317 
-13.6001  6.88585 
1.57704  7.77962 
-96.7965  7.35965 
-146.255  7.08318 
-25.7677  8.1985 
36.9325  8.09124 
-52.8504  7.14752 
-40.2494  8.13673 
3.29629  7.19947 
-49.8784  7.3341 
-46.9396  8.55411 
-25.9245  7.39032 
-60.8897  7.05662 
-2.16195  8.14237 
13.054  7.76447 
-27.1556  7.20865 
-18.1096  2.28887 
-1.25805  2.03463 
-79.9809  2.12733 
96.603  2.27262 
48.0881  2.08051 
134.432  2.01724 
64.8868  8.12244 
109.965  7.55132 
99.2064  7.20945 
69.6932  7.95349 
144.922  7.16034 
118.963  6.75858 
121.262  7.86683 
148.102  7.18955 
74.6431  7.07569 
62.9261  7.7941 
136.135  7.42273 
138.503  6.88185 
28.8362  7.77972 
135.845  7.14819 
92.9743  6.91138 
86.7056  7.3876 
216.667  6.99608 
151.142  6.73073 
95.842  7.55736 
178.806  6.99054 
141.908  6.65141 
44.9185  7.2338 
180.15  6.84076 
99.1673  6.62221 
104.023  7.33919 
123.28  6.76125 
215.173  6.1328 
95.3498  7.05749 
126.534  6.80214 
91.1663  6.28708 
134.475  7.02775 
183.149  6.82836 
110.682  6.52676 
121.206  7.18033 
229.318  6.73759 
151.529  6.23092 
99.6095  7.10787 
120.299  6.8014 
100.625  6.49248 
122.294  6.99246 
182.75  6.91858 
103.012  6.65504 
117.088  7.15679 
66.4865  7.02668 
126.172  6.90843 
105.078  6.94598 
162.314  7.21867 
106.22  7.01646 
98.0418  7.19101 
150.681  7.128 
38.3774  6.94056 
82.6846  7.09345 
84.7028  7.30605 
100.111  6.79497 
54.7821  7.24867 
130.514  7.21591 
87.2265  6.86494 
79.6511  7.05516 
98.1169  7.48432 
111.722  6.72528 
99.3695  7.28671 
15.9468  7.41126 
62.442  7.20445 
102.25  7.40368 
60.7159  7.50768 
97.2152  7.39111 
76.0671  1.9007 
30.2131  2.20967 
49.3741  2.03037 
158.141  2.18575 
297.68  1.89508 
61.1596  1.91988 
125.764  8.84565 
252.772  8.2607 
100.554  7.46652 
109.005  8.86689 
304.808  8.13197 
74.8914  7.80971 
138.007  8.53294 
249.542  8.15074 
68.6484  7.40589 
29.3027  8.69104 
280.279  8.2156 
141.688  7.54748 
40.6549  8.56703 
160.766  7.75045 
111.631  7.14555 
88.3179  8.30694 
174.782  8.03134 
160.321  6.75695 
94.3249  8.21444 
190.017  7.7091 
134.057  6.9937 
101.775  8.06365 
250.233  8.00824 
211.205  6.93231 
112.762  8.06081 
154.347  7.66537 
210.596  7.01492 
135.011  8.04523 
139.735  7.69888 
247.062  6.6964 
66.4422  7.76957 
149.253  7.68514 
238.116  6.89963 
114.122  7.92672 
50.7271  7.65436 
253.085  6.94892 
140.516  7.48252 
60.3022  7.55204 
259.621  7.0136 
49.2722  7.62454 
20.6518  8.15152 
208.237  7.16356 
115.671  7.74545 
36.3313  8.02651 
220.46  7.15669 
97.7678  7.55778 
24.2688  8.09176 
294.733  7.24954 
180.221  7.75027 
47.7893  7.87064 
208.373  7.12739 
100.073  7.85986 
46.5613  8.21277 
223.688  7.12915 
133.709  7.83435 
-10.3209  8.15815 
259.996  7.45051 
112.316  8.32626 
15.4877  8.54271 
249.594  7.51287 
120.885  8.17258 
-60.2879  8.59708 
226.022  7.45342 
88.1381  8.17969 
-62.5729  8.58486 
235.302  7.397 
13.2098  1.99538 
-84.7795  1.83609 
183.677  1.96831 
2.43207  1.80742 
-84.5544  1.95441 
-48.4184  2.13158 
17.287  7.47328 
-69.243  7.77178 
-3.04402  7.63604 
10.4417  7.43821 
-50.3129  7.32252 
-4.99225  7.67096 
-49.4883  6.98051 
-19.1007  7.64033 
5.27715  7.7173 
87.7106  7.27108 
-9.18285  7.23187 
1.44342  7.1877 
11.9048  6.86482 
-73.4059  7.6133 
10.2224  7.34957 
77.1792  6.96598 
4.38506  7.19277 
-0.0953798  7.05545 
44.7534  7.1556 
53.4306  7.25197 
-34.8683  7.16936 
84.8048  7.12746 
46.5952  7.14165 
41.653  6.95447 
139.615  6.74666 
54.0854  6.99643 
24.2034  6.7019 
137.696  6.70131 
42.3031  6.85127 
115.333  6.68776 
100.419  6.96022 
13.01  6.9276 
28.7952  6.7876 
94.0588  7.16023 
23.2635  7.15734 
19.398  6.69229 
104.796  7.14076 
83.6155  6.84238 
-24.6914  6.71103 
72.037  7.33439 
22.0783  7.13152 
81.1504  6.88683 
77.5308  7.27247 
57.3295  7.12609 
37.9971  6.80304 
133.77  7.36152 
82.5083  7.19284 
-19.659  7.0495 
131.525  7.29666 
23.0081  7.33752 
109.623  7.00425 
94.8348  7.63327 
36.7272  7.50882 
132.444  6.87985 
116.077  7.71223 
28.8751  7.47803 
57.6085  7.00777 
89.9838  7.84576 
106.656  7.36687 
18.4249  6.87325 
96.9019  8.10117 
60.1201  7.43641 
53.8462  7.07207 
43.7346  7.86467 
86.9542  7.82379 
39.43  7.26077 
103.776  2.0549 
71.0643  1.95739 
46.1641  2.00892 
-15.7829  2.13966 
45.4595  1.96636 
-143.998  2.07706 
36.5605  7.83109 
108.658  7.40387 
-113.276  7.83496 
-20.6032  7.8124 
168.93  7.44615 
-51.317  8.0974 
-28.0809  8.13057 
85.6688  7.44795 
-8.57384  7.6887 
89.3266  7.75461 
114.624  7.3719 
-10.0241  7.61495 
31.3279  7.58484 
97.2857  7.29286 
-43.0888  7.45896 
16.8966  7.54212 
107.527  7.18374 
-45.1974  7.45091 
78.6402  7.45766 
113.502  7.14313 
22.0878  7.63275 
46.3441  7.53144 
108.13  7.36801 
-8.11554  7.29568 
-24.961  7.4907 
122.61  6.78837 
44.6975  7.14785 
-33.0866  7.6431 
112.857  7.15619 
26.5924  7.0695 
8.77268  7.52409 
72.6075  7.22001 
13.8305  6.96278 
52.1441  7.78521 
6.67251  7.25796 
35.9004  6.86982 
50.8637  7.75744 
3.52554  6.68775 
-46.819  6.90762 
137.097  7.84161 
13.7253  7.17048 
12.829  7.19062 
92.2564  8.13483 
43.0463  7.33921 
21.482  7.09487 
90.5656  8.24322 
-26.7064  7.59466 
15.3958  7.19478 
115.103  8.18806 
-65.0587  7.54486 
43.8673  7.07665 
124.875  8.3185 
-83.9059  7.46694 
12.2794  7.45237 
65.0508  8.64811 
-57.9061  7.7872 
8.73044  7.08507 
54.8121  8.45035 
-56.6095  7.99674 
-16.8258  7.27785 
177.956  8.3208 
-125.54  7.81457 
-33.3068  7.52741 
201.478  8.7008 
-106.238  7.96916 
-47.2956  7.5958 
187.285  1.97579 
-139.751  1.97748 
-91.6927  1.92326 
-67.6617  2.13109 
92.4879  2.02411 
-37.0002  1.88793 
-54.4524  7.64956 
65.9685  7.39789 
-9.57103  6.74642 
-17.1077  7.79404 
73.7456  7.06437 
-31.1184  7.20507 
-65.8653  7.58714 
72.7994  7.29233 
-7.25024  6.57957 
-129.913  7.66104 
92.893  7.25255 
-74.1797  6.93934 
-31.9284  7.8559 
90.7356  7.11651 
-118.61  6.80292 
-102.125  7.47284 
134.707  6.83312 
-92.784  6.84423 
-90.2459  7.23497 
63.3576  7.03832 
-42.9266  6.67961 
-117.762  7.08565 
49.7347  6.81311 
-180.865  6.78244 
-92.7715  7.31115 
-20.7916  6.77238 
-141.785  6.73368 
-97.5567  7.23686 
13.1221  6.64816 
-20.1348  6.59659 
-62.846  7.0096 
24.2422  6.61858 
-81.0234  6.67228 
-135.957  7.15356 
-57.2213  6.89781 
-111.983  6.74731 
-181.783  7.45025 
-5.51277  6.6578 
-81.5305  6.84892 
-214.977  6.68733 
-32.8127  7.10448 
-108.13  6.56785 
-134.893  7.11804 
-45.0961  7.06015 
-119.772  6.84383 
-131.443  7.18272 
-109.825  7.05357 
-159.959  7.05661 
-85.602  7.33866 
-41.75  6.95519 
-99.958  7.20623 
-95.3825  7.23514 
-34.8745  7.25204 
-68.4938  7.12204 
-160.368  7.39681 
-25.8943  7.26102 
-124.172  7.04945 
-179.519  7.28485 
-134.453  7.59876 
-39.2452  7.4142 
-208.136  7.39662 
-107.418  7.63578 
-171.523  7.19809 
-236.616  7.4382 
-102.096  7.36643 
-117.655  6.9994 
-231.065  1.95012 
-86.3543  1.9774 
-145.34  2.04489 
9.79063  1.848 
225.861  1.98155 
242.147  1.78734 
38.8142  2.2355 
261.16  7.96925 
221.444  7.40084 
-38.9843  8.28759 
270.962  7.91902 
189.231  7.35197 
24.2451  8.11234 
218.866  7.58533 
171.67  7.45279 
-13.8063  8.02803 
290.985  7.77584 
206.931  7.53245 
8.36471  7.83385 
151.721  7.55504 
202.953  7.15857 
-42.8696  7.97682 
222.343  7.4664 
178.145  7.09347 
-84.6117  7.8908 
192.071  7.87119 
194.955  7.22837 
-103.53  7.59798 
137.886  7.81284 
237.534  7.22739 
15.8102  7.7047 
95.1495  7.60021 
223.028  7.00616 
1.42677  7.3243 
111.538  7.83755 
185.66  7.04223 
-77.7323  8.22961 
28.4604  7.68162 
220.638  7.18007 
-23.2325  7.41805 
107.799  7.6701 
164.957  7.15355 
-5.80245  7.50085 
86.7449  7.49932 
242.325  7.21721 
-34.5756  7.79568 
50.4954  7.63143 
246.755  6.93764 
-3.96345  7.36931 
-18.9561  7.47501 
186.917  7.29265 
52.2018  8.01336 
-6.73466  7.78314 
180.531  7.56365 
-4.50649  7.50717 
-26.6287  8.41641 
208.245  7.444 
-13.494  7.88509 
4.76003  8.11003 
160.607  7.05553 
-32.6241  7.38107 
-101.979  8.55341 
155.768  7.26772 
7.94273  7.65462 
-33.0665  8.31684 
202.656  7.57852 
-12.6867  8.20758 
-16.9065  8.22523 
220.014  7.65914 
-48.239  7.82646 
-74.0862  8.01136 
114.446  7.74088 
-58.6729  1.89191 
-95.7008  2.03435 
146.127  2.00501 
18.0574  1.8829 
-17.9732  1.98811 
45.279  1.89661 
-19.4166  7.00971 
-38.2651  7.47824 
77.5367  7.24489 
36.7696  7.11268 
-72.6811  7.62799 
120.537  7.00147 
22.7077  7.07336 
1.65035  7.70834 
101.823  7.3133 
43.8709  6.98328 
0.231951  6.99875 
99.5716  7.00035 
39.3125  6.87121 
-14.8719  7.1721 
41.4633  6.98029 
40.2475  6.75437 
-23.2371  6.94024 
107.794  6.94475 
23.5031  6.87803 
21.3269  6.91122 
123.566  6.79616 
33.9209  7.31686 
52.3244  6.95613 
163.127  6.94102 
2.94328  6.83659 
49.0013  6.80296 
53.8831  6.66331 
44.3348  6.86041 
68.42  6.96061 
80.4187  6.77944 
64.0216  6.93567 
57.5676  6.68899 
115.25  6.74424 
131.419  6.69916 
79.1028  6.7147 
45.8584  6.37555 
64.7565  6.9707 
105.757  6.72861 
106.718  6.58502 
13.7013  6.84945 
72.2007  6.71853 
83.0596  6.70051 
38.576  7.00113 
104.635  6.86952 
86.347  6.59259 
114.562  7.09237 
136.886  6.89465 
37.7609  6.99404 
81.5566  7.12642 
90.7225  7.2669 
164.684  6.82373 
63.603  8.12956 
129.588  6.96593 
181.227  6.71552 
-1.96579  7.44853 
75.3777  6.9907 
106.947  6.91496 
32.2571  7.51588 
91.1357  7.27981 
120.037  6.92563 
9.6233  7.19555 
90.2893  7.23417 
114.62  7.1561 
39.7122  7.48915 
81.782  7.43675 
85.486  7.16486 
-12.302  2.03406 
32.8618  1.96663 
51.7413  1.83989 
-95.3087  1.9986 
-86.1934  1.9559 
-86.2896  1.93246 
-59.2718  7.96704 
-94.8736  7.83923 
-64.156  7.74989 
-53.8613  7.65297 
-54.5827  8.02461 
-65.7735  7.81874 
-26.9784  7.43385 
-129.235  7.74647 
-18.0777  8.11989 
-76.8229  7.65023 
-172.257  7.801 
1.14996  7.17129 
-59.9309  7.27851 
-57.1034  7.57437 
-39.1756  7.47011 
-75.8921  7.3989 
-82.8112  7.69152 
17.5186  7.43259 
-54.1894  7.16029 
-87.5074  7.6693 
20.0283  7.84522 
-34.5872  7.23737 
-34.1015  7.49981 
3.88591  7.14033 
-59.1063  7.43191 
-92.4308  7.40409 
35.6728  7.08303 
-71.2529  7.54057 
-41.9098  7.66649 
15.2915  7.32219 
-37.0851  7.36591 
-7.36054  7.76598 
-9.50571  6.95477 
-10.2289  7.17421 
-0.773843  6.92087 
-11.2006  7.19659 
-37.7094  7.37988 
-21.1585  7.27279 
24.1923  6.71001 
-10.2328  7.60434 
-83.3077  7.39838 
43.6971  6.92012 
-67.6837  7.75222 
-70.3847  7.60343 
48.0305  7.20227 
-96.7909  7.72491 
22.034  7.46705 
21.6449  7.25434 
-40.4295  7.59656 
31.0364  7.67982 
67.5445  7.55464 
-71.7478  7.81487 
4.56747  7.38354 
-5.14057  7.10467 
14.2598  7.92972 
10.3611  8.27034 
15.0552  7.49869 
-64.7485  8.09164 
0.302392  7.37144 
-100.207  8.02773 
-65.1826  8.23412 
-107.914  7.89141 
4.8884  7.22373 
-41.9638  8.15456 
11.7517  7.88396 
-33.2225  7.62395 
-50.7922  2.04043 
-24.5843  1.88502 
-85.3947  1.91012 
-21.5247  1.91172 
86.6326  1.87875 
-155.015  1.92747 
-42.9683  7.52622 
104.861  7.20325 
-149.177  6.91658 
-77.147  7.42771 
75.8728  7.15932 
-50.2326  6.92114 
-70.2994  7.87948 
105.391  6.87139 
-129.99  6.97202 
-12.1239  7.333 
84.0344  7.08419 
-129.419  7.17833 
23.6687  7.23093 
62.959  7.09121 
-64.7673  6.91655 
-74.7754  7.20457 
36.1964  7.15736 
-142.193  6.74749 
-69.5607  7.23546 
46.5565  6.88069 
-122.418  6.62935 
-72.4878  7.2064 
-7.86763  6.80412 
-107.28  6.68653 
-63.4582  7.22662 
65.7277  7.28195 
-144.756  6.49878 
-91.036  7.08712 
17.4065  6.84499 
-163.672  6.40422 
-36.0456  7.05546 
20.9053  6.82246 
-142.63  6.50765 
-121.67  6.875 
-46.988  6.65092 
-108.895  6.6001 
-99.4004  7.13069 
1.47473  6.84318 
-159.915  6.92333 
-103.587  6.93946 
0.870751  7.18479 
-159.638  6.88719 
-116.877  6.90625 
-77.9878  7.63266 
-149.772  6.82658 
-132.321  6.96633 
-6.07639  6.95247 
-29.2903  6.83475 
-108.217  7.23417 
-87.6081  7.3325 
-104.592  6.8478 
-208.508  7.08543 
-79.5169  6.97165 
-109.177  6.90439 
-125.147  7.25634 
-136.42  7.31492 
-138.696  7.03642 
-108.117  7.6299 
-78.145  7.21226 
-208.911  6.99875 
-213.989  7.20508 
-91.9453  7.52608 
-97.8787  7.33539 
-138.543  7.25329 
-108.506  7.33828 
-133.228  7.11068 
-100.405  1.91185 
-169.641  1.83569 
-154.661  1.92126 
