148.202  2.6443 
66.4127  1.96946 
-83.2071  2.0389 
153.482  8.23359 
64.6069  7.63323 
-108.977  7.43157 
159.404  8.2832 
104.587  7.76925 
-142.417  7.33282 
168.386  8.33306 
20.7065  7.9665 
-142.127  9.23191 
116.632  8.514 
135.769  7.90935 
-104.108  7.47652 
113.055  8.24645 
111.044  7.81107 
-60.6656  7.31544 
114.329  7.8184 
4.91865  7.49351 
-100.263  7.30464 
110.812  7.94726 
70.7476  8.34324 
-152.676  7.88311 
96.0349  7.81209 
52.4331  7.61302 
-86.6595  7.02884 
109.367  7.71699 
45.5514  7.66337 
-98.2371  7.52769 
117.909  7.79285 
52.8269  7.49643 
-112.741  7.17534 
16.1826  7.46309 
29.7494  7.30423 
-152.433  7.16018 
103.824  7.47312 
75.4501  7.59305 
-187.804  7.46236 
91.9796  7.47194 
65.2874  7.8636 
-174.673  7.71953 
57.8785  7.67383 
20.7032  7.46034 
-260.14  7.38015 
-17.4518  7.66552 
61.7219  7.85373 
-227.171  9.82002 
-20.6524  7.32761 
73.81  7.77917 
-254.456  7.66222 
20.6109  7.46419 
66.9103  7.238 
-214.403  9.07117 
32.1174  8.00145 
52.2743  7.97162 
-214.094  7.87652 
-32.4507  7.91177 
80.5091  7.56443 
-264.569  7.71465 
49.3846  7.91377 
91.8293  7.64343 
-262.556  10.9708 
-46.2445  7.65194 
28.5306  8.12385 
-211.693  8.45911 
-34.3063  8.56423 
83.6066  7.97186 
-183.805  8.19059 
-67.2384  2.0666 
91.9564  1.81602 
-209.244  2.15277 
1.85188  1.92138 
-134.18  1.88047 
7.97004  1.86667 
-47.7623  7.2301 
-121.769  7.59767 
-23.3429  7.27524 
9.46353  8.0623 
-161.698  8.09332 
-28.0675  7.89333 
-1.78856  6.88306 
-121.762  7.55436 
-40.8732  7.79849 
29.566  7.18593 
-65.0137  7.66427 
-0.41527  6.93231 
85.9359  7.00806 
-59.348  7.4169 
-47.9548  6.85289 
42.2076  7.04679 
-92.9304  7.71232 
-28.4965  8.13467 
52.2788  6.82719 
-157.999  7.42759 
-2.41378  7.02524 
16.6069  7.05201 
-103.378  7.51836 
4.13532  6.93275 
-32.2692  6.93576 
-120.616  7.4164 
-34.0267  7.47671 
-7.69743  6.96227 
-86.8774  7.30789 
-3.63209  7.3584 
-29.1344  7.21327 
-66.9825  7.7137 
-12.0913  6.84375 
-51.5748  7.39277 
1.72768  6.965 
-23.6749  8.72031 
-30.2009  7.36328 
-79.0356  7.1328 
-1.48996  6.66907 
-35.0969  7.52658 
-48.3859  7.26814 
27.9564  6.73513 
-132.959  7.58875 
-91.0274  7.53705 
-16.8958  8.70625 
-37.6754  7.70382 
-105.378  7.56884 
-49.8194  6.9388 
-18.3287  7.82446 
-53.1049  7.7128 
-30.456  7.31789 
-69.1118  7.73277 
-22.6935  9.56853 
49.053  7.8737 
-32.6411  7.53405 
-62.9472  7.4866 
-39.0049  7.33396 
-16.627  8.14405 
-47.1824  7.69788 
19.6441  7.32569 
-95.7222  8.32327 
-52.7024  7.78127 
-42.2105  7.32105 
-133.464  8.5857 
-66.5393  7.78873 
-102.431  9.40329 
-79.8573  2.31553 
-9.80005  1.86837 
-3.78538  2.2223 
3.21851  1.92745 
-76.3407  2.01401 
34.2422  1.89768 
-18.7269  7.48747 
-6.60479  7.38765 
34.243  7.52456 
42.9681  7.59064 
14.3806  8.04432 
29.3765  7.49864 
10.7667  7.41999 
-5.68117  7.57057 
50.1717  7.50375 
37.1129  7.45963 
9.95523  7.33639 
20.565  7.58091 
93.8247  7.15941 
23.3597  7.48709 
20.9392  7.32709 
122.552  7.15687 
36.8428  7.52401 
74.0067  7.16061 
73.1718  7.23695 
-44.088  7.23765 
-18.9245  7.1139 
64.1958  7.3938 
-8.85169  7.83024 
22.7023  7.59688 
93.9382  7.18821 
-1.36856  6.84446 
-5.00487  6.94433 
75.1673  7.13954 
-42.9194  7.32721 
43.8771  6.92741 
70.048  7.22281 
-130.489  7.32731 
79.6984  6.93147 
92.033  7.45446 
-68.6435  7.18201 
83.7591  6.82657 
34.216  7.53357 
-46.9169  7.43125 
21.7179  6.91638 
115.5  7.4743 
-97.0651  7.63126 
45.7944  6.78705 
63.5823  7.42261 
-125.417  7.395 
24.3434  7.17755 
68.4742  7.77489 
-139.289  7.36353 
-3.16914  6.96206 
85.8343  7.59551 
-113.353  7.49369 
1.58314  6.52976 
62.2018  8.13844 
-89.3957  7.58021 
16.2131  7.07763 
-4.96848  7.82929 
-93.0723  7.85998 
20.2621  7.1319 
111.895  7.91825 
-107.704  7.56521 
15.5946  7.51756 
152.159  8.25773 
-47.6762  7.86314 
0.457073  6.84736 
69.1979  8.22133 
-22.8383  7.79207 
37.1516  7.53649 
109.74  2.18968 
-69.082  1.94086 
31.3026  4.06324 
-54.3637  2.26814 
33.5828  2.13611 
-23.3342  1.93521 
-54.8432  8.43323 
103.037  7.73582 
-18.7262  7.58947 
-142.688  9.06328 
85.7052  8.01894 
-7.25402  7.72028 
-104.309  8.52542 
39.5526  7.4081 
19.8261  7.34796 
-89.9387  8.76513 
57.707  8.00932 
-23.1795  7.90137 
-80.7475  8.39908 
8.77352  7.6887 
-67.2669  7.19509 
-190.451  8.65541 
66.0588  7.80105 
-61.0781  7.44388 
-113.271  8.14038 
3.21186  7.3984 
-55.0943  7.29679 
-160.531  8.19009 
16.6205  8.00199 
-5.07895  7.09375 
-131.368  8.3531 
36.7937  7.35071 
-10.5271  7.7008 
-123.356  8.29661 
93.5697  7.72106 
-22.7717  7.45197 
-152.786  7.97935 
138.917  7.23027 
-87.3128  7.27342 
-133.24  8.12459 
46.0799  7.16469 
-32.3205  7.31731 
-110.147  8.01119 
158.038  7.50454 
-32.0788  7.44874 
-122.434  7.83472 
117.182  7.17078 
-14.6148  7.20828 
-107.536  8.19631 
53.7731  7.42214 
-51.4029  7.12477 
-26.3995  7.95213 
2.48141  7.29561 
17.9603  7.39733 
-0.00124219  7.2923 
69.8451  7.89778 
8.71701  7.42844 
-15.2147  8.21242 
47.9784  7.5893 
42.7476  7.69392 
26.012  8.15611 
65.7342  7.67035 
9.62144  7.50734 
-81.2362  7.85369 
1.7559  7.50172 
-24.8742  7.90219 
8.49927  8.07581 
47.4422  8.48642 
-70.0726  7.84832 
-20.6368  8.14937 
43.8738  8.06256 
-76.7107  8.07874 
40.8133  0.489823 
46.5876  2.18318 
-6.85795  1.92542 
-30.014  1.97412 
157.846  3.10112 
20.8228  2.47492 
40.1838  8.20824 
122.099  7.87853 
-9.97858  7.494 
-12.9546  7.46958 
98.7159  7.34884 
10.6666  7.06578 
-28.0523  8.14461 
168.61  7.98299 
4.12319  7.44393 
-24.9287  7.83208 
158.804  7.90954 
-10.8097  7.71916 
-55.9029  8.1158 
130.077  7.86633 
-26.7606  7.70027 
-48.1028  7.51548 
177.822  7.35453 
39.1894  7.36239 
-13.6828  8.10492 
114.859  7.58538 
-8.43079  7.23806 
-70.3686  7.72499 
152.027  7.57541 
38.3316  7.47334 
-7.75349  7.6672 
151.166  7.38093 
78.2849  7.26861 
-129.707  7.83732 
134.325  7.32363 
21.6078  7.00933 
-49.9823  7.69073 
157.523  7.6273 
54.805  7.13016 
-84.4967  7.58282 
103.712  7.22351 
-0.641497  7.04011 
-76.1771  7.36243 
166.827  7.46271 
15.9465  7.89816 
-123.666  7.17269 
135.786  7.60975 
14.6171  6.965 
-68.6849  7.51912 
145.327  7.35291 
-1.46024  6.95339 
-44.2708  7.61066 
111.676  7.15989 
22.9265  7.80323 
-93.979  7.79 
118.65  7.54531 
-0.598165  7.33044 
-85.1856  7.70677 
122.455  7.5885 
73.828  7.84048 
-75.7902  7.72939 
59.1089  7.90483 
-18.2964  7.67249 
-114.013  7.65691 
24.6853  8.16405 
-73.1754  7.66529 
-102.43  7.7455 
78.7146  7.78039 
-65.1622  7.82095 
-171.588  8.09778 
66.1741  8.00465 
-46.8715  7.81731 
-136.188  1.9142 
25.0416  1.88616 
-133.994  1.93675 
-46.7285  1.91313 
-124.657  1.8421 
-102.078  1.91708 
-52.0499  6.81956 
-207.554  7.73093 
-86.1031  7.57359 
8.4871  7.11544 
-160.992  7.7525 
-52.8184  7.43221 
-48.017  7.16024 
-213.317  7.59511 
-146.591  7.35648 
-53.8672  7.24517 
-149.149  7.57544 
-39.5773  7.41149 
-83.1436  7.35537 
-109.554  7.37608 
-58.6716  7.76659 
-75.4488  7.12758 
-208.933  7.43923 
4.3734  7.06275 
-32.3729  6.73687 
-196.19  7.4789 
-17.4012  7.06954 
-57.7909  6.58708 
-196.799  7.17449 
-10.4976  6.71138 
-63.5586  7.10322 
-86.2119  7.29263 
-44.5143  7.27589 
-85.7391  7.64507 
-120.377  7.26811 
-59.0532  7.18983 
-1.63908  6.99262 
-111.758  7.32545 
-32.0624  6.99649 
-63.2191  7.29993 
-147.52  7.24 
17.8212  7.06218 
-27.5242  7.13482 
-99.4419  7.33783 
-72.625  6.78886 
-83.4428  7.18338 
-106.906  7.44243 
-72.5733  6.85854 
-35.6634  7.41268 
-39.1208  7.30509 
-36.4479  6.84939 
-96.4014  7.57894 
-85.0924  7.73849 
16.5004  7.47955 
-43.8743  7.59886 
-112.036  7.37742 
-3.835  6.83737 
-111.918  7.17346 
-105.487  7.42246 
-14.308  7.0267 
-39.3358  7.81236 
-85.9436  7.62224 
-9.20211  7.24308 
-55.3832  7.27517 
-54.383  7.21942 
6.94704  6.95743 
-106.46  7.81579 
-79.8696  7.55572 
-19.9111  7.81126 
-149.847  7.92239 
-71.3768  7.54449 
0.704227  7.03083 
-178.689  2.02384 
-114.531  2.00559 
-45.4886  1.82131 
-64.0919  2.10035 
-133.681  1.90778 
6.52606  1.89034 
-158.351  7.82544 
-67.2988  7.78402 
-20.5813  7.4668 
-94.5705  7.9174 
-7.2638  7.41087 
10.7427  7.40358 
-76.8459  7.66067 
-119.127  7.11939 
17.0673  7.45917 
-50.4471  7.63496 
-49.4294  7.66261 
19.3179  8.00247 
-101.746  7.63173 
-55.599  7.44195 
-3.40852  7.04359 
-43.9616  7.25364 
-75.1931  7.20728 
-25.5327  7.35869 
-83.2791  7.64396 
-17.2509  7.52852 
2.82542  6.95374 
-60.4497  7.6018 
-19.6636  6.89349 
60.6224  6.74586 
-3.36997  7.03054 
-14.1482  7.14513 
35.7527  7.11696 
-28.7024  7.33549 
56.4871  7.30157 
41.4753  6.99504 
-56.4203  7.37997 
-28.926  7.76971 
49.7061  7.118 
-95.1482  7.44784 
4.98476  7.12449 
82.1649  6.8997 
-66.3333  7.5305 
-3.70459  6.81578 
76.3737  6.706 
-9.51108  7.3745 
20.5165  7.3292 
104.176  6.97803 
-34.1329  7.59565 
-27.1451  7.30012 
82.5191  6.78786 
24.9709  8.07623 
-29.5471  7.47803 
15.7538  7.17817 
3.28259  7.06418 
-27.3941  7.57436 
68.0484  6.71934 
25.0578  7.23751 
-23.7307  6.86992 
24.0236  6.60099 
-22.9459  8.006 
14.6741  7.38884 
77.4708  7.06936 
-6.38568  7.10317 
-27.2597  7.77473 
25.0731  8.01961 
15.3626  7.86673 
6.7331  7.24843 
31.7537  7.33749 
45.2225  7.84783 
41.3675  7.46372 
25.592  7.32933 
26.1259  1.91826 
22.9274  1.88335 
-10.0274  1.87372 
139.479  1.86732 
178.049  1.89547 
168.78  0.468249 
142.133  8.47702 
137.877  8.05436 
149.484  7.87835 
183.662  7.80268 
105.564  8.0292 
189.887  7.43511 
143.195  8.11702 
131.582  7.9392 
166.999  7.67823 
171.982  7.93548 
136.179  8.03722 
160.498  7.63348 
154.59  7.75855 
56.7267  7.90789 
244.816  7.37654 
102.17  8.2085 
81.715  7.73241 
91.3178  7.41967 
108.091  7.55745 
68.2933  7.52035 
183.236  6.97947 
128.876  7.61178 
98.6978  7.87849 
197.579  7.34123 
119.464  7.83612 
58.79  7.46753 
76.0836  7.29425 
42.5622  7.70255 
93.4704  7.72168 
130.316  7.29103 
91.9636  7.70851 
24.7406  7.66024 
171.216  7.43073 
119.958  7.48141 
64.8133  7.37746 
60.5923  7.19431 
77.3905  7.80314 
-24.5361  7.70929 
105.431  7.43139 
47.2328  7.69141 
65.5301  7.64389 
93.3293  7.38333 
52.9363  7.22705 
84.9318  7.47881 
-2.41598  7.04415 
45.9121  7.50171 
65.5192  7.62462 
73.1613  7.98252 
9.59648  7.67158 
-6.899  7.61396 
88.8774  7.62488 
58.638  7.71134 
90.2946  8.01213 
22.0545  7.69358 
9.77315  7.79162 
63.4575  7.98242 
42.2981  7.71161 
0.092529  7.89474 
-14.8615  7.732 
30.6482  7.78062 
-41.5856  8.39135 
42.8689  7.94974 
39.6654  7.72622 
-51.0922  7.83083 
49.1433  8.194 
56.0026  8.08005 
-45.2311  1.84569 
40.7704  0.46157 
-15.264  2.15471 
-43.2666  1.80494 
-99.8161  1.79872 
-66.3818  2.03063 
40.1275  7.12829 
-167.419  6.71542 
-13.3641  6.70437 
91.84  6.83627 
-108.939  6.92341 
10.8235  6.48229 
44.6559  7.0839 
-140.068  7.25436 
-45.3198  6.59688 
95.5695  7.18953 
-128.169  6.94017 
-113.709  6.54154 
0.768473  6.51514 
-141.618  7.21003 
-73.3709  6.47634 
41.8861  6.86565 
-163.952  6.99878 
-74.4529  6.40104 
35.2712  6.59331 
-128.478  7.27678 
-63.9547  6.43353 
92.7024  6.59808 
-125.291  6.83542 
-59.7075  5.9299 
-49.1649  6.85849 
-46.8653  6.6962 
-69.4042  6.24915 
24.6408  6.60097 
-80.0606  6.68943 
-81.1878  6.40698 
7.26183  6.36353 
-69.1068  6.56632 
-43.5957  6.46419 
49.882  6.60067 
-61.1286  6.33739 
-34.5506  6.53026 
41.6688  6.48662 
-119.176  6.56186 
-90.3295  6.39244 
92.3299  6.62016 
-104.152  6.53531 
-39.3606  6.55672 
9.12401  6.51804 
-106.316  6.93138 
-65.1817  6.25327 
52.5283  6.55968 
-99.8787  7.04862 
-35.8875  6.61957 
52.5229  6.83603 
-96.8859  7.00528 
21.4545  6.53452 
60.2165  6.68499 
-90.0998  6.84302 
-105.63  6.59417 
6.00073  6.42824 
-64.0715  6.85173 
-8.80793  6.67588 
49.1853  7.14084 
-76.1716  6.99228 
-118.716  6.89358 
29.2752  7.15807 
11.5601  7.02252 
-77.5917  6.89487 
48.5546  7.31006 
-84.447  7.0937 
-36.8138  6.99186 
96.83  0.499117 
-73.992  1.91778 
-21.6869  1.76637 
-137.206  1.9704 
-208.9  2.17294 
-79.5609  2.10925 
-121.683  7.35881 
-182.537  6.93855 
-119.419  6.6299 
-86.7386  7.57959 
-135.407  6.94324 
-182.244  6.8447 
-64.8321  7.06576 
-173.467  7.007 
-137.038  6.86383 
-91.7969  7.18805 
-151.993  6.63161 
-95.9351  6.93072 
-41.8834  6.69728 
-193.929  6.60029 
-121.691  6.61248 
-98.3664  6.6602 
-165.6  6.86486 
-138.674  6.40201 
-102.608  6.85397 
-71.7094  6.66601 
-87.0489  6.41303 
-86.1096  6.6168 
-91.0978  6.39565 
-94.751  6.19633 
-90.9889  6.62714 
-43.5316  6.23184 
-184.619  6.61467 
-61.2626  6.5242 
-109.345  6.53456 
-187.036  6.39856 
-86.9939  6.90815 
-40.1833  6.28172 
-125.845  6.4907 
-181.272  6.72148 
-14.5601  6.60636 
-151.562  6.5103 
-101.645  6.87987 
-76.2149  6.39789 
-124.625  6.47887 
-108.898  6.5815 
-110.659  6.1572 
-219.769  6.33536 
-142.226  6.91144 
12.3428  6.55924 
-198.907  6.48127 
-132.012  6.867 
-48.9288  6.71382 
-220.998  6.50874 
-159.862  7.39394 
-22.0126  6.52824 
-160.532  6.47567 
-209.628  6.86058 
-116.319  6.86473 
-176.167  6.47143 
-164.548  6.84516 
-107.811  6.63747 
-179.534  6.34165 
-68.1831  7.29543 
-97.9506  7.11862 
-245.159  6.52177 
-122.369  7.16381 
-104.236  6.77582 
-121.023  6.4947 
-179.274  7.26459 
-36.0702  7.0229 
-149.296  7.06585 
-133.308  1.84424 
-123.78  1.88971 
-201.933  1.85338 
218.332  2.11776 
-9.00061  1.8735 
-41.5924  1.98045 
253.943  6.99906 
-126.432  6.82614 
-38.8543  6.74383 
220.874  7.56997 
-12.5189  7.31317 
-30.7951  6.91457 
180.332  7.01576 
41.7713  6.59698 
10.9494  6.33313 
127.374  7.25748 
26.6497  6.72775 
48.6146  6.64082 
210.791  7.20716 
-73.4913  6.5656 
27.959  6.42962 
127.837  7.33628 
33.3333  7.02512 
30.5087  6.70889 
61.521  7.18452 
36.6668  6.45599 
-14.5123  6.42364 
100.549  7.23542 
14.2789  6.90201 
32.83  6.78644 
58.4166  6.91942 
47.595  6.61284 
-22.6769  6.00025 
73.8267  7.18016 
25.9438  6.57328 
-4.7838  6.41271 
-12.4424  7.10757 
33.1013  6.61734 
54.4367  6.50237 
25.1523  7.14552 
72.4986  6.57464 
-20.7542  6.722 
41.5331  7.28532 
82.3762  6.55777 
67.2531  6.51536 
34.0143  7.47062 
46.0303  6.85046 
-46.3084  6.58823 
-59.9075  7.29493 
31.1191  6.42845 
55.0396  6.06712 
-104.18  7.56596 
139.185  6.90717 
71.9442  6.54363 
-84.8488  7.18567 
92.5988  6.57295 
-1.56899  6.28722 
-144.809  7.80733 
80.4348  6.94984 
-7.93054  6.79142 
-214.728  7.49148 
-39.9205  6.74014 
85.7502  6.64641 
-113.874  7.96765 
35.7912  6.91783 
-28.9389  6.50498 
-214.879  7.55041 
12.7618  6.75229 
10.8239  6.48938 
-207.072  7.31848 
-32.0891  6.66224 
41.3033  6.37572 
-167.436  1.87933 
0.113099  1.98187 
8.6695  1.97674 
-5.48489  1.84366 
-155.438  1.99264 
-68.9924  1.9192 
-15.6952  6.92503 
-180.295  6.95134 
-23.4006  6.80795 
-17.641  6.93262 
-124.625  7.1131 
5.46145  6.52019 
-86.9211  6.77877 
-125.264  6.52408 
56.2884  6.74154 
30.8485  6.89936 
-128.785  6.70579 
0.567083  6.59993 
-70.6126  6.53495 
-136.597  6.48986 
-3.93433  5.99469 
-90.5034  7.30086 
-195.742  6.49247 
16.7657  6.49642 
2.23288  6.96587 
-144.692  6.67009 
4.18214  6.79452 
-67.7759  6.65113 
-202.559  6.79702 
1.96823  6.74058 
-49.3291  6.7004 
-147.248  6.76146 
-0.98392  6.19319 
-57.7173  6.90177 
-219.988  6.60256 
33.7585  6.20261 
-4.7938  6.75175 
-181.698  6.54227 
60.4971  6.1507 
-30.5371  6.66497 
-161.82  6.67408 
59.1481  6.00656 
-50.5717  6.58295 
-173.749  6.47685 
94.349  6.10241 
43.4192  6.66948 
-173.49  6.47806 
82.5083  6.25343 
26.7545  6.43033 
-235.523  6.48145 
58.0371  6.23103 
-47.7039  6.62431 
-175.384  6.57277 
46.0678  6.30254 
-51.364  6.42168 
-143.541  6.44304 
62.7745  6.38747 
29.8583  7.04244 
-169.358  6.65715 
100.341  6.59226 
20.542  6.85218 
-64.7865  6.77285 
71.6138  6.56419 
88.4167  7.32635 
-125.38  6.5332 
117.443  6.23543 
3.6197  6.88429 
-110.156  6.55473 
39.5123  6.54916 
88.045  6.87177 
-83.5322  6.72333 
45.4698  6.62004 
72.7923  0.476875 
-69.1557  1.87519 
24.8452  1.91773 
-17.7115  2.18958 
-74.7548  1.94858 
104.848  0.508202 
9.17566  7.47759 
-48.1159  6.86203 
57.2745  6.47122 
66.4571  7.40846 
-11.3687  6.74733 
162.91  6.54214 
45.2374  7.11923 
-44.6718  6.6759 
151.952  6.22469 
-17.7695  7.13301 
5.94895  6.49857 
82.3093  6.25886 
24.6871  7.06528 
-50.2963  7.09824 
127.547  6.60725 
-24.8414  6.96786 
16.8802  6.81803 
59.7189  6.28657 
-10.6848  6.8532 
-87.8904  6.55821 
75.6739  6.46616 
14.9123  7.0488 
53.9191  6.66338 
185  6.28547 
2.45671  6.72801 
3.98923  6.39439 
79.9938  6.4554 
11.2531  7.25381 
-50.6361  6.83076 
115.551  6.21255 
-23.1974  6.43875 
-1.66211  6.3908 
98.9213  6.17636 
-15.5375  6.95961 
-18.5929  7.09755 
30.8299  6.31841 
-45.1822  6.5963 
-63.8201  6.63596 
116.724  6.48883 
-37.8915  6.63729 
51.6235  6.94951 
80.5012  6.56126 
-67.4403  6.76404 
-19.5748  6.6193 
69.2894  6.45244 
-26.1118  6.91319 
9.10224  6.69582 
117.907  6.66063 
-28.0879  6.92248 
12.9672  6.97504 
150.089  6.56847 
-140.535  7.00993 
-67.0481  6.74083 
140.164  6.49966 
-104.881  6.87077 
-43.4467  6.93265 
188.707  6.72717 
-162.82  6.84872 
35.4328  6.81026 
134.922  6.80448 
-101.763  7.2001 
-54.8936  6.79577 
58.8545  6.84312 
-115.769  7.23634 
-4.89297  6.64506 
54.6311  6.72502 
-119.279  1.82164 
-51.0757  1.99196 
109.557  2.02546 
-40.4706  1.77222 
-302.236  1.97041 
36.1697  1.89532 
-76.61  6.8669 
-231.403  7.63046 
-34.0121  7.22734 
-81.1134  6.95185 
-261.762  7.31843 
40.435  6.85043 
-32.6813  7.5941 
-207.153  7.12694 
45.9015  6.37958 
-0.655602  6.54987 
-209.207  7.2902 
-19.1179  6.67477 
24.6889  6.68596 
-161.13  6.98035 
-23.8881  7.24597 
22.3206  6.60886 
-180.134  7.05624 
2.09863  6.57933 
-138.08  6.56426 
-157.463  7.11148 
24.8565  6.39518 
-35.5582  6.72142 
-118.469  6.86844 
17.9659  7.13951 
-12.2239  6.55291 
-186.306  7.13883 
-3.53289  6.37324 
-40.6556  6.58772 
-132.147  6.84375 
-20.1903  6.57561 
-23.4702  6.45272 
-182.458  6.92614 
-24.4063  6.49185 
-40.3859  6.81009 
-113.809  6.84137 
-17.348  6.18366 
-9.23349  6.82527 
-115.883  6.75772 
-71.1649  6.51309 
-30.0232  6.67299 
-66.1679  6.49808 
-37.7486  6.16146 
52.2981  6.79063 
-45.7056  6.52282 
-79.1927  6.65512 
-12.2532  6.74918 
-42.944  6.07499 
-92.629  6.10927 
25.6554  6.89769 
10.52  6.96993 
-55.714  6.17549 
8.65349  6.91275 
-65.8433  6.41179 
-122.003  6.66702 
-27.393  6.99554 
13.4842  7.04137 
-44.3129  6.55588 
-15.067  6.99029 
31.6836  6.78653 
-94.0648  6.53142 
-16.3908  7.0428 
82.9246  6.76353 
-87.9054  6.48796 
14.3634  7.24386 
42.7279  6.9262 
-83.3242  6.7842 
-35.9039  1.67066 
-14.7632  2.01713 
-98.0356  2.18728 
-18.8771  1.83662 
-119.151  1.87067 
-60.1996  1.83521 
-65.8525  6.92256 
-34.7829  7.35183 
-59.1449  7.16217 
-8.21809  7.00047 
-75.9793  7.45314 
-85.4103  7.31217 
30.6962  6.92103 
-82.6728  7.26919 
-68.2661  7.03846 
49.9552  6.67519 
-29.3977  7.19182 
-61.996  7.1532 
31.7156  6.7421 
-34.1383  7.10686 
-94.3844  6.67364 
10.1251  6.57551 
16.1999  7.14379 
-31.3859  7.06712 
74.0062  6.84822 
-10.19  7.02355 
9.94776  6.8909 
71.1298  6.69931 
70.3317  6.84452 
-29.8151  6.76344 
30.3574  6.68222 
-8.75707  6.8564 
-8.27788  6.71468 
78.129  6.88619 
-31.315  6.91142 
31.6173  6.86321 
54.7547  6.854 
-43.9939  6.84691 
-53.0047  6.60898 
35.4244  6.68691 
-88.355  6.80167 
-14.9105  6.72822 
111.501  6.85096 
-79.9055  7.1308 
81.4579  6.63347 
40.9156  6.91351 
4.24086  7.18423 
55.5819  6.34471 
55.9014  6.86847 
2.1556  6.65269 
100.599  6.21349 
35.1068  6.79617 
-48.0894  6.99209 
58.0405  6.20431 
103.455  7.54483 
9.123  7.05438 
89.6022  6.51594 
3.02811  7.28367 
14.0093  7.14181 
21.892  6.36527 
5.95488  6.88736 
74.4628  7.09199 
21.4889  6.63452 
25.9251  7.32137 
8.05839  7.14044 
45.6577  6.9318 
85.7632  7.3259 
41.7246  6.94424 
-11.4003  6.62886 
140.961  7.10115 
45.7098  7.30168 
-12.7269  6.97542 
74.9507  1.98872 
-10.5246  2.09682 
0.712354  1.89312 
-124.079  2.04004 
-168.476  1.8381 
-54.3448  1.88126 
-181.095  7.10468 
-106.829  6.57224 
-60.7951  6.37236 
-155.156  7.13961 
-129.225  6.6478 
-2.56049  6.12979 
-130.297  6.84132 
-157.422  6.88713 
-9.09536  6.77116 
-106.968  7.08773 
-56.6794  6.48425 
-58.7341  5.9928 
-186.057  7.06954 
-105.986  6.42307 
-31.3425  6.52624 
-127.108  6.78895 
-117.282  6.58468 
8.53436  6.01504 
-163.682  7.28347 
-86.2742  6.17081 
-41.1249  6.29116 
-152.091  6.7602 
-108.224  6.28028 
-56.5381  6.00287 
-120.076  6.62662 
-165.159  6.14211 
-34.9085  6.29299 
-148.399  6.64615 
-102.802  6.11678 
-108.832  6.24841 
-203.398  6.61581 
-85.1886  6.28232 
-26.9204  6.12327 
-183.947  6.60376 
-163.522  6.54559 
-87.7105  6.39432 
-252.072  6.78535 
-117.5  6.41821 
-124.624  6.46806 
-160.663  6.75845 
-165.63  6.67252 
-91.3204  6.75329 
-219.49  6.54153 
-202.629  6.40481 
-114.663  6.52403 
-224.488  6.62483 
-179.119  6.69046 
-111.885  6.57657 
-220.561  6.63476 
-164.247  6.85928 
-63.0064  6.51628 
-192.633  6.78171 
-135.193  6.7919 
-200.856  6.82825 
-213.707  6.94959 
-163.946  6.94816 
-78.3845  6.50503 
-260.189  6.79616 
-200.401  6.94314 
-146.885  6.82246 
-168.655  7.0103 
-176.482  6.5551 
-133.039  6.79983 
-276.1  6.99865 
-174.002  7.10002 
-184.105  6.98175 
-276.851  1.81644 
-196.287  1.85816 
-187.346  1.98134 
14.8917  2.31467 
-202.218  1.94646 
186.889  1.94508 
23.4875  8.41746 
-137.611  7.65634 
115.263  7.35408 
101.121  8.16395 
-130.173  7.51171 
210.792  7.17637 
100.306  7.89543 
-135.928  7.86455 
191.928  7.02155 
76.8495  7.90828 
-122.966  7.52486 
192.27  7.14871 
48.2785  7.52628 
-202.978  7.26249 
157.59  7.00168 
94.9569  7.63587 
-199.993  7.37484 
128.686  6.71852 
111.329  7.59168 
-148.509  7.55566 
131.497  7.0722 
63.1783  7.11838 
-231.362  7.30501 
149.581  6.75457 
80.3168  7.45245 
-246.535  7.5084 
180.289  6.92706 
113.096  7.38466 
-183.102  7.21937 
161.294  6.74784 
77.3009  7.36691 
-152.792  7.54132 
120.948  7.00182 
120.854  7.16967 
-177.347  7.21446 
114.026  7.10536 
98.8441  7.34828 
-138.069  6.86614 
65.4337  6.8878 
88.6691  7.225 
-188.724  7.05784 
96.1486  7.01764 
72.7337  6.89505 
-164.125  7.37538 
78.5515  7.06758 
59.0075  7.12904 
-198.058  7.37502 
128.427  6.96013 
104.582  7.3897 
-130.206  7.39281 
62.2929  7.26909 
67.4389  7.28682 
-179.141  7.57408 
61.2127  6.95927 
-18.9058  7.45001 
-149.101  7.23364 
89.9458  7.07924 
96.4705  7.55253 
-207.577  7.60848 
32.3177  7.31694 
113.147  7.50543 
-142.785  7.49588 
28.1274  7.56115 
10.5864  7.62975 
-180.485  7.61042 
46.2854  7.95696 
43.3011  1.8874 
-163.065  2.19008 
47.0344  2.31168 
42.6804  2.08675 
-31.8323  2.13702 
12.466  1.86996 
79.4199  7.28762 
-48.6066  7.24576 
-39.1537  7.42986 
22.2858  7.4009 
-73.4509  7.22299 
-53.6564  7.4005 
21.2231  7.36564 
-36.9537  7.33828 
-12.4436  7.42946 
31.0627  7.42809 
-48.1418  6.96546 
-9.86738  7.35101 
74.9866  7.22512 
-88.0834  7.12948 
8.64544  7.06296 
90.7206  7.16053 
-19.8395  6.85769 
16.6781  6.94821 
103.526  6.98689 
-42.84  6.88775 
33.4777  6.96354 
94.8682  7.02254 
16.7979  6.78363 
50.0729  6.86058 
106.737  6.82209 
-75.9602  6.87627 
43.7608  6.97859 
107.94  7.14248 
-23.2205  6.72189 
62.5447  6.80627 
88.8736  7.1607 
-56.9638  6.74624 
102.997  6.69693 
79.6002  7.29808 
-13.1091  6.69868 
57.5099  6.75349 
123.25  7.21286 
-15.9452  6.92744 
84.5041  6.6338 
69.9365  7.33006 
-12.9291  6.93403 
79.3743  6.67889 
112.648  7.54541 
-50.4864  7.06366 
140.15  7.02798 
62.0762  7.65738 
-46.8979  7.1796 
92.7161  6.94785 
42.4241  7.48497 
25.1966  7.14414 
101.141  7.03478 
99.1275  7.83358 
-35.2416  7.25509 
138.774  7.01584 
84.5959  7.77276 
-30.5712  7.50108 
91.5169  7.0679 
98.2273  7.89621 
-59.7455  7.35309 
95.0243  7.26047 
135.169  7.97107 
8.10218  7.10597 
63.5125  7.50313 
123.269  8.181 
-43.3048  7.22499 
131.855  7.24014 
42.463  2.14569 
-47.1983  2.05916 
107.421  1.89775 
-174.582  1.90359 
-48.6815  2.26349 
-117.503  2.025 
-39.3951  7.70186 
-60.6238  7.71508 
-130.728  7.28324 
-98.4765  7.7594 
-73.8956  7.75483 
-75.7626  7.6547 
-82.5855  7.52854 
-30.4017  7.75393 
-107.738  7.32322 
-90.9275  7.40982 
-20.599  7.45094 
-51.4024  7.4356 
-92.7136  7.79489 
-44.2808  7.64134 
-98.5857  7.21676 
-25.6699  7.45569 
-54.1081  7.32196 
-86.3816  7.31971 
-113.15  7.44767 
-13.3994  7.62232 
-53.3823  7.20583 
-59.1525  7.20013 
-30.3489  7.35816 
-43.3302  6.94585 
-50.2072  7.30741 
19.3465  7.31051 
-75.0617  6.73821 
-25.9101  7.63518 
79.0408  7.19488 
-86.4546  7.0016 
-65.2761  7.92897 
37.3485  7.43662 
-85.4578  7.21224 
-46.8562  8.18079 
-76.7632  7.21992 
-133.779  7.22323 
0.128741  7.52899 
-31.8722  7.52095 
-99.3114  6.97035 
-27.7441  8.09282 
5.16433  7.27487 
-120.712  6.67829 
3.19128  7.71988 
7.75456  7.19159 
-35.9958  7.01372 
8.19877  8.32411 
-12.1021  7.31484 
-52.8394  6.87327 
-2.90682  8.43029 
-54.5353  7.70737 
-14.1457  7.19837 
1.3879  7.82059 
-96.8787  7.61734 
-146.644  7.17209 
-25.8948  8.24781 
37.0023  8.30467 
-53.4978  7.50095 
-40.5973  8.24462 
3.45913  7.65493 
-50.8589  7.35235 
-47.5986  8.61472 
-25.9452  7.4402 
-61.415  7.37042 
-2.42462  8.41205 
12.8015  7.85585 
-27.856  7.39776 
-18.2755  2.35976 
0.80321  0.48379 
-79.6934  2.1331 
96.8474  2.16021 
47.9596  2.08874 
136.815  0.490742 
64.733  7.93248 
109.853  7.44613 
99.2065  7.22851 
69.6936  7.91647 
144.914  7.13683 
118.744  6.9021 
121  7.73485 
148.023  7.18013 
74.403  7.03689 
62.7497  7.62167 
136.165  7.11763 
138.08  6.69101 
28.7622  7.6913 
135.921  7.43592 
92.7923  6.94556 
86.6185  7.63325 
216.625  7.13268 
150.737  6.85247 
95.8044  7.50204 
178.587  7.01416 
141.773  6.5846 
44.654  7.40076 
180.082  6.97238 
99.2563  6.53296 
103.419  7.19234 
123.331  6.71335 
214.858  6.11715 
95.0171  7.07064 
126.261  6.97124 
90.9496  6.27542 
134.405  7.22645 
182.991  6.9118 
110.603  6.21712 
121.06  7.05809 
229.068  6.75159 
151.185  6.22044 
99.6547  7.04057 
120.612  6.57358 
100.588  6.53068 
121.953  6.88287 
182.908  6.82154 
102.901  6.21546 
117.079  7.00645 
66.6339  6.95165 
125.972  6.60987 
104.743  6.90547 
162.486  7.13741 
105.729  7.01097 
97.8513  7.21718 
150.639  7.13089 
38.1647  7.04513 
82.3424  7.12821 
84.6877  7.3914 
100.005  6.81714 
54.7419  7.12102 
130.39  7.10223 
87.0676  6.72678 
79.3085  7.03361 
98.1321  7.12097 
111.74  6.9238 
99.2052  7.34311 
16.1244  7.20886 
61.9787  7.2362 
102.208  7.18627 
60.6315  7.37074 
96.9535  7.3323 
75.9175  2.00221 
33.2346  0.715983 
49.4301  1.9974 
160.798  0.480298 
297.188  1.91287 
81.1647  0.0118391 
123.109  8.92863 
250.861  8.28518 
98.3975  7.6154 
106.736  9.0047 
302.637  8.39282 
72.4797  8.01587 
135.897  8.63754 
247.635  8.24871 
66.6357  7.75928 
27.383  8.66022 
278.203  8.71671 
139.714  7.68848 
38.7752  8.47368 
159.263  7.87689 
109.67  7.32039 
86.2115  8.54874 
173.079  8.37044 
158.261  6.70921 
92.532  8.22931 
188.453  8.18139 
132.097  7.23538 
100.109  8.3214 
248.987  8.26466 
209.104  7.22609 
111.038  8.19463 
152.861  8.01575 
208.616  7.25902 
133.498  8.06411 
138.681  8.12315 
244.966  6.93139 
64.9704  8.0111 
147.938  7.85351 
236  7.09579 
112.426  8.06037 
49.4644  8.12837 
250.939  7.09809 
138.837  7.56908 
58.7339  8.07671 
257.207  7.23513 
47.8641  7.67416 
19.5143  8.11685 
206.144  7.3961 
113.953  7.82527 
34.875  8.30367 
218.466  7.38891 
96.3742  7.57513 
22.9355  8.55488 
292.556  7.35502 
178.777  7.76414 
46.5549  8.0512 
206.19  7.69393 
98.6137  7.94352 
45.0186  8.40924 
221.461  7.62522 
132.233  8.00224 
-12.0025  8.56722 
257.415  7.89773 
110.46  8.43949 
13.6366  8.50629 
246.937  7.86178 
118.746  8.15132 
-62.4633  8.72908 
223.426  7.6301 
86.1495  8.18347 
-64.4831  8.76844 
232.656  7.77028 
16.7735  0.463882 
-85.0372  1.89455 
183.669  1.92439 
2.31929  1.79226 
-84.6191  1.94324 
-48.7308  2.14813 
15.5335  7.62877 
-70.815  7.63186 
-5.15163  7.81669 
8.53356  7.29117 
-51.5088  7.50583 
-6.67615  7.65292 
-51.2499  7.24629 
-20.4337  7.71296 
3.62912  7.91972 
86.0614  7.26699 
-10.4833  7.37697 
-0.343418  6.99411 
10.491  6.98662 
-74.6416  7.72911 
8.45405  7.38388 
75.5399  7.0303 
3.27428  7.25453 
-2.04672  7.08827 
43.4787  7.11029 
52.3775  7.19396 
-36.9329  7.41855 
83.6047  7.19826 
45.2993  7.32982 
39.6963  6.9932 
138.107  6.68937 
53.2739  6.89361 
22.6988  6.82748 
136.346  6.80975 
41.3297  6.77756 
113.649  6.65666 
98.878  7.03189 
12.0537  6.89165 
27.2326  6.88127 
92.5057  7.36071 
22.1668  7.0257 
17.9406  6.85999 
103.358  7.21352 
82.5759  6.99335 
-26.1497  6.76983 
70.6204  7.3856 
20.843  7.0625 
79.6276  6.89862 
75.8317  7.43791 
56.169  7.16276 
36.4325  7.01132 
131.823  7.45101 
81.2038  7.09903 
-21.1769  6.99559 
129.821  7.23639 
21.4169  7.53149 
108.007  7.08938 
93.0445  7.60218 
35.4007  7.46485 
130.629  6.94092 
114.019  7.70935 
27.2981  7.44624 
55.5209  6.94447 
88.0955  7.55331 
104.895  7.40043 
16.5758  7.15737 
94.823  8.54636 
58.6429  7.41738 
52.0766  7.33207 
41.8087  7.74198 
85.1385  7.6498 
37.5363  7.41456 
103.67  2.03429 
70.9491  1.98977 
48.7816  0.469695 
-15.9944  2.14955 
48.7956  0.47904 
-143.776  2.00524 
34.6469  7.80603 
106.865  7.59404 
-115.991  7.97205 
-22.7085  8.03141 
167.065  7.43226 
-54.1405  8.13031 
-30.1258  7.94017 
84.2614  7.66212 
-11.1564  7.93575 
87.3457  7.89999 
113.372  7.41693 
-12.3557  7.70587 
29.3013  7.55233 
95.8981  7.41465 
-45.0915  7.59368 
14.9906  7.81154 
106.338  7.33775 
-47.1945  7.42984 
76.908  7.48113 
112.019  7.34945 
19.5003  7.58538 
44.3049  7.6806 
106.856  7.36251 
-10.5226  7.63517 
-26.4489  7.45014 
121.351  7.15498 
42.4765  7.16983 
-34.9591  7.69812 
111.564  7.72696 
24.7452  7.39516 
7.21387  7.52508 
71.4226  7.7073 
11.7448  6.96841 
50.1195  7.42874 
5.55498  7.59412 
33.8859  7.17283 
48.8426  7.87464 
2.52415  7.02027 
-48.9022  6.94171 
134.775  7.61273 
12.6499  7.49329 
10.6821  6.94847 
90.2562  7.99295 
41.6994  7.54639 
19.3579  7.30881 
88.3425  8.53591 
-28.3035  7.7195 
13.1941  7.36856 
113.073  8.28197 
-66.5217  7.72189 
41.4838  7.50177 
122.693  8.42828 
-85.2892  7.94153 
10.1546  7.40215 
62.7083  8.46263 
-59.5648  8.07667 
6.5842  7.17291 
52.4166  8.35013 
-58.3274  8.22203 
-19.2045  7.52133 
175.732  8.43261 
-127.334  7.90751 
-35.5284  7.74381 
198.927  8.69039 
-107.94  8.27879 
-49.5604  7.56153 
187.007  2.12612 
-139.828  1.9443 
-91.5193  1.91425 
-67.509  2.07676 
96.7543  0.448419 
-36.9313  1.87177 
-54.1571  8.26347 
65.9724  7.69178 
-9.18158  7.23557 
-17.1146  8.25495 
74.0496  7.89942 
-31.0734  7.61032 
-65.8756  8.10784 
72.8489  7.45091 
-7.18771  7.04994 
-129.774  8.31377 
93.0504  7.55663 
-74.0076  7.40289 
-31.7501  7.97678 
90.8714  7.56549 
-118.472  7.20741 
-102.089  8.01953 
135.101  7.12952 
-92.5813  7.19296 
-89.9611  7.76487 
63.3632  7.30415 
-42.6851  7.04061 
-117.466  7.71585 
50.0017  7.29121 
-180.687  7.00367 
-92.6309  7.85519 
-20.7426  7.09502 
-141.542  7.22222 
-97.356  7.73001 
13.4731  7.11335 
-19.7877  6.82674 
-62.6409  7.64686 
24.5664  6.8815 
-80.9433  6.84207 
-135.821  7.53495 
-57.1216  7.36317 
-111.715  7.15167 
-181.026  7.63354 
-5.28783  7.09545 
-81.1306  7.03299 
-214.568  7.0606 
-32.7012  7.74943 
-108.168  6.9356 
-134.498  7.45635 
-44.7195  7.3945 
-119.537  7.1429 
-131.048  7.47234 
-109.446  7.43626 
-159.817  7.23903 
-85.4131  7.54054 
-41.2625  7.61616 
-99.9684  7.34142 
-95.0511  7.70574 
-34.6614  7.78601 
-68.4711  7.28182 
-160.312  7.90589 
-25.2366  7.68732 
-123.85  7.22092 
-179.299  7.7087 
-134.064  7.92022 
-38.9703  7.97464 
-207.839  7.82518 
-107.272  8.00485 
-171.486  7.72223 
-236.336  7.75877 
-101.753  7.8232 
-117.587  7.36161 
-230.672  1.98282 
-86.1921  1.99382 
-145.066  2.07246 
9.62097  1.88751 
225.604  2.01339 
241.907  1.85533 
38.7679  2.26105 
259.034  8.27857 
219.007  7.68587 
-40.661  8.55513 
269.198  8.24325 
186.704  7.62673 
22.6647  8.27369 
216.91  7.94836 
169.216  7.50439 
-15.1046  8.15514 
289.204  7.80837 
204.705  7.54303 
6.92722  7.81084 
149.867  7.76862 
200.6  7.38127 
-44.6985  8.24312 
220.875  7.82348 
176.203  7.26949 
-86.0584  7.92604 
190.743  8.09107 
192.864  7.4838 
-105.249  7.76968 
136.646  8.0447 
235.709  7.28171 
14.1843  7.95325 
93.9359  8.05422 
220.924  7.08895 
-0.0982815  7.36594 
110.599  8.05808 
183.636  7.16258 
-79.2227  8.32029 
27.4094  7.78596 
218.635  7.35595 
-24.2893  7.42991 
106.709  7.72734 
162.996  7.10989 
-7.1769  7.40682 
85.5927  7.80982 
240.064  7.15987 
-35.9682  7.90855 
49.33  7.83084 
244.971  7.25296 
-5.35336  7.45578 
-20.0997  7.96234 
184.581  7.45667 
50.6518  8.04264 
-8.07823  8.2789 
178.264  7.63866 
-5.98793  7.72082 
-27.7616  8.5611 
205.961  7.92589 
-14.98  7.89516 
3.42735  8.29234 
158.131  7.451 
-34.0598  7.73787 
-103.48  9.14154 
153.535  7.53055 
6.45264  7.71827 
-34.7145  8.73375 
200.256  8.06575 
-14.3467  8.37905 
-18.5921  8.41551 
217.699  7.76862 
-49.7738  7.78643 
-75.6148  8.40875 
111.843  7.94789 
-58.6258  1.89909 
-95.4065  2.0506 
146.143  2.0415 
17.8743  1.83617 
-18.0283  1.99937 
45.0686  1.87028 
-20.6804  7.06039 
-39.4731  7.35578 
75.6266  7.34825 
35.0679  7.10223 
-73.8637  7.87355 
118.554  7.16046 
21.308  7.17704 
0.409117  7.96854 
99.7564  7.18497 
42.4055  6.93041 
-1.16529  7.11186 
97.5135  7.07506 
37.9893  7.15736 
-16.2184  7.20066 
39.6822  7.20157 
38.8252  6.70796 
-24.2682  7.14241 
105.964  6.88994 
22.1997  7.05691 
20.2037  7.21948 
121.854  6.97925 
32.3847  7.39794 
51.2046  6.69729 
161.31  7.0368 
1.80409  6.83119 
48.333  6.98821 
52.2602  6.63555 
43.0255  6.99236 
67.7441  6.95336 
78.9707  6.86508 
62.6855  7.09249 
56.6308  6.78885 
113.75  6.82647 
129.915  6.84079 
78.3886  6.81672 
44.1723  6.44348 
63.5295  6.97068 
104.608  7.03442 
105.236  6.73326 
12.1815  7.00635 
70.8246  7.03753 
81.5046  6.6209 
37.2004  6.98119 
103.605  7.17127 
84.8534  6.49451 
113.297  7.22753 
135.464  7.14418 
36.003  6.85068 
79.8331  7.09693 
89.2603  7.15441 
162.903  6.64371 
62.0232  7.95266 
128.276  7.0351 
179.5  7.01835 
-3.52548  7.60013 
73.7696  7.02966 
105.224  6.95308 
30.5904  7.57576 
89.4546  7.16972 
118.161  6.90276 
8.02125  7.43705 
88.9053  7.42114 
112.855  7.14785 
38.0127  7.79021 
80.0879  7.3825 
83.2392  7.1265 
-12.4572  1.93908 
32.7037  1.96495 
51.3808  1.85809 
-95.1024  2.07379 
-86.1546  1.87553 
-86.3175  1.97725 
-61.3682  7.85674 
-96.5741  7.9875 
-66.2753  7.92695 
-55.7203  7.90145 
-56.4036  8.07514 
-68.1768  7.74297 
-28.6508  7.41101 
-130.927  7.4893 
-20.63  8.21903 
-78.5655  7.49063 
-173.699  7.76317 
-0.893244  7.24736 
-61.5157  7.43791 
-58.2657  7.75982 
-41.3564  7.42952 
-77.3378  7.46708 
-84.2558  7.785 
15.2483  7.32261 
-55.7678  7.34747 
-88.6663  7.62606 
17.7255  7.93527 
-36.2438  7.28177 
-35.2782  7.74458 
1.76257  7.16223 
-60.7749  7.32356 
-93.7279  7.61797 
33.5768  7.35514 
-72.7612  7.61481 
-43.3306  7.73628 
13.3613  7.0901 
-38.555  7.27426 
-8.68218  8.00864 
-11.3577  7.07512 
-11.9309  7.40651 
-2.02851  6.97891 
-13.0917  7.1625 
-39.2863  7.44475 
-22.4009  7.37059 
22.3516  6.94122 
-11.8818  7.44883 
-84.6709  7.67476 
41.8307  6.80491 
-69.6083  7.70062 
-71.7628  7.74883 
46.0082  7.30458 
-98.6212  7.86217 
20.2727  7.72007 
19.5063  7.27726 
-42.261  7.53958 
29.3943  8.23885 
65.4013  7.72818 
-73.4645  7.88341 
2.72813  7.76843 
-7.30701  7.30541 
12.3553  7.8154 
8.56305  8.33907 
12.6511  7.74456 
-66.3834  8.17212 
-1.26562  7.52814 
-102.717  8.1195 
-67.0073  8.2463 
-109.692  8.12026 
2.74649  7.15272 
-43.801  8.10981 
9.87451  8.21492 
-35.92  7.8463 
-50.7374  2.00458 
-24.6879  1.92329 
-85.2991  1.85902 
-21.4315  1.83565 
88.8126  0.489424 
-155.006  1.92394 
-42.9236  8.24512 
104.986  7.66923 
-149.566  7.29485 
-76.916  7.83241 
75.9286  7.58647 
-50.5696  7.16991 
-70.3059  8.26306 
105.515  7.38356 
-130.437  7.45156 
-11.7201  7.73068 
84.1927  7.49721 
-129.636  7.56482 
23.7075  7.73475 
63.4257  7.29424 
-65.2544  7.36491 
-74.396  7.6828 
36.5105  7.69677 
-142.554  7.09348 
-69.0239  7.67042 
47.0966  7.34313 
-122.544  7.06414 
-72.2544  7.50472 
-7.4971  7.50563 
-107.525  7.17618 
-63.3857  7.59942 
66.0652  7.65837 
-144.856  7.06127 
-91.0674  7.51685 
17.8459  7.41155 
-163.984  6.86111 
-35.8468  7.42188 
21.416  7.31257 
-143.206  6.86008 
-121.149  7.386 
-46.5604  7.23263 
-109.444  7.04097 
-99.196  7.54779 
2.15522  7.34009 
-160.31  7.14012 
-103.304  7.38718 
1.57558  7.74095 
-159.772  7.2705 
-116.51  7.38976 
-77.4105  7.78026 
-150.108  7.019 
-131.747  7.33566 
-5.92241  7.49107 
-29.7182  6.88474 
-107.79  7.79112 
-86.8428  7.83405 
-104.742  7.11065 
-208.013  7.68014 
-79.0096  7.0817 
-109.462  7.25634 
-124.951  7.58121 
-135.879  7.95462 
-139.048  7.33628 
-107.886  7.83585 
-77.7343  7.48196 
-208.976  7.14467 
-213.281  7.61646 
-91.2489  8.06445 
-98.5534  7.44238 
-137.89  7.59677 
-108.058  7.84474 
-133.436  7.56099 
-100.315  1.95443 
-169.51  1.89095 
-154.672  1.95919 
