147.436  2.08346 
65.8478  1.98596 
-83.0448  2.0521 
152.436  8.25687 
63.9647  7.80651 
-110.065  7.38989 
157.785  8.53858 
103.156  7.98611 
-143.6  7.36177 
167.165  8.36263 
19.8334  8.14343 
-143.695  9.36378 
115.196  8.44242 
134.766  8.01778 
-104.835  7.53718 
112.288  8.20261 
110.196  8.07212 
-61.5346  7.47053 
113.107  7.89201 
3.90909  7.6666 
-101.315  7.32883 
109.621  7.99828 
70.0805  8.48662 
-154.008  7.92042 
95.0733  7.74393 
51.4264  7.76136 
-87.7923  7.10323 
108.298  7.86146 
44.864  7.81737 
-99.4305  7.54361 
116.727  7.76113 
51.8252  7.62704 
-113.674  7.1391 
15.267  7.40925 
29.1154  7.53857 
-153.26  7.05733 
102.801  7.59031 
74.64  7.67059 
-188.734  7.44032 
91.0412  7.45697 
64.4064  7.73953 
-175.575  7.67328 
57.05  7.51083 
20.104  7.78492 
-261.324  7.3425 
-18.3247  7.84476 
60.488  7.9511 
-228.934  9.89079 
-21.3997  7.48213 
72.6366  7.84598 
-255.686  7.68219 
19.9185  7.5193 
65.7412  7.51779 
-215.949  8.90964 
31.4432  8.05576 
51.4341  8.03097 
-215.119  8.03064 
-33.201  8.03437 
79.2826  7.66303 
-265.907  7.74218 
48.2464  7.96437 
90.5233  7.77571 
-264.552  10.7591 
-46.6885  8.19999 
27.1592  8.24572 
-212.756  8.34641 
-35.4199  8.26502 
82.4587  7.97412 
-184.856  8.16405 
-67.1445  2.00504 
91.2571  1.80922 
-209.198  2.07676 
1.76319  1.87915 
-134.259  1.89063 
7.9808  1.86862 
-48.4554  7.39256 
-122.47  7.72071 
-24.2346  7.32206 
8.47084  7.99887 
-162.451  8.49355 
-29.385  7.89184 
-2.66933  7.0066 
-122.229  7.88171 
-41.6764  7.82572 
28.5811  7.31046 
-65.6166  8.01569 
-1.6229  7.15337 
85.4426  7.11311 
-59.6043  7.62674 
-48.8047  7.22354 
41.4204  7.24913 
-93.4517  7.94056 
-29.5564  8.07862 
51.4259  6.93865 
-158.45  7.77722 
-3.49165  7.34146 
15.8094  7.17408 
-103.825  7.83425 
2.9696  7.10244 
-33.0639  7.33701 
-120.599  7.62769 
-34.9855  7.64856 
-8.25767  7.10521 
-87.1002  7.7161 
-4.4739  7.42746 
-29.9247  7.36735 
-67.4713  8.01119 
-12.8328  7.05016 
-52.477  7.44466 
1.51328  7.16508 
-24.9813  8.87069 
-30.8517  7.47785 
-79.7076  7.609 
-2.51417  6.92376 
-36.0121  7.80154 
-48.9207  7.63057 
27.1379  6.90509 
-134.156  7.80863 
-91.2054  7.78305 
-18.2889  9.06738 
-38.5108  7.82055 
-106.065  7.81188 
-50.6849  7.28087 
-19.2655  7.8444 
-53.867  7.85245 
-31.601  7.34369 
-70.3917  7.94213 
-23.5691  9.94486 
47.7658  7.88142 
-33.3406  7.74311 
-63.2619  7.78009 
-40.0836  7.32187 
-17.4969  8.20651 
-48.0969  7.92714 
18.6024  7.43972 
-96.834  8.61713 
-53.2272  7.92702 
-43.2082  7.3863 
-134.311  8.66543 
-67.1544  8.05942 
-104.126  9.61039 
-79.8639  2.22877 
-9.81404  1.88231 
-4.20715  2.02442 
3.18889  1.8985 
-76.1558  1.95779 
34.3245  1.85381 
-19.1848  7.78647 
-7.23287  7.68083 
33.3745  7.73909 
42.3998  7.78412 
14.3208  8.41874 
28.4793  7.9161 
10.1676  7.70935 
-6.06768  8.06553 
49.4329  7.81783 
36.7537  7.77725 
9.93499  7.80888 
19.6338  7.74407 
93.2062  7.68562 
22.955  7.80557 
20.1145  7.58564 
121.869  7.29749 
36.7536  7.68595 
73.1266  7.28438 
73.056  7.46837 
-44.1452  7.8371 
-19.6898  7.41985 
63.5005  7.46701 
-9.34113  8.17619 
21.6898  7.74047 
93.4796  7.31571 
-1.67937  7.26646 
-5.71655  7.20985 
74.9689  7.37811 
-43.2762  7.6691 
43.1045  7.13432 
69.532  7.41284 
-130.665  7.67763 
78.3368  7.22486 
91.8117  7.58514 
-68.7838  7.56088 
82.9504  7.15745 
33.8026  7.66423 
-47.328  7.61841 
20.753  7.03472 
114.861  7.75667 
-97.3698  7.91925 
45.2508  7.02643 
63.0054  7.70141 
-125.718  7.68008 
23.4553  7.34135 
67.8819  7.89082 
-139.547  7.81116 
-4.09581  7.30776 
85.2669  8.01792 
-113.911  7.9 
0.697848  6.76337 
61.8883  8.33171 
-89.6637  8.04341 
15.258  7.19087 
-5.51806  7.99103 
-93.4985  8.22753 
19.3805  7.49521 
111.158  8.10443 
-108.236  7.96198 
14.4234  7.81429 
151.627  8.4002 
-48.3855  8.09537 
-0.520471  7.06639 
68.5573  8.41754 
-23.3851  8.12732 
35.8897  7.59706 
109.758  2.16695 
-68.8714  1.94193 
27.9968  1.91507 
-54.5372  2.21227 
33.3272  2.12333 
-23.205  1.89883 
-55.7332  8.44962 
101.846  7.87193 
-19.447  7.55541 
-143.899  8.84514 
84.5258  8.08184 
-8.17336  7.74061 
-105.446  8.34229 
38.7979  7.6812 
19.0803  7.48329 
-91.3614  8.69831 
56.5042  8.01827 
-24.3121  7.82623 
-81.6245  8.48832 
7.90903  7.75287 
-68.3746  7.26839 
-191.551  8.5552 
65.2345  7.97126 
-62.2504  7.34093 
-114.264  8.15314 
2.61201  7.33377 
-55.9635  7.15979 
-161.301  8.21828 
15.5912  7.99086 
-6.06402  6.94758 
-132.18  8.31773 
35.9511  7.7876 
-11.5608  7.58716 
-124.077  8.29186 
92.3878  7.65396 
-23.8558  7.38588 
-153.929  8.16826 
137.933  7.36146 
-88.5012  7.22348 
-133.787  8.08204 
45.1375  7.33427 
-33.2424  7.56692 
-111.113  7.99175 
156.988  7.47031 
-33.1489  7.3944 
-122.995  7.67197 
116.013  7.24036 
-15.694  7.20727 
-108.306  8.03034 
52.874  7.50663 
-52.3203  7.27735 
-27.3458  7.86749 
1.53628  7.41584 
17.0578  7.58687 
-1.22726  7.60124 
68.6088  8.14104 
7.71145  7.50586 
-15.9892  8.28296 
46.5248  7.76763 
41.2711  7.88494 
25.1673  8.05492 
64.8323  7.67815 
8.36861  7.60969 
-82.0038  8.03233 
0.827924  7.74054 
-26.4266  8.12045 
7.53128  8.05418 
46.2039  8.56616 
-71.5126  7.89155 
-21.9683  8.27682 
42.7577  7.99064 
-77.8136  7.86571 
38.4321  1.904 
46.6902  2.20188 
-6.95724  1.88494 
-30.1429  1.92317 
156.346  1.84444 
19.818  1.90896 
39.1077  8.33707 
121.256  7.89576 
-11.8756  7.70342 
-13.8575  7.58887 
98.0774  7.49991 
9.2175  7.06473 
-29.0333  8.10314 
167.846  8.07392 
2.73803  7.44135 
-25.8548  7.93879 
157.892  7.95746 
-12.0532  7.75419 
-56.479  7.92625 
129.563  7.91032 
-28.3202  7.62198 
-48.8766  7.73722 
176.746  7.93212 
37.7888  7.39292 
-14.5649  7.71201 
113.989  7.76869 
-9.82988  7.3085 
-71.2002  7.68711 
150.746  7.61253 
36.8794  7.3447 
-8.55031  7.69841 
150.168  7.619 
77.0331  7.24647 
-130.391  7.91267 
133.586  7.5828 
20.346  6.96398 
-50.6366  7.66663 
156.611  7.68413 
53.1947  6.94529 
-85.0564  7.46003 
102.781  7.38825 
-1.85786  6.97439 
-76.5527  7.44579 
165.849  7.68104 
14.1961  7.74586 
-124.764  7.45697 
134.623  7.42281 
13.0804  7.04696 
-69.4615  7.69457 
144.276  7.54804 
-2.82286  7.0243 
-45.3276  7.62538 
110.379  7.58835 
21.1321  7.71658 
-94.5423  7.8882 
117.428  7.66371 
-2.18917  7.20487 
-85.9438  7.54231 
121.327  7.85521 
72.1536  7.97269 
-76.6975  7.8908 
57.7459  8.07232 
-19.9175  7.69931 
-114.894  7.73952 
23.7103  8.07785 
-74.3286  7.68151 
-103.248  7.91299 
77.3239  7.84141 
-66.9689  7.72196 
-172.338  8.01251 
65.0623  7.97883 
-48.4658  7.76047 
-135.931  1.91958 
24.7569  1.93249 
-133.958  1.9056 
-46.8806  1.99624 
-124.459  1.83322 
-102.142  1.91346 
-53.1336  7.55722 
-208  7.8775 
-86.7897  7.87701 
7.96569  7.18667 
-161.383  8.02646 
-53.7781  7.60631 
-48.7901  7.36803 
-213.679  7.84945 
-147.279  7.54213 
-54.579  7.29311 
-149.479  7.63187 
-40.2141  7.62093 
-83.893  7.3014 
-110.024  7.64314 
-59.7429  8.08336 
-75.8476  7.23954 
-209.267  7.69983 
3.50099  7.1249 
-33.2206  7.19103 
-196.421  7.67658 
-18.5055  7.2869 
-58.4294  6.98023 
-197.064  7.34417 
-11.3398  6.96505 
-64.1574  7.09392 
-86.4706  7.47463 
-45.2982  7.45981 
-86.2933  7.74969 
-120.576  7.36837 
-59.9643  7.32924 
-2.36342  7.10619 
-112.096  7.29599 
-33.0581  7.22786 
-63.7694  7.46425 
-147.657  7.38572 
16.9601  7.16027 
-28.3639  7.42232 
-99.6452  7.49583 
-73.2494  6.96822 
-84.2612  7.48607 
-107.39  7.53535 
-73.5902  7.06441 
-36.6762  7.59429 
-39.9536  7.46649 
-37.306  6.99199 
-97.202  7.6758 
-85.576  7.73326 
15.6446  7.68921 
-44.6309  7.52071 
-112.768  7.46206 
-4.54459  6.84147 
-112.707  7.61309 
-106.009  7.64648 
-15.437  7.21653 
-40.0207  7.86559 
-86.4824  7.82498 
-10.1989  7.69502 
-56.1524  7.40815 
-54.7394  7.44659 
5.92097  7.06057 
-107.259  7.9335 
-80.8392  7.7031 
-21.0232  7.86065 
-150.741  8.04986 
-72.3763  7.83996 
-0.386295  7.15636 
-178.722  2.10785 
-114.355  2.07031 
-45.8346  1.87985 
-63.9179  2.09832 
-133.825  1.93445 
6.4904  1.91353 
-158.907  8.20582 
-67.2192  8.26093 
-21.5142  7.8153 
-94.8924  8.1357 
-7.53684  7.87826 
10.2447  7.6964 
-77.194  7.90726 
-119.11  7.98872 
16.0432  7.81643 
-50.6158  7.82961 
-49.4716  7.98319 
18.5945  8.25658 
-102.368  7.83467 
-55.912  7.7948 
-3.97979  7.27528 
-44.3517  7.56522 
-75.2543  7.57871 
-26.5941  7.68395 
-83.5017  7.7129 
-17.2258  7.86857 
2.15648  7.19536 
-61.0101  7.81378 
-20.0771  7.38198 
59.5554  7.12121 
-3.70664  7.19547 
-14.4883  7.67024 
35.2755  7.48231 
-29.055  7.69559 
56.066  7.64719 
40.6003  7.30062 
-56.7973  7.68371 
-29.4984  8.00861 
48.9406  7.1943 
-95.4261  7.88578 
5.09165  7.47202 
81.3497  7.07948 
-66.8008  7.75958 
-4.43646  7.18655 
75.6984  6.96069 
-10.0206  7.70426 
20.1617  7.50195 
103.511  7.17415 
-34.6325  7.84896 
-27.2065  7.64126 
81.6826  6.97515 
24.3267  8.40703 
-29.8771  7.72851 
14.8978  7.40371 
2.65218  7.36225 
-28.1412  7.58714 
67.5425  6.85535 
24.4538  7.48722 
-24.5059  7.24835 
23.4352  6.84477 
-23.2201  8.35715 
14.2745  7.93463 
76.4821  7.41221 
-6.68251  7.44181 
-27.6023  7.93181 
24.3062  8.20018 
14.8906  8.17451 
6.66145  7.62939 
31.0258  7.40182 
44.6119  8.21476 
40.8461  7.8895 
24.8042  7.51884 
26.0589  1.94348 
22.9696  1.88203 
-9.69392  1.85945 
139.485  1.85996 
177.537  1.93324 
165.45  1.89345 
140.7  8.43909 
136.503  8.09927 
147.688  7.59797 
182.381  8.08207 
104.237  8.02278 
188.196  7.47505 
141.793  7.97037 
130.578  8.01359 
165.25  7.56184 
170.735  7.96895 
135.115  8.07191 
158.636  7.58809 
153.476  7.82772 
55.6284  7.90391 
242.976  7.4036 
100.922  7.98045 
80.5423  7.94555 
90.0645  7.42544 
106.959  7.60957 
67.1175  7.62697 
181.562  6.97387 
127.912  7.81761 
97.7523  7.79036 
195.85  7.29965 
118.574  7.86103 
57.8046  7.58014 
74.8698  7.23372 
41.5872  7.6814 
92.452  7.78018 
128.986  7.36797 
90.8265  7.66272 
23.7867  7.65758 
169.701  7.37787 
118.995  7.59611 
63.9882  7.58859 
59.3547  7.26521 
76.3378  7.63776 
-25.3956  7.89929 
103.988  7.46262 
45.9442  7.5724 
64.9738  7.68814 
91.7016  7.58039 
52.1981  7.26707 
84.2082  7.5456 
-3.83244  7.13487 
44.9746  7.61877 
64.349  7.74351 
71.5617  8.05791 
8.5027  7.71025 
-7.91548  7.7505 
87.417  7.57385 
57.5619  7.80477 
88.864  8.00975 
20.6634  7.65024 
8.91743  7.82391 
62.3885  8.00967 
40.596  7.64669 
-1.03073  7.93646 
-16.4866  8.06814 
29.2665  7.80943 
-42.5204  8.40586 
41.8734  7.94657 
38.0801  7.77384 
-52.1661  8.08341 
47.7701  8.14654 
54.7384  8.03801 
-45.2769  1.90198 
37.4738  1.90557 
-15.1945  2.1654 
-43.4144  1.86088 
-99.5408  1.86752 
-66.5603  2.00218 
39.8254  7.29134 
-166.932  7.23815 
-13.8566  6.9763 
91.4513  7.11193 
-108.548  7.33527 
10.2901  6.58864 
44.6907  7.17364 
-139.489  7.63651 
-45.6022  6.81339 
95.8334  7.41244 
-127.524  7.35478 
-114.063  6.76766 
0.491383  6.81647 
-141.316  7.26284 
-73.7911  6.6067 
41.8494  6.98952 
-163.562  7.31219 
-74.8514  6.66109 
35.7152  6.94789 
-128.037  7.43612 
-64.2743  6.58241 
92.4003  6.82578 
-124.881  7.0627 
-60.2668  6.19243 
-49.1803  7.03102 
-46.4198  7.05292 
-69.7778  6.35257 
24.4139  6.92263 
-79.6471  7.10543 
-81.4687  6.65752 
7.18004  6.67101 
-69.0947  7.03655 
-44.2731  6.68002 
49.9607  6.9391 
-60.7791  6.73058 
-34.9734  6.644 
41.7308  6.63894 
-118.85  6.88045 
-90.6601  6.59605 
92.3297  6.81242 
-103.96  6.8662 
-39.9347  6.67226 
8.90174  6.71502 
-105.997  7.1177 
-66.2451  6.82444 
52.4274  6.78572 
-99.1679  7.17531 
-36.2936  6.9342 
52.5053  6.98375 
-96.6371  7.15346 
20.8156  6.96842 
60.4373  6.98918 
-90.2118  7.1467 
-106.033  6.89655 
5.85445  6.68375 
-63.7509  6.98098 
-9.35883  6.87649 
49.2232  7.22677 
-75.6325  7.23685 
-118.913  7.06929 
29.2776  7.17681 
11.5925  7.23848 
-77.8153  7.25855 
48.5738  7.42042 
-83.9328  7.41202 
-37.3239  7.29208 
94.5261  2.17197 
-73.9836  1.96991 
-21.8975  1.84599 
-136.971  1.99414 
-208.911  2.2088 
-79.8066  2.1546 
-121.827  7.28208 
-182.652  7.07366 
-120.061  6.79102 
-86.9682  7.39419 
-135.635  6.99099 
-182.364  6.91936 
-65.0207  7.13403 
-173.271  7.05194 
-137.303  6.92183 
-91.9418  7.11787 
-152.049  6.85485 
-96.1817  6.83398 
-42.2257  6.83678 
-194.065  6.80605 
-121.957  6.46155 
-98.5023  6.85491 
-165.72  6.94323 
-138.925  6.66853 
-102.791  6.86934 
-71.9347  6.58252 
-87.3388  6.46173 
-86.3153  6.60072 
-91.5025  6.40736 
-95.0864  6.22367 
-91.0053  6.70494 
-43.7747  6.35918 
-185.098  6.592 
-61.2946  6.60474 
-109.626  6.46621 
-187.253  6.48815 
-87.103  6.94485 
-40.185  6.34083 
-126.435  6.47697 
-181.592  6.71269 
-14.9579  6.50988 
-151.714  6.62326 
-101.95  6.87579 
-76.2322  6.4943 
-125.073  6.33799 
-108.992  6.61296 
-110.837  6.37051 
-219.91  6.38646 
-142.268  6.98462 
12.3351  6.63633 
-199.088  6.51282 
-131.995  6.908 
-49.1459  6.6335 
-221.411  6.47228 
-159.819  7.24047 
-21.9264  6.59 
-160.805  6.55452 
-209.257  7.1269 
-116.336  6.79368 
-176.462  6.60582 
-164.705  7.03797 
-108.006  6.74655 
-179.932  6.41009 
-68.1556  7.26988 
-97.9891  7.0387 
-245.149  6.67803 
-122.47  7.18058 
-104.333  6.87933 
-121.04  6.66701 
-179.526  7.40563 
-36.0368  7.07068 
-149.29  6.95004 
-133.137  1.85603 
-123.686  1.8628 
-202.15  1.90709 
218.088  2.13927 
-9.22174  1.87476 
-41.7174  1.94137 
253.711  7.07575 
-126.373  6.95633 
-38.995  6.50403 
220.511  7.4404 
-12.5642  7.40532 
-30.8567  6.95528 
180.262  7.07757 
41.2941  6.57637 
10.6829  6.29454 
127.1  7.27526 
26.5685  6.89681 
48.3776  6.74264 
210.607  7.0966 
-73.7747  6.69598 
27.5044  6.25161 
127.646  7.18808 
32.9448  6.90292 
30.0911  6.77196 
61.1643  7.07522 
36.3246  6.57851 
-14.9166  6.52993 
100.329  7.09199 
13.8976  6.88169 
32.3434  6.61724 
58.4138  6.86555 
47.6622  6.53129 
-23.2014  6.10025 
73.7493  7.13593 
25.5307  6.55787 
-5.06135  6.28515 
-12.5872  7.25049 
32.752  6.53029 
53.9027  6.46145 
25.0528  7.19965 
71.8866  6.59882 
-21.0554  6.52433 
41.1203  7.17392 
82.1097  6.64561 
67.0894  6.2249 
33.8851  7.32818 
45.4788  6.767 
-46.8068  6.52746 
-59.5579  7.13921 
30.9667  6.47718 
54.7974  6.11771 
-104.193  7.62456 
138.485  6.75966 
71.8799  6.35733 
-85.0177  7.43742 
92.3567  6.55169 
-1.85121  6.11495 
-145.015  7.79009 
80.396  6.86886 
-8.14677  6.66036 
-214.381  7.4602 
-40.0365  6.6634 
85.9504  6.49019 
-114.137  7.86847 
35.7557  6.91853 
-29.0147  6.45908 
-214.772  7.52672 
12.8921  6.74773 
10.6988  6.40557 
-206.914  7.42582 
-32.1719  6.59364 
40.9947  6.2509 
-167.308  1.89083 
-0.0876662  1.99374 
8.77224  2.02544 
-5.64131  1.91174 
-155.504  2.01306 
-69.0936  1.92931 
-15.9174  7.12848 
-180.045  7.17249 
-23.469  6.91099 
-17.752  7.09059 
-124.209  7.29561 
5.31505  6.70045 
-86.8034  6.86204 
-125.046  6.8394 
56.1081  6.95363 
30.987  7.03016 
-128.543  6.91337 
0.191549  6.73428 
-70.8642  6.63581 
-136.358  6.65199 
-4.36395  6.18501 
-90.411  7.48994 
-195.492  6.74177 
16.492  6.70399 
2.24303  7.07267 
-144.438  6.73129 
4.06468  7.0504 
-67.6187  6.91561 
-202.689  6.90481 
1.53631  6.94055 
-49.2861  6.9046 
-147.254  6.88615 
-1.37804  6.37819 
-57.7475  7.07403 
-219.632  6.76199 
32.756  6.31893 
-4.93704  6.7918 
-181.546  6.61099 
59.9874  6.44391 
-30.5026  6.91428 
-161.671  6.65793 
58.9336  6.33294 
-50.456  6.65223 
-173.703  6.63482 
93.6835  6.44647 
43.3328  6.64049 
-173.415  6.54921 
82.3576  6.41023 
26.5136  6.58407 
-235.25  6.57174 
57.5137  6.42984 
-47.671  6.79385 
-175.287  6.749 
45.7286  6.47627 
-51.309  6.69149 
-143.511  6.71347 
62.3811  6.58266 
29.9084  7.00616 
-169.132  6.988 
99.9122  6.78146 
20.3982  7.06373 
-64.5979  6.96291 
71.2319  6.74194 
88.4479  7.4863 
-125.423  6.77396 
117.194  6.64218 
3.73678  7.12616 
-109.686  6.84943 
39.1621  6.83069 
88.2029  7.25056 
-83.2281  7.00978 
44.9882  6.85837 
69.4653  2.05206 
-68.9393  1.8779 
24.7717  1.9732 
-17.8792  2.19066 
-74.7492  1.90664 
102.684  2.04785 
9.02429  7.4909 
-48.0544  7.18569 
57.4182  6.75808 
66.4975  7.55698 
-11.5481  7.08309 
162.578  6.69915 
45.4121  7.30469 
-44.6527  7.0133 
151.772  6.55336 
-18.0071  7.5887 
6.17747  6.67094 
81.9055  6.58849 
24.9067  7.22043 
-50.4091  7.417 
127.306  6.6879 
-24.9347  7.20657 
17.0833  6.98817 
59.5129  6.58219 
-10.5545  7.16296 
-87.9738  6.80747 
75.1925  6.59347 
14.7149  7.26851 
53.6572  6.7891 
184.721  6.4341 
2.19837  6.84503 
3.69841  6.52757 
79.4629  6.49787 
11.2467  7.341 
-50.7817  7.12268 
115.189  6.4313 
-23.0825  6.76151 
-1.52329  6.56417 
98.7297  6.52009 
-15.6751  7.05853 
-18.5278  7.31068 
30.5269  6.72359 
-44.8406  6.8896 
-63.9446  6.72016 
116.46  6.75786 
-38.0279  6.8926 
51.4613  6.96586 
80.0701  6.67764 
-67.327  6.89249 
-19.9022  7.00468 
69.159  6.71058 
-25.9021  7.11804 
8.81884  6.87589 
117.523  6.74643 
-27.5597  7.12001 
13.1452  7.20184 
149.578  6.82417 
-140.31  7.23938 
-67.3459  7.0983 
139.834  6.78975 
-104.703  7.22955 
-43.4478  7.2634 
188.42  6.87603 
-162.704  7.27377 
35.4567  6.9943 
134.545  6.99845 
-101.444  7.44603 
-54.7326  7.14203 
58.3187  7.05373 
-115.382  7.45695 
-4.76966  6.92659 
54.2187  6.92506 
-119.253  1.8639 
-51.3233  2.03262 
109.219  1.91758 
-40.3774  1.8329 
-301.965  1.98019 
36.0307  1.89302 
-77.112  6.92839 
-231.238  7.70024 
-34.3474  7.19428 
-81.4206  7.00641 
-261.355  7.32833 
40.1553  6.93369 
-32.8999  7.58756 
-207.115  7.15453 
45.2935  6.83983 
-0.556656  6.57217 
-209.204  7.35464 
-19.5871  6.78266 
24.1804  6.53833 
-161.218  7.18671 
-24.2578  7.33569 
22.145  6.67741 
-180.082  7.12638 
1.86483  6.65587 
-138.109  6.67898 
-157.717  7.07897 
24.5478  6.50078 
-35.9654  6.67075 
-118.762  6.91643 
17.6373  7.11678 
-12.6788  6.49229 
-186.44  7.01611 
-4.29989  6.47385 
-40.9488  6.3483 
-132.21  6.79859 
-20.3079  6.53374 
-23.7805  6.4283 
-182.722  6.79513 
-24.6959  6.47404 
-40.7515  6.68291 
-114.247  6.68675 
-18.1564  6.54369 
-9.66805  6.66263 
-116.254  6.78376 
-71.3755  6.33799 
-30.5426  6.70883 
-66.4073  6.62803 
-38.1772  6.33324 
52.1285  6.73552 
-46.0125  6.57305 
-79.6743  6.72733 
-12.5407  6.76574 
-42.9111  6.73663 
-92.9661  6.55895 
25.0154  6.87417 
10.2107  6.93653 
-56.2293  6.41904 
8.3489  6.84822 
-66.1759  6.82208 
-122.512  6.5753 
-27.6821  6.91997 
13.3338  6.92972 
-44.4615  6.57799 
-15.653  6.95894 
31.7573  6.842 
-94.4228  6.60827 
-16.6121  7.0879 
82.7383  6.77206 
-88.2925  6.62361 
14.062  7.20995 
42.4384  6.91195 
-83.3867  6.80318 
-36.0544  1.75283 
-14.5401  1.93066 
-98.2052  2.09547 
-18.5839  1.94123 
-119.285  1.90576 
-60.3155  1.82611 
-65.3875  7.16267 
-35.053  7.32596 
-59.155  6.99616 
-8.19744  6.76487 
-76.0774  7.29677 
-85.6486  7.23181 
30.6069  6.87523 
-82.4377  7.28918 
-68.1594  7.03043 
50.1685  6.80868 
-29.7521  7.06952 
-61.7879  6.95475 
31.7465  6.66761 
-34.2355  6.99852 
-94.5094  6.68497 
10.2204  6.62973 
16.2359  7.24478 
-31.5895  6.90081 
73.8891  6.62941 
-10.4921  7.03836 
9.80123  6.71379 
71.2293  6.60244 
70.21  7.11677 
-29.8121  6.95211 
30.1004  6.57126 
-9.11641  6.82242 
-8.42504  6.52653 
78.1764  6.66488 
-31.2652  7.0511 
31.4893  6.59123 
54.8436  6.64346 
-44.3055  6.79265 
-53.2617  6.50355 
35.66  6.57254 
-88.7184  6.68767 
-15.236  6.63258 
111.413  6.67444 
-80.4375  7.05615 
80.9576  6.32278 
41.035  6.83183 
4.10322  7.16239 
55.1338  6.33675 
56.2069  6.79076 
1.76837  6.66707 
100.391  6.22416 
35.0589  6.8913 
-48.2079  6.93367 
57.8937  6.27197 
103.349  7.31368 
8.85826  6.78762 
89.3577  6.35251 
3.22391  7.20246 
13.5689  6.97489 
21.6517  6.52862 
5.95994  6.89543 
74.2636  7.03973 
21.2104  6.3975 
25.6943  7.17416 
7.90705  7.03856 
45.4729  6.73949 
85.4064  7.10466 
41.5226  7.06486 
-11.8168  6.80751 
140.71  7.12086 
45.7256  7.15624 
-12.9604  7.00294 
75.0497  1.956 
-10.7576  2.05807 
0.300718  2.00596 
-123.987  2.00393 
-168.35  1.8983 
-54.3136  1.94191 
-180.965  7.33509 
-106.458  6.93028 
-60.644  6.56168 
-154.954  7.23605 
-129.073  6.84205 
-2.53244  6.37641 
-129.979  7.22988 
-157.242  7.07103 
-9.16515  6.86321 
-107.012  7.2606 
-56.5647  6.53682 
-58.3953  6.44136 
-185.761  7.11743 
-105.847  6.69092 
-31.682  6.64893 
-127.028  7.07685 
-117.162  6.61076 
8.3164  6.19788 
-163.434  7.44232 
-86.2616  6.53343 
-41.2614  6.45961 
-152.018  6.86192 
-108.115  6.49844 
-56.6715  6.21848 
-119.559  6.6857 
-165.099  6.3917 
-34.7079  6.2822 
-148.5  6.87286 
-102.723  6.37734 
-108.873  6.40353 
-203.138  6.85539 
-85.1162  6.52035 
-26.9749  6.34597 
-183.584  6.78604 
-163.469  6.68236 
-87.7978  6.56917 
-251.978  7.02938 
-117.334  6.58802 
-124.454  6.68238 
-160.603  6.98783 
-165.524  6.7552 
-91.3962  6.87478 
-219.43  6.79327 
-202.566  6.64478 
-114.81  6.67548 
-224.373  6.93429 
-178.788  6.7804 
-111.868  6.81144 
-220.221  6.98351 
-164.216  6.95789 
-62.8121  6.78351 
-192.509  7.03804 
-135.056  6.98269 
-200.592  7.05633 
-213.719  7.0619 
-163.722  7.09406 
-78.4326  6.95914 
-259.681  7.09235 
-200.078  6.95874 
-147.155  6.94543 
-168.379  7.26099 
-176.238  7.03033 
-132.85  7.08482 
-275.773  7.17902 
-173.595  7.06798 
-184.072  7.161 
-276.557  1.84193 
-196.247  1.84033 
-187.064  2.00232 
14.9657  2.32299 
-202.388  1.96135 
186.491  1.90866 
23.3512  8.37256 
-137.598  7.72748 
115.022  7.43958 
101.126  8.14168 
-130.101  7.52849 
210.409  7.10834 
100.138  8.04146 
-136.13  7.68729 
191.476  6.9951 
76.5691  7.96571 
-123.249  7.54348 
191.927  7.09345 
48.1028  7.49925 
-203.06  7.41478 
157.101  6.90079 
95.0076  7.71053 
-199.949  7.35449 
128.116  6.76076 
111.298  7.64468 
-148.256  7.55729 
131.043  7.1827 
63.2172  7.14347 
-231.178  7.19055 
149.329  6.79988 
80.07  7.49576 
-246.525  7.32528 
180.384  6.90813 
113.135  7.28732 
-183.13  7.19674 
160.924  6.83641 
77.3176  7.27539 
-152.525  7.35275 
120.419  6.98118 
120.911  7.14522 
-177.675  7.09458 
113.71  7.05467 
98.6073  7.33142 
-138.064  7.08032 
65.0893  6.81694 
88.4562  7.17701 
-188.955  7.07936 
95.7904  7.10745 
72.6188  6.96995 
-164.446  7.14924 
78.7517  6.89626 
58.87  7.10484 
-198.146  7.21579 
127.863  6.9136 
104.546  7.32032 
-130.514  7.39862 
62.1036  7.3603 
67.4746  7.2611 
-179.035  7.54519 
60.7068  7.31422 
-18.9872  7.45337 
-149.403  7.34905 
89.3671  7.36364 
96.7019  7.57274 
-207.642  7.6624 
32.0333  7.54007 
113.257  7.56226 
-142.649  7.51601 
27.8614  7.57968 
10.3808  7.49185 
-180.101  7.7196 
46.1277  7.93115 
43.2299  1.90895 
-163.261  2.11443 
46.7315  2.31267 
42.6823  2.04284 
-32.0118  2.1587 
12.8045  1.95266 
79.4585  7.58056 
-48.7209  7.50778 
-38.9981  7.72541 
22.1045  7.52814 
-73.4918  7.34263 
-53.8454  7.60582 
21.1861  7.51925 
-36.7549  7.4455 
-12.3113  7.52761 
30.9518  7.41918 
-48.0818  7.14796 
-9.96536  7.33372 
74.723  7.44348 
-88.1206  7.3986 
8.64302  7.2131 
90.4428  7.35774 
-19.7904  7.19524 
16.5132  7.21988 
103.089  7.08197 
-42.739  7.02733 
33.4372  7.03158 
94.4326  7.15414 
16.8181  6.93216 
49.7587  6.95237 
106.344  7.07452 
-76.0773  7.0476 
43.5215  7.09707 
107.696  7.13902 
-23.4221  6.80778 
62.3842  6.83526 
88.5571  7.17874 
-56.9301  6.94695 
102.732  6.78817 
79.4527  7.36629 
-13.3528  6.81722 
57.1216  6.79369 
122.858  7.47955 
-16.3445  7.05478 
84.5295  6.83309 
69.7461  7.49858 
-13.2749  7.0674 
79.3861  6.80447 
112.192  7.61509 
-50.3925  7.02075 
140.134  6.97033 
61.6943  7.79065 
-47.3871  7.73082 
92.5521  7.07552 
42.453  7.72191 
24.9745  7.29973 
101.138  7.1147 
99.0507  7.87329 
-35.1852  7.52793 
138.73  7.19238 
84.4306  8.09056 
-30.9602  7.55214 
91.7787  7.34589 
97.8808  8.25428 
-59.9782  7.65943 
94.6339  7.3731 
134.932  8.25747 
8.38611  7.32521 
63.2187  7.608 
122.902  8.23289 
-43.5915  7.50795 
131.6  7.36387 
42.2617  2.18163 
-47.2815  2.0352 
107.49  1.92625 
-174.284  1.89017 
-48.4981  2.20874 
-117.358  2.07421 
-38.9527  7.59062 
-60.4458  7.79783 
-130.684  7.51096 
-98.412  7.67232 
-73.9228  7.83847 
-75.5466  7.44853 
-82.5171  7.62506 
-30.4427  7.69974 
-107.182  7.45897 
-90.7291  7.47507 
-20.7364  7.50449 
-51.5912  7.26758 
-92.5898  7.56488 
-44.3193  7.59837 
-98.3486  7.42496 
-25.7251  7.54243 
-54.222  7.44411 
-86.5735  7.13211 
-113.121  7.42831 
-13.8998  7.52614 
-52.9619  7.09381 
-58.8853  7.34272 
-30.3623  7.40714 
-43.3191  7.00045 
-49.9016  7.10722 
18.8611  7.15528 
-75.053  6.8179 
-26.0801  7.45688 
78.8707  7.14983 
-86.425  6.90198 
-65.3371  7.6282 
37.3152  7.31072 
-85.4634  7.15143 
-47.2414  8.10836 
-77.021  7.22683 
-133.417  7.10622 
0.226948  7.28696 
-32.4076  7.73577 
-99.3245  7.01639 
-27.6572  8.05864 
4.63455  7.22129 
-120.761  6.6452 
3.21861  7.70746 
7.4724  7.23732 
-36.1184  6.91726 
8.29249  8.24588 
-12.3306  7.52854 
-52.6921  6.96712 
-3.02428  8.264 
-54.9605  7.54349 
-14.2091  6.96476 
1.56681  7.70083 
-97.0732  7.58859 
-146.813  7.08696 
-25.9326  8.25869 
36.6006  8.22661 
-53.2096  7.24768 
-40.3692  8.2031 
3.11406  7.49478 
-50.3617  7.40039 
-47.261  8.72801 
-25.887  7.57113 
-61.4532  7.10525 
-2.24652  8.26271 
12.8805  7.97332 
-28.0457  7.37765 
-18.5906  2.3093 
-1.31421  2.03098 
-79.7732  2.12057 
96.5933  2.30546 
47.8676  2.11447 
134.22  1.95952 
64.8887  8.43353 
109.976  7.72185 
99.1258  7.49649 
69.6618  8.25288 
144.745  7.45369 
118.573  7.09522 
121.026  8.12221 
147.877  7.55728 
74.3951  7.18894 
62.8627  8.15427 
136.137  7.61179 
138.085  7.14801 
28.7117  7.99358 
135.54  7.56983 
92.6246  7.12086 
86.9793  7.75543 
216.651  7.33574 
150.518  6.987 
95.5741  7.85483 
178.591  7.34691 
141.75  6.84085 
44.7866  7.58347 
180.078  7.15147 
99.057  6.7436 
103.316  7.4582 
122.94  7.13802 
214.974  6.33923 
94.7733  7.2771 
125.996  7.06301 
90.8245  6.48738 
134.34  7.29562 
182.735  7.16099 
110.566  6.61458 
120.604  7.36992 
228.748  7.09942 
151.079  6.54892 
99.7141  7.25432 
120.275  7.08525 
100.526  6.74205 
121.864  7.08539 
182.554  7.21623 
102.647  6.78402 
116.941  7.3004 
66.6041  7.36052 
126.065  7.03051 
104.841  7.18093 
162.273  7.4974 
105.802  7.14161 
97.9186  7.28376 
150.286  7.47321 
38.1817  7.14171 
82.2363  7.26143 
84.3338  7.53286 
100.198  7.10299 
54.6883  7.37485 
130.158  7.48927 
87.1554  7.0589 
79.3263  7.37425 
98.0076  7.6815 
111.729  7.10755 
99.2567  7.5754 
16.3814  7.77291 
62.0576  7.43234 
102.314  7.67598 
60.4476  7.84141 
96.8228  7.62877 
75.6735  1.93517 
29.8372  2.16071 
49.5992  1.9893 
157.473  2.1264 
297.349  1.88691 
60.8826  1.94445 
123.266  9.05798 
251.165  8.54571 
99.0145  7.82323 
107.434  9.09685 
303.027  8.52858 
73.0784  7.88025 
135.954  8.75279 
247.626  8.26329 
66.8454  7.68453 
27.8805  8.9507 
278.307  8.59168 
139.922  7.89928 
39.4484  8.60288 
159.394  7.90169 
109.647  7.44153 
86.5119  8.48557 
173.433  8.23005 
158.331  6.98458 
92.9977  8.30371 
188.713  8.17923 
132.197  7.18303 
100.319  8.30465 
248.399  8.33059 
209.113  7.27413 
111.554  8.24565 
152.981  8.02301 
208.576  7.15554 
133.463  8.04788 
138.52  8.09958 
245.037  6.91243 
65.2571  8.03096 
148.267  7.99429 
235.934  7.1392 
112.784  7.98767 
49.7219  7.91331 
250.908  7.11811 
139.01  7.64949 
58.9075  8.02412 
257.413  7.21428 
48.355  7.81888 
19.3558  8.32153 
206.179  7.38647 
114.237  7.9169 
35.0987  8.18486 
218.49  7.42713 
96.6735  7.67615 
22.9497  8.45084 
292.986  7.37997 
178.953  7.8647 
46.5499  8.24066 
206.351  7.45258 
98.7804  7.91203 
45.3034  8.53874 
221.573  7.50831 
132.394  8.07492 
-11.7388  8.49899 
257.421  7.68501 
110.666  8.42199 
13.7653  8.79431 
247.502  7.82814 
119.234  8.25099 
-62.0517  9.00446 
223.867  7.77801 
86.8188  8.27302 
-64.1347  8.95619 
233.104  7.76062 
12.703  1.99447 
-85.2252  1.89898 
183.491  1.98381 
2.32758  1.81064 
-84.5317  1.93756 
-48.9972  2.16137 
15.7307  7.91088 
-70.2095  8.1587 
-4.70593  8.21607 
8.90646  7.80388 
-51.2639  7.8009 
-6.449  8.19233 
-51.1676  7.4873 
-20.3198  7.99472 
3.72219  8.14703 
86.0208  7.65409 
-10.5614  7.74834 
-0.314142  7.69532 
10.7758  7.27784 
-74.3668  7.99099 
8.49674  7.68656 
75.8291  7.45076 
3.52784  7.57373 
-1.7666  7.51327 
43.7199  7.466 
52.5847  7.57396 
-36.5821  7.60471 
83.6072  7.37202 
45.7721  7.62465 
39.6822  7.35785 
138.148  7.18504 
53.3853  7.29963 
22.8029  7.14364 
136.281  7.15007 
41.1105  7.28421 
113.765  7.07273 
98.9088  7.4952 
12.1059  7.15151 
27.323  7.07783 
92.4888  7.52838 
22.4235  7.43205 
17.7988  7.13555 
102.776  7.54521 
82.7496  7.33747 
-26.2775  7.09228 
70.801  7.6455 
21.2515  7.56784 
79.8082  7.12387 
75.9764  7.83675 
56.2064  7.53616 
36.2278  7.15229 
131.837  7.88351 
81.5929  7.66491 
-21.1438  7.3887 
129.765  7.768 
21.6839  7.7502 
107.79  7.38868 
92.9939  7.94705 
35.6362  7.75395 
130.742  7.20004 
114.036  8.08239 
27.6681  7.9319 
55.8104  7.36372 
87.8517  8.1996 
105.374  7.73073 
16.6452  7.3608 
94.7899  9.69326 
58.7999  7.86549 
51.9442  7.58551 
41.705  8.44464 
85.5892  8.04387 
37.7135  7.66697 
103.447  2.0324 
71.0119  1.98174 
45.3104  1.91808 
-15.9354  2.11892 
45.7584  2.0031 
-143.546  2.06171 
35.1754  7.87461 
107.667  7.67638 
-114.96  7.9998 
-21.8549  8.08025 
167.495  7.66029 
-53.056  8.15993 
-29.7475  8.0678 
85.0834  7.63326 
-10.4773  7.82497 
87.8651  7.84633 
113.638  7.49678 
-11.6911  7.77453 
29.9066  7.72558 
96.4133  7.43691 
-44.4865  7.60959 
15.54  7.74193 
106.421  7.40703 
-46.6064  7.52389 
77.1906  7.62471 
112.606  7.35932 
20.2308  7.552 
44.9391  7.5784 
107.208  7.49424 
-9.80925  7.41109 
-25.902  7.61495 
121.753  7.11305 
42.9211  7.15715 
-34.2957  7.91316 
112.042  7.66612 
25.1138  7.24603 
7.71229  7.4461 
72.0086  7.59116 
12.1638  7.05965 
50.7992  7.67617 
5.80858  7.56464 
34.2038  7.11137 
49.5292  7.77213 
2.93341  6.96666 
-48.341  6.98155 
135.471  7.85275 
12.9916  7.38493 
11.2486  7.28468 
90.6757  8.08932 
42.1635  7.57563 
19.8385  7.348 
88.7866  8.99018 
-27.4851  7.90461 
13.4585  7.31188 
113.525  8.31003 
-66.3206  7.69668 
42.1611  7.34178 
123.088  8.46691 
-84.9403  7.91251 
11.0868  7.64533 
62.995  8.6414 
-58.8952  8.07779 
7.01353  7.14462 
53.2275  8.42465 
-57.9512  8.12606 
-18.3732  7.42379 
176.239  8.43825 
-126.582  7.89061 
-34.7547  7.54591 
199.676  8.678 
-107.101  8.27838 
-48.6971  7.79982 
186.765  2.04322 
-139.518  1.9988 
-91.6077  1.96289 
-67.3913  2.07715 
92.6789  2.05179 
-36.9946  1.9083 
-54.3327  8.27067 
65.6705  7.7496 
-9.45418  7.16592 
-17.2526  8.30525 
73.6335  7.83983 
-31.0861  7.73114 
-66.0396  8.10257 
72.4681  7.59559 
-7.39004  7.11827 
-129.765  8.20893 
92.5405  7.65665 
-74.388  7.46959 
-31.7398  8.12942 
90.311  7.49343 
-118.404  7.15591 
-101.965  8.08559 
134.596  7.34978 
-92.5739  7.32613 
-90.1834  7.91724 
63.0509  7.35843 
-42.7916  7.10584 
-117.493  7.63619 
49.312  7.38018 
-180.648  7.10595 
-92.6495  7.85018 
-21.0738  7.32195 
-141.516  7.13719 
-97.6355  7.75697 
12.8256  7.28527 
-19.9712  6.87726 
-62.7628  7.63118 
24.3618  7.05348 
-81.1046  6.93052 
-135.424  7.60815 
-57.486  7.29725 
-111.711  7.15005 
-180.954  7.63295 
-5.83483  7.20339 
-81.3806  7.23067 
-214.551  7.17477 
-33.2574  7.73083 
-108.451  6.98171 
-134.647  7.47235 
-45.0116  7.4651 
-119.618  7.39738 
-130.9  7.64359 
-109.622  7.48252 
-160.096  7.49458 
-85.2579  7.80359 
-41.5025  7.58427 
-100.101  7.5519 
-94.8529  7.7061 
-34.8722  7.71089 
-68.6128  7.40632 
-159.997  7.86671 
-25.6193  7.8805 
-123.931  7.58976 
-179.132  7.78368 
-134.193  8.08709 
-39.706  8.01049 
-207.327  7.96918 
-107.406  8.10937 
-171.322  7.81507 
-236  7.91875 
-101.793  7.97486 
-117.434  7.59604 
-230.455  2.01544 
-86.4491  1.99837 
-145.226  2.07797 
9.58072  1.88531 
225.504  2.01988 
241.747  1.88982 
38.6854  2.27764 
259.259  8.3335 
219.757  7.70662 
-40.4552  8.46204 
269.371  8.14629 
187.029  7.67206 
23.0818  8.32601 
217.211  7.95115 
169.71  7.56829 
-14.8744  8.32222 
289.299  8.10674 
204.946  7.59605 
7.32932  8.07654 
150.456  7.91294 
201.306  7.40837 
-43.9729  8.2321 
221.152  7.81969 
176.563  7.31433 
-85.6007  8.08805 
191.109  8.06058 
193.059  7.47667 
-104.658  8.01432 
136.979  8.00338 
236.167  7.30808 
14.3051  7.94299 
93.9479  7.96335 
221.31  7.25738 
0.146423  7.53614 
110.423  7.95188 
184.006  7.20449 
-78.8656  8.39219 
28.0631  7.82712 
218.951  7.37972 
-23.9525  7.63367 
106.992  7.87592 
163.619  7.22445 
-6.7939  7.57865 
85.8989  7.8899 
240.443  7.2854 
-35.4238  7.9399 
49.5745  7.88305 
244.914  7.28233 
-4.73344  7.47724 
-19.8344  7.91902 
184.822  7.51632 
51.0131  8.14466 
-7.99362  8.12702 
178.456  7.75126 
-5.47337  7.61551 
-27.4378  8.55811 
206.488  7.75532 
-14.884  8.16076 
3.75297  8.29722 
158.696  7.59298 
-33.7866  7.74054 
-102.893  8.99091 
154.27  7.6003 
6.90912  7.81989 
-34.2662  8.47406 
200.521  7.98261 
-13.8105  8.34804 
-18.0676  8.46402 
217.963  7.96835 
-49.2769  8.05751 
-74.816  8.5184 
112.378  8.0527 
-58.4515  1.89824 
-94.9261  1.99327 
146.221  2.05111 
17.787  1.90551 
-18.0003  1.9925 
45.0004  1.87243 
-20.5449  7.63178 
-39.1138  7.87177 
75.6844  7.7042 
35.4163  7.58768 
-73.6622  8.20415 
118.807  7.52885 
21.4805  7.43668 
0.611168  8.2065 
100.061  7.68938 
42.4897  7.23657 
-0.825955  7.43753 
97.4471  7.38969 
37.7344  7.41048 
-15.7827  7.4596 
39.6578  7.39447 
38.7707  7.14137 
-24.3334  7.41055 
106.146  7.25245 
22.1034  7.27855 
20.2901  7.38512 
121.884  7.25617 
32.7619  7.70855 
51.417  7.31745 
161.474  7.27386 
1.49542  7.06974 
48.5216  7.21228 
52.2986  7.03995 
42.9342  7.17274 
67.7276  7.22994 
78.832  7.04784 
62.6302  7.33793 
56.5486  7.12503 
113.485  7.08913 
129.863  7.14344 
78.0514  7.05272 
44.1288  6.77086 
63.2734  7.41074 
104.847  7.18947 
105.113  6.90759 
12.1203  7.38146 
70.8302  7.28217 
81.2536  7.03877 
36.9822  7.40394 
103.363  7.29117 
84.7622  6.95849 
113.225  7.46405 
135.361  7.29945 
36.2513  7.36302 
79.7367  7.42367 
89.3245  7.57017 
163.057  7.1889 
61.8679  8.46175 
128.337  7.39114 
179.355  7.29128 
-3.61285  7.72774 
74.1543  7.39529 
105.279  7.32319 
30.5686  8.02344 
89.524  7.60448 
118.204  7.30498 
8.21713  7.78809 
88.6718  7.59437 
113.1  7.43816 
38.1945  8.11485 
80.3566  7.73156 
83.4482  7.60879 
-12.6875  2.03067 
32.949  1.98198 
51.2466  1.84334 
-94.6645  2.01351 
-86.0279  1.92919 
-86.2941  1.93794 
-60.4561  7.86427 
-96.0403  8.06602 
-65.6153  8.1096 
-54.8847  7.71476 
-55.634  8.21402 
-67.0749  7.88083 
-27.5769  7.38154 
-130.082  7.88971 
-19.573  8.32682 
-77.9834  7.6128 
-173.22  7.96777 
-0.332628  7.36272 
-60.8185  7.38795 
-57.896  7.85619 
-40.184  7.5674 
-76.906  7.4852 
-83.8595  7.77864 
16.1185  7.51147 
-55.1056  7.36719 
-88.6765  7.75109 
18.5631  8.09579 
-35.495  7.36784 
-34.9039  7.68672 
2.47719  7.19925 
-60.2383  7.40105 
-93.3079  7.57576 
34.4049  7.31595 
-72.0537  7.57624 
-43.0856  7.74603 
14.2433  7.36256 
-37.9961  7.53061 
-8.4019  7.90795 
-10.4673  7.22522 
-11.347  7.34697 
-1.80444  7.16166 
-12.1262  7.19909 
-38.7007  7.34899 
-22.0595  7.44657 
23.2696  6.98654 
-11.4703  7.62784 
-84.1385  7.62745 
42.6149  7.1168 
-68.9072  7.79969 
-71.1337  7.7418 
46.9972  7.36028 
-97.8528  7.78245 
20.6955  7.69456 
20.3429  7.43136 
-41.6661  7.58847 
29.8382  8.06816 
66.1406  7.55767 
-72.4221  7.84422 
3.43462  7.74494 
-6.42345  7.28236 
12.9798  7.9299 
9.03797  8.32602 
13.6385  7.67706 
-65.6867  8.10061 
-0.923408  7.53395 
-101.635  8.13117 
-65.9386  8.21866 
-108.94  8.21912 
3.88254  7.29467 
-43.3151  8.28303 
10.4554  8.07306 
-34.8245  7.82212 
-50.6698  2.03987 
-24.7782  1.92676 
-84.9592  1.89804 
-21.5544  1.88106 
86.2018  1.90726 
-155.07  1.92909 
-43.0331  8.2989 
104.697  7.74719 
-149.592  7.44912 
-77.2133  8.045 
75.6999  7.686 
-50.5931  7.25898 
-70.6788  8.0353 
105.445  7.59186 
-130.55  7.36344 
-12.3224  7.90855 
83.7931  7.66198 
-129.249  7.59404 
23.7401  7.86004 
62.8737  7.63269 
-65.0813  7.37395 
-74.4956  7.81264 
36.4762  7.6939 
-142.545  7.1904 
-69.3218  7.81362 
46.8612  7.44255 
-122.906  7.0817 
-72.2384  7.80467 
-7.74137  7.34595 
-107.457  7.21164 
-63.6506  7.7613 
65.5865  7.72452 
-145.03  6.94056 
-90.9607  7.52277 
17.6223  7.25558 
-163.791  6.85725 
-35.9388  7.61907 
20.8929  7.22531 
-142.93  6.87705 
-121.647  7.46436 
-46.7534  7.15903 
-109.313  6.89327 
-99.3655  7.56732 
1.70895  7.23179 
-160.194  7.30381 
-103.29  7.48388 
1.23157  7.81507 
-159.729  7.30105 
-116.607  7.38316 
-77.6997  8.10302 
-149.949  7.19331 
-131.853  7.48576 
-6.3234  7.4488 
-29.5008  7.31561 
-107.869  7.79865 
-87.3321  8.02408 
-104.682  7.27319 
-207.952  7.64795 
-79.401  7.5758 
-109.301  7.32538 
-124.944  7.81951 
-136.094  7.8034 
-139.032  7.41225 
-107.794  8.00537 
-77.7462  7.72601 
-208.914  7.40177 
-213.339  7.74422 
-91.3494  8.04355 
-98.3063  7.64641 
-138.142  7.67567 
-108.227  7.86586 
-133.366  7.47693 
-100.433  1.88676 
-169.605  1.88844 
-154.656  1.98501 
