0 0 
2045.99 55.8831 
1719.11 59.0175 
-4555.81 47.9677 
-6345.46 63.2264 
-5038.12 58 
0 0 
-5412.55 69.3772 
0 0 
0 0 
0 0 
-3755.76 57.5154 
-3296.5 59.2508 
0 0 
0 0 
-6587.92 59.2283 
0 0 
-5747.23 62.4097 
-4084.9 60.5571 
-5119.54 66.7734 
1160.58 43.9074 
-3939.66 68.0773 
-8054.45 68.7426 
0 0 
0 0 
-7131.22 59.1701 
0 0 
0 0 
0 0 
0 0 
-6831.34 55.1643 
0 0 
-8069.58 62.5384 
-5017.59 52.6731 
-3950.87 55.2927 
0 0 
-4626.75 51.1688 
-3995.56 46.6014 
-5358.86 53.7246 
0 0 
-4013.71 54.7665 
-6064.49 41.8716 
0 0 
-2371.02 42.7492 
-2704.6 44.8827 
0 0 
0 0 
0 0 
0 0 
0 0 
-4952.49 61.634 
-7259.61 67.8663 
-1499.67 65.6226 
0 0 
-3824.09 68.1891 
0 0 
-5325.78 63.8669 
-6582.63 75.4896 
0 0 
-11165.8 76.4857 
-5322.24 63.3071 
-5073.98 65.4433 
-6976.66 69.9302 
-6096.25 67.0077 
-6946.91 69.7296 
0 0 
-7111.79 70.1118 
-5691.25 59.436 
-6877.03 68.2131 
-6479.54 65.443 
-6420.27 70.5588 
0 0 
0 0 
0 0 
-10559 63.8458 
0 0 
-11480.9 67.6631 
-3783.67 55.2303 
0 0 
0 0 
0 0 
0 0 
-23791.5 64.0929 
0 0 
0 0 
0 0 
0 0 
0 0 
0 0 
0 0 
-14333.6 74.0686 
0 0 
0 0 
-20270.6 70.595 
-9168.13 62.771 
0 0 
0 0 
0 0 
0 0 
-3566.64 65.9629 
-6225.62 62.7408 
0 0 
-5881.38 65.6482 
-9336.31 73.7774 
-6734.06 62.694 
-8619.35 74.0515 
-4902.4 72.3165 
-7503.79 73.9145 
-5194.6 70.7753 
-8426.87 74.51 
0 0 
-7147.68 79.8428 
0 0 
285.942 71.6169 
-7354.27 72.4908 
-7210.64 80.4382 
-6374.55 66.6389 
-7042.76 80.3391 
-6361.24 64.1175 
0 0 
0 0 
0 0 
0 0 
0 0 
0 0 
0 0 
0 0 
0 0 
0 0 
0 0 
0 0 
0 0 
0 0 
0 0 
0 0 
0 0 
0 0 
0 0 
0 0 
0 0 
0 0 
0 0 
0 0 
0 0 
0 0 
-11918.3 54.2817 
0 0 
-7526.46 63.5514 
-6127.8 64.7189 
-3297.61 61.7732 
0 0 
-3197.23 53.7761 
-3823.37 71.4899 
-5224.3 64.3417 
-5835.7 76.5442 
1509.04 57.9042 
-5162.18 65.7853 
-4090.78 60.9562 
1956.31 57.8229 
1431.61 57.7118 
-6679.54 75.531 
574.209 60.2869 
-4791.48 66.8005 
-5585.72 62.0006 
-6568.99 65.844 
-1415.23 62.6934 
-7976.05 66.1707 
0 0 
0 0 
-12387.4 65.1328 
0 0 
0 0 
0 0 
0 0 
2522.34 39.3999 
0 0 
0 0 
0 0 
0 0 
0 0 
0 0 
0 0 
0 0 
0 0 
0 0 
0 0 
0 0 
0 0 
0 0 
0 0 
0 0 
0 0 
0 0 
-14197.7 81.1797 
0 0 
-11240.5 77.8533 
-5809.98 72.7197 
0 0 
-9111.69 78.5139 
-9504.47 73.7628 
-8615.51 76.6424 
-7741.34 72.7841 
-6766.41 74.2087 
-8629.81 70.6944 
-6559.17 73.4261 
-2817.04 80.0269 
-9931.75 80.2705 
-8156.54 77.4156 
-9986.14 76.1544 
-9677.34 70.9318 
-9279.09 81.5618 
-9104.74 73.6673 
-10128 80.6847 
0 0 
0 0 
0 0 
0 0 
0 0 
0 0 
0 0 
0 0 
0 0 
0 0 
0 0 
0 0 
0 0 
0 0 
0 0 
-2800.54 62.7702 
0 0 
0 0 
0 0 
0 0 
0 0 
0 0 
0 0 
0 0 
0 0 
0 0 
0 0 
0 0 
0 0 
0 0 
-9094.56 71.5345 
-7240.78 78.4165 
-6663.66 71.9298 
0 0 
-5986.51 70.5393 
-9576.82 86.7698 
-3750.44 71.9924 
-10188.2 85.7818 
857.886 68.6102 
-3947.12 85.6583 
-5881.23 65.2482 
-914.867 77.9489 
-4896.53 60.7783 
-6764.18 81.1759 
-6009.4 64.2206 
-7032.47 74.7511 
-5952.21 60.876 
-8650.85 90.2857 
-5512.7 64.2154 
-8588.55 66.2831 
0 0 
0 0 
0 0 
0 0 
0 0 
0 0 
0 0 
0 0 
0 0 
0 0 
0 0 
0 0 
0 0 
0 0 
0 0 
0 0 
0 0 
0 0 
0 0 
0 0 
0 0 
0 0 
0 0 
0 0 
0 0 
0 0 
-14368.4 74.0303 
-8066.16 64.6523 
1773.77 64.2851 
-9702.46 75.505 
-6057.54 79.422 
-5292.57 63.9036 
0 0 
1252.02 72.2438 
-3920.69 68.0984 
-7774.52 71.5954 
-6126.18 78.877 
-5620.24 66.8599 
-6046.33 64.9689 
900.273 75.6985 
-9591.17 82.2723 
-6878.39 66.5813 
713.681 62.7674 
-12143.4 76.7179 
-6388.22 62.184 
-6458.27 79.1107 
0 0 
-11205.6 82.159 
0 0 
0 0 
0 0 
0 0 
0 0 
0 0 
0 0 
0 0 
0 0 
0 0 
0 0 
0 0 
0 0 
-5709.18 64.017 
0 0 
0 0 
0 0 
0 0 
0 0 
0 0 
10391.5 -39.2857 
0 0 
-22657.7 70.3236 
0 0 
0 0 
0 0 
0 0 
0 0 
0 0 
-5183.83 50.8179 
-5265.53 58.279 
-5334.96 60.2973 
-4344.79 64.2765 
-5065.84 59.8819 
593.934 57.1039 
-5584.47 58.6997 
-5077.17 55.5424 
-6898.17 70.0109 
-7128.2 62.8068 
1330.35 57.1541 
-2801.69 53.1602 
-7808.92 61.5165 
-6083.74 52.9169 
-5086.15 56.3126 
-6251.05 64.1977 
-5851.6 51.3378 
-5201.35 65.7981 
0 0 
0 0 
0 0 
0 0 
0 0 
0 0 
0 0 
0 0 
0 0 
0 0 
0 0 
0 0 
0 0 
0 0 
0 0 
0 0 
0 0 
0 0 
0 0 
0 0 
0 0 
0 0 
0 0 
0 0 
0 0 
0 0 
0 0 
0 0 
-6408.1 50.7671 
0 0 
0 0 
-5348.78 56.0236 
-5647.8 58.3067 
-7822.9 57.407 
-5738.99 54.4064 
-7153.48 57.892 
-5618.95 52.9266 
-7089.35 56.4203 
-4980.05 58.6573 
-5919.36 60.1527 
-4964.27 54.1557 
-4524.77 58.1725 
-5580.45 54.1411 
-7503.43 62.822 
-5760.06 54.6633 
-3497.06 61.9244 
-6729.08 63.9502 
-6697.31 65.0839 
-7411.67 55.0346 
0 0 
0 0 
0 0 
0 0 
0 0 
0 0 
0 0 
0 0 
0 0 
-7853.49 55.5036 
0 0 
-11484.5 48.0455 
0 0 
-11538.2 52.1971 
-8055.88 43.381 
-7810.14 52.9606 
0 0 
0 0 
0 0 
-6703.51 49.6212 
0 0 
0 0 
-5912.85 57.9274 
0 0 
0 0 
0 0 
-13128.3 77.265 
-13868 89.9681 
-6528.86 79.7223 
-7921.22 90.7861 
0 0 
-6166.59 77.8895 
-6144.57 76.2154 
-6779.63 81.7791 
-7950.64 75.5903 
-8135.41 75.3901 
0 0 
-8696.64 77.1112 
-8535.47 77.214 
-8383.33 84.0129 
-8150.97 82.5087 
-7060.27 79.9432 
-12348.4 91.0086 
-9336.34 87.6576 
-12364.1 102.327 
-521.248 78.0763 
1504.06 75.8185 
0 0 
0 0 
0 0 
0 0 
0 0 
0 0 
0 0 
0 0 
0 0 
0 0 
0 0 
0 0 
0 0 
0 0 
0 0 
-6705.11 65.7266 
-18434.2 71.3892 
0 0 
0 0 
0 0 
0 0 
0 0 
0 0 
0 0 
0 0 
0 0 
0 0 
-7135.95 62.9167 
-6235.15 58.5903 
-4165.41 60.7526 
2189.08 51.7968 
-7698.36 62.3724 
-4098.72 54.035 
-5100.41 63.2599 
2100.5 55.6522 
2075.5 54.3794 
0 0 
-4410.29 57.7505 
0 0 
-6598.14 66.8528 
-3383.02 57.4336 
0 0 
-478.072 57.0398 
-6912.84 62.1951 
2140.84 57.2538 
1234.65 59.3869 
1666.91 55.0181 
-9565.18 60.7877 
-8296.26 54.5717 
0 0 
0 0 
0 0 
0 0 
0 0 
0 0 
0 0 
0 0 
0 0 
0 0 
-10438 58.8956 
0 0 
0 0 
0 0 
-6147.13 57.0941 
0 0 
0 0 
0 0 
0 0 
0 0 
0 0 
0 0 
0 0 
0 0 
0 0 
0 0 
-7758.31 76.0699 
-7624.13 77.8481 
0 0 
0 0 
-6436.02 67.879 
-5246.33 76.3879 
-2199.48 69.5178 
-4303.37 76.4571 
-4753 69.3634 
-3650.51 67.6065 
-4981.42 64.8546 
-4370.52 74.9543 
666.661 63.3438 
-4427.49 67.368 
-6338.3 64.503 
-1308.44 73.3821 
-7717.63 70.6165 
-7906.53 71.2726 
-6543.42 62.0656 
-4884.89 61.8748 
-7035.26 63.2489 
-5152.28 69.2414 
0 0 
0 0 
0 0 
0 0 
-13443.3 62.8327 
0 0 
0 0 
0 0 
0 0 
0 0 
0 0 
0 0 
-13943.6 72.2016 
0 0 
0 0 
0 0 
0 0 
0 0 
0 0 
0 0 
-8018.73 64.9355 
0 0 
0 0 
0 0 
0 0 
0 0 
-7016.27 56.5755 
-7349.83 67.3819 
-8359.04 66.7952 
-7276.58 71.4755 
1704.24 58.5865 
0 0 
2081.36 55.1352 
-5099.96 62.6731 
-3199.53 58.8681 
2123.93 55.7674 
0 0 
2758.03 55.0817 
-7010.87 67.7596 
-5439.57 58.2396 
-4705.18 58.6593 
0 0 
0 0 
0 0 
-8065.64 66.9108 
-5504.25 58.1232 
-6625.11 63.4198 
0 0 
0 0 
0 0 
0 0 
-23.2173 55.047 
0 0 
0 0 
0 0 
0 0 
-4795.58 56.0867 
-4250.19 58.5044 
0 0 
0 0 
-6451.41 60.3545 
-3975.28 54.7838 
-4947.51 60.5429 
-5557.28 53.4971 
0 0 
0 0 
0 0 
-4307.98 50.4801 
0 0 
0 0 
0 0 
0 0 
0 0 
0 0 
0 0 
-7111.85 70.1791 
-8018.36 73.1289 
-7362.32 64.4955 
0 0 
0 0 
0 0 
-6048.37 73.6563 
0 0 
-5834.99 65.3419 
-8228.95 79.7945 
707.809 62.0441 
-6253.98 71.1678 
-7284.1 63.652 
0 0 
0 0 
0 0 
-4872.23 61.9639 
-7241.22 69.0938 
-6191.78 62.7462 
-10790.1 72.5165 
2232.74 70.218 
0 0 
0 0 
-6530.23 72.572 
-6159.74 66.0079 
-1866.55 77.4701 
0 0 
-7381.82 75.6573 
-8901.2 66.6046 
-6141.13 74.0317 
1315.02 54.9996 
0 0 
-5127.74 69.3077 
0 0 
-6441.86 69.6353 
1567.32 56.0805 
-5072.35 58.4573 
0 0 
-7600.53 70.415 
938.353 62.0993 
-8141.35 74.57 
-7234.35 64.802 
0 0 
-5823.13 67.0103 
-10303.6 75.2905 
0 0 
