Tchan	Layer	Side	Bar	Dy	FEE	FeeChannel
0	0	0	0	2	16	0
1	0	0	1	2	16	1
2	0	0	2	2	16	2
3	0	0	3	2	16	3
4	0	0	4	2	16	4
5	0	0	5	2	16	5
6	0	0	6	2	16	6
7	0	0	7	2	16	7
8	0	0	8	2	16	8
9	0	0	9	2	16	9
10	0	0	10	2	16	10
11	0	0	11	2	16	11
12	0	0	12	2	16	12
13	0	0	13	2	16	13
14	0	0	14	2	16	14
15	0	0	15	2	16	15
16	0	0	16	2	16	16
17	0	0	17	2	16	17
18	0	0	18	2	16	18
19	0	0	19	2	16	19
20	0	0	20	2	16	20
21	0	0	21	2	16	21
22	0	0	22	2	16	22
23	0	0	23	2	16	23
48	0	0	0	5	16	48
49	0	0	1	5	16	49
50	0	0	2	5	16	50
51	0	0	3	5	16	51
52	0	0	4	5	16	52
53	0	0	5	5	16	53
54	0	0	6	5	16	54
55	0	0	7	5	16	55
56	0	0	8	5	16	56
57	0	0	9	5	16	57
58	0	0	10	5	16	58
59	0	0	11	5	16	59
60	0	0	12	5	16	60
61	0	0	13	5	16	61
62	0	0	14	5	16	62
63	0	0	15	5	16	63
64	0	0	16	5	16	64
65	0	0	17	5	16	65
66	0	0	18	5	16	66
67	0	0	19	5	16	67
68	0	0	20	5	16	68
69	0	0	21	5	16	69
70	0	0	22	5	16	70
71	0	0	23	5	16	71
96	0	0	0	8	16	96
97	0	0	1	8	16	97
98	0	0	2	8	16	98
99	0	0	3	8	16	99
100	0	0	4	8	16	100
101	0	0	5	8	16	101
102	0	0	6	8	16	102
103	0	0	7	8	16	103
104	0	0	8	8	16	104
105	0	0	9	8	16	105
106	0	0	10	8	16	106
107	0	0	11	8	16	107
108	0	0	12	8	16	108
109	0	0	13	8	16	109
110	0	0	14	8	16	110
111	0	0	15	8	16	111
112	0	0	16	8	16	112
113	0	0	17	8	16	113
114	0	0	18	8	16	114
115	0	0	19	8	16	115
116	0	0	20	8	16	116
117	0	0	21	8	16	117
118	0	0	22	8	16	118
119	0	0	23	8	16	119
24	2	0	0	2	16	24
25	2	0	1	2	16	25
26	2	0	2	2	16	26
27	2	0	3	2	16	27
28	2	0	4	2	16	28
29	2	0	5	2	16	29
30	2	0	6	2	16	30
31	2	0	7	2	16	31
32	2	0	8	2	16	32
33	2	0	9	2	16	33
34	2	0	10	2	16	34
35	2	0	11	2	16	35
36	2	0	12	2	16	36
37	2	0	13	2	16	37
38	2	0	14	2	16	38
39	2	0	15	2	16	39
40	2	0	16	2	16	40
41	2	0	17	2	16	41
42	2	0	18	2	16	42
43	2	0	19	2	16	43
44	2	0	20	2	16	44
45	2	0	21	2	16	45
46	2	0	22	2	16	46
47	2	0	23	2	16	47
72	2	0	0	5	16	72
73	2	0	1	5	16	73
74	2	0	2	5	16	74
75	2	0	3	5	16	75
76	2	0	4	5	16	76
77	2	0	5	5	16	77
78	2	0	6	5	16	78
79	2	0	7	5	16	79
80	2	0	8	5	16	80
81	2	0	9	5	16	81
82	2	0	10	5	16	82
83	2	0	11	5	16	83
84	2	0	12	5	16	84
85	2	0	13	5	16	85
86	2	0	14	5	16	86
87	2	0	15	5	16	87
88	2	0	16	5	16	88
89	2	0	17	5	16	89
90	2	0	18	5	16	90
91	2	0	19	5	16	91
92	2	0	20	5	16	92
93	2	0	21	5	16	93
94	2	0	22	5	16	94
95	2	0	23	5	16	95
120	2	0	0	8	16	120
121	2	0	1	8	16	121
122	2	0	2	8	16	122
123	2	0	3	8	16	123
124	2	0	4	8	16	124
125	2	0	5	8	16	125
126	2	0	6	8	16	126
127	2	0	7	8	16	127
128	2	0	8	8	16	128
129	2	0	9	8	16	129
130	2	0	10	8	16	130
131	2	0	11	8	16	131
132	2	0	12	8	16	132
133	2	0	13	8	16	133
134	2	0	14	8	16	134
135	2	0	15	8	16	135
136	2	0	16	8	16	136
137	2	0	17	8	16	137
138	2	0	18	8	16	138
139	2	0	19	8	16	139
140	2	0	20	8	16	140
141	2	0	21	8	16	141
142	2	0	22	8	16	142
143	2	0	23	8	16	143
144	4	0	23	2	17	0
145	4	0	22	2	17	1
146	4	0	21	2	17	2
147	4	0	20	2	17	3
148	4	0	19	2	17	4
149	4	0	18	2	17	5
150	4	0	17	2	17	6
151	4	0	16	2	17	7
152	4	0	15	2	17	8
153	4	0	14	2	17	9
154	4	0	13	2	17	10
155	4	0	12	2	17	11
156	4	0	11	2	17	12
157	4	0	10	2	17	13
158	4	0	9	2	17	14
159	4	0	8	2	17	15
160	4	0	7	2	17	16
161	4	0	6	2	17	17
162	4	0	5	2	17	18
163	4	0	4	2	17	19
164	4	0	3	2	17	20
165	4	0	2	2	17	21
166	4	0	1	2	17	22
167	4	0	0	2	17	23
192	4	0	23	5	17	48
193	4	0	22	5	17	49
194	4	0	21	5	17	50
195	4	0	20	5	17	51
196	4	0	19	5	17	52
197	4	0	18	5	17	53
198	4	0	17	5	17	54
199	4	0	16	5	17	55
200	4	0	15	5	17	56
201	4	0	14	5	17	57
202	4	0	13	5	17	58
203	4	0	12	5	17	59
204	4	0	11	5	17	60
205	4	0	10	5	17	61
206	4	0	9	5	17	62
207	4	0	8	5	17	63
208	4	0	7	5	17	64
209	4	0	6	5	17	65
210	4	0	5	5	17	66
211	4	0	4	5	17	67
212	4	0	3	5	17	68
213	4	0	2	5	17	69
214	4	0	1	5	17	70
215	4	0	0	5	17	71
240	4	0	23	8	17	96
241	4	0	22	8	17	97
242	4	0	21	8	17	98
243	4	0	20	8	17	99
244	4	0	19	8	17	100
245	4	0	18	8	17	101
246	4	0	17	8	17	102
247	4	0	16	8	17	103
248	4	0	15	8	17	104
249	4	0	14	8	17	105
250	4	0	13	8	17	106
251	4	0	12	8	17	107
252	4	0	11	8	17	108
253	4	0	10	8	17	109
254	4	0	9	8	17	110
255	4	0	8	8	17	111
256	4	0	7	8	17	112
257	4	0	6	8	17	113
258	4	0	5	8	17	114
259	4	0	4	8	17	115
260	4	0	3	8	17	116
261	4	0	2	8	17	117
262	4	0	1	8	17	118
263	4	0	0	8	17	119
168	6	0	0	2	17	24
169	6	0	1	2	17	25
170	6	0	2	2	17	26
171	6	0	3	2	17	27
172	6	0	4	2	17	28
173	6	0	5	2	17	29
174	6	0	6	2	17	30
175	6	0	7	2	17	31
176	6	0	8	2	17	32
177	6	0	9	2	17	33
178	6	0	10	2	17	34
179	6	0	11	2	17	35
180	6	0	12	2	17	36
181	6	0	13	2	17	37
182	6	0	14	2	17	38
183	6	0	15	2	17	39
184	6	0	16	2	17	40
185	6	0	17	2	17	41
186	6	0	18	2	17	42
187	6	0	19	2	17	43
188	6	0	20	2	17	44
189	6	0	21	2	17	45
190	6	0	22	2	17	46
191	6	0	23	2	17	47
216	6	0	0	5	17	72
217	6	0	1	5	17	73
218	6	0	2	5	17	74
219	6	0	3	5	17	75
220	6	0	4	5	17	76
221	6	0	5	5	17	77
222	6	0	6	5	17	78
223	6	0	7	5	17	79
224	6	0	8	5	17	80
225	6	0	9	5	17	81
226	6	0	10	5	17	82
227	6	0	11	5	17	83
228	6	0	12	5	17	84
229	6	0	13	5	17	85
230	6	0	14	5	17	86
231	6	0	15	5	17	87
232	6	0	16	5	17	88
233	6	0	17	5	17	89
234	6	0	18	5	17	90
235	6	0	19	5	17	91
236	6	0	20	5	17	92
237	6	0	21	5	17	93
238	6	0	22	5	17	94
239	6	0	23	5	17	95
264	6	0	0	8	17	120
265	6	0	1	8	17	121
266	6	0	2	8	17	122
267	6	0	3	8	17	123
268	6	0	4	8	17	124
269	6	0	5	8	17	125
270	6	0	6	8	17	126
271	6	0	7	8	17	127
272	6	0	8	8	17	128
273	6	0	9	8	17	129
274	6	0	10	8	17	130
275	6	0	11	8	17	131
276	6	0	12	8	17	132
277	6	0	13	8	17	133
278	6	0	14	8	17	134
279	6	0	15	8	17	135
280	6	0	16	8	17	136
281	6	0	17	8	17	137
282	6	0	18	8	17	138
283	6	0	19	8	17	139
284	6	0	20	8	17	140
285	6	0	21	8	17	141
286	6	0	22	8	17	142
287	6	0	23	8	17	143
288	8	0	0	2	18	0
289	8	0	1	2	18	1
290	8	0	2	2	18	2
291	8	0	3	2	18	3
292	8	0	4	2	18	4
293	8	0	5	2	18	5
294	8	0	6	2	18	6
295	8	0	7	2	18	7
296	8	0	8	2	18	8
297	8	0	9	2	18	9
298	8	0	10	2	18	10
299	8	0	11	2	18	11
300	8	0	12	2	18	12
301	8	0	13	2	18	13
302	8	0	14	2	18	14
303	8	0	15	2	18	15
304	8	0	16	2	18	16
305	8	0	17	2	18	17
306	8	0	18	2	18	18
307	8	0	19	2	18	19
308	8	0	20	2	18	20
309	8	0	21	2	18	21
310	8	0	22	2	18	22
311	8	0	23	2	18	23
312	8	0	0	5	18	24
313	8	0	1	5	18	25
314	8	0	2	5	18	26
315	8	0	3	5	18	27
316	8	0	4	5	18	28
317	8	0	5	5	18	29
318	8	0	6	5	18	30
319	8	0	7	5	18	31
320	8	0	8	5	18	32
321	8	0	9	5	18	33
322	8	0	10	5	18	34
323	8	0	11	5	18	35
324	8	0	12	5	18	36
325	8	0	13	5	18	37
326	8	0	14	5	18	38
327	8	0	15	5	18	39
328	8	0	16	5	18	40
329	8	0	17	5	18	41
330	8	0	18	5	18	42
331	8	0	19	5	18	43
332	8	0	20	5	18	44
333	8	0	21	5	18	45
334	8	0	22	5	18	46
335	8	0	23	5	18	47
336	8	0	0	8	18	48
337	8	0	1	8	18	49
338	8	0	2	8	18	50
339	8	0	3	8	18	51
340	8	0	4	8	18	52
341	8	0	5	8	18	53
342	8	0	6	8	18	54
343	8	0	7	8	18	55
344	8	0	8	8	18	56
345	8	0	9	8	18	57
346	8	0	10	8	18	58
347	8	0	11	8	18	59
348	8	0	12	8	18	60
349	8	0	13	8	18	61
350	8	0	14	8	18	62
351	8	0	15	8	18	63
352	8	0	16	8	18	64
353	8	0	17	8	18	65
354	8	0	18	8	18	66
355	8	0	19	8	18	67
356	8	0	20	8	18	68
357	8	0	21	8	18	69
358	8	0	22	8	18	70
359	8	0	23	8	18	71
360	10	0	0	2	19	0
361	10	0	1	2	19	1
362	10	0	2	2	19	2
363	10	0	3	2	19	3
364	10	0	4	2	19	4
365	10	0	5	2	19	5
366	10	0	6	2	19	6
367	10	0	7	2	19	7
368	10	0	8	2	19	8
369	10	0	9	2	19	9
370	10	0	10	2	19	10
371	10	0	11	2	19	11
372	10	0	12	2	19	12
373	10	0	13	2	19	13
374	10	0	14	2	19	14
375	10	0	15	2	19	15
376	10	0	16	2	19	16
377	10	0	17	2	19	17
378	10	0	18	2	19	18
379	10	0	19	2	19	19
380	10	0	20	2	19	20
381	10	0	21	2	19	21
382	10	0	22	2	19	22
383	10	0	23	2	19	23
408	10	0	0	5	19	48
409	10	0	1	5	19	49
410	10	0	2	5	19	50
411	10	0	3	5	19	51
412	10	0	4	5	19	52
413	10	0	5	5	19	53
414	10	0	6	5	19	54
415	10	0	7	5	19	55
416	10	0	8	5	19	56
417	10	0	9	5	19	57
418	10	0	10	5	19	58
419	10	0	11	5	19	59
420	10	0	12	5	19	60
421	10	0	13	5	19	61
422	10	0	14	5	19	62
423	10	0	15	5	19	63
424	10	0	16	5	19	64
425	10	0	17	5	19	65
426	10	0	18	5	19	66
427	10	0	19	5	19	67
428	10	0	20	5	19	68
429	10	0	21	5	19	69
430	10	0	22	5	19	70
431	10	0	23	5	19	71
456	10	0	0	8	19	96
457	10	0	1	8	19	97
458	10	0	2	8	19	98
459	10	0	3	8	19	99
460	10	0	4	8	19	100
461	10	0	5	8	19	101
462	10	0	6	8	19	102
463	10	0	7	8	19	103
464	10	0	8	8	19	104
465	10	0	9	8	19	105
466	10	0	10	8	19	106
467	10	0	11	8	19	107
468	10	0	12	8	19	108
469	10	0	13	8	19	109
470	10	0	14	8	19	110
471	10	0	15	8	19	111
472	10	0	16	8	19	112
473	10	0	17	8	19	113
474	10	0	18	8	19	114
475	10	0	19	8	19	115
476	10	0	20	8	19	116
477	10	0	21	8	19	117
478	10	0	22	8	19	118
479	10	0	23	8	19	119
384	12	0	0	2	19	24
385	12	0	1	2	19	25
386	12	0	2	2	19	26
387	12	0	3	2	19	27
388	12	0	4	2	19	28
389	12	0	5	2	19	29
390	12	0	6	2	19	30
391	12	0	7	2	19	31
392	12	0	8	2	19	32
393	12	0	9	2	19	33
394	12	0	10	2	19	34
395	12	0	11	2	19	35
396	12	0	12	2	19	36
397	12	0	13	2	19	37
398	12	0	14	2	19	38
399	12	0	15	2	19	39
400	12	0	16	2	19	40
401	12	0	17	2	19	41
402	12	0	18	2	19	42
403	12	0	19	2	19	43
404	12	0	20	2	19	44
405	12	0	21	2	19	45
406	12	0	22	2	19	46
407	12	0	23	2	19	47
432	12	0	0	5	19	72
433	12	0	1	5	19	73
434	12	0	2	5	19	74
435	12	0	3	5	19	75
436	12	0	4	5	19	76
437	12	0	5	5	19	77
438	12	0	6	5	19	78
439	12	0	7	5	19	79
440	12	0	8	5	19	80
441	12	0	9	5	19	81
442	12	0	10	5	19	82
443	12	0	11	5	19	83
444	12	0	12	5	19	84
445	12	0	13	5	19	85
446	12	0	14	5	19	86
447	12	0	15	5	19	87
448	12	0	16	5	19	88
449	12	0	17	5	19	89
450	12	0	18	5	19	90
451	12	0	19	5	19	91
452	12	0	20	5	19	92
453	12	0	21	5	19	93
454	12	0	22	5	19	94
455	12	0	23	5	19	95
480	12	0	0	8	19	120
481	12	0	1	8	19	121
482	12	0	2	8	19	122
483	12	0	3	8	19	123
484	12	0	4	8	19	124
485	12	0	5	8	19	125
486	12	0	6	8	19	126
487	12	0	7	8	19	127
488	12	0	8	8	19	128
489	12	0	9	8	19	129
490	12	0	10	8	19	130
491	12	0	11	8	19	131
492	12	0	12	8	19	132
493	12	0	13	8	19	133
494	12	0	14	8	19	134
495	12	0	15	8	19	135
496	12	0	16	8	19	136
497	12	0	17	8	19	137
498	12	0	18	8	19	138
499	12	0	19	8	19	139
500	12	0	20	8	19	140
501	12	0	21	8	19	141
502	12	0	22	8	19	142
503	12	0	23	8	19	143
1008	1	0	23	2	24	0
1009	1	0	22	2	24	1
1010	1	0	21	2	24	2
1011	1	0	20	2	24	3
1012	1	0	19	2	24	4
1013	1	0	18	2	24	5
1014	1	0	17	2	24	6
1015	1	0	16	2	24	7
1016	1	0	15	2	24	8
1017	1	0	14	2	24	9
1018	1	0	13	2	24	10
1019	1	0	12	2	24	11
1020	1	0	11	2	24	12
1021	1	0	10	2	24	13
1022	1	0	9	2	24	14
1023	1	0	8	2	24	15
1024	1	0	7	2	24	16
1025	1	0	6	2	24	17
1026	1	0	5	2	24	18
1027	1	0	4	2	24	19
1028	1	0	3	2	24	20
1029	1	0	2	2	24	21
1030	1	0	1	2	24	22
1031	1	0	0	2	24	23
1056	1	0	23	5	24	48
1057	1	0	22	5	24	49
1058	1	0	21	5	24	50
1059	1	0	20	5	24	51
1060	1	0	19	5	24	52
1061	1	0	18	5	24	53
1062	1	0	17	5	24	54
1063	1	0	16	5	24	55
1064	1	0	15	5	24	56
1065	1	0	14	5	24	57
1066	1	0	13	5	24	58
1067	1	0	12	5	24	59
1068	1	0	11	5	24	60
1069	1	0	10	5	24	61
1070	1	0	9	5	24	62
1071	1	0	8	5	24	63
1072	1	0	7	5	24	64
1073	1	0	6	5	24	65
1074	1	0	5	5	24	66
1075	1	0	4	5	24	67
1076	1	0	3	5	24	68
1077	1	0	2	5	24	69
1078	1	0	1	5	24	70
1079	1	0	0	5	24	71
1104	1	0	23	8	24	96
1105	1	0	22	8	24	97
1106	1	0	21	8	24	98
1107	1	0	20	8	24	99
1108	1	0	19	8	24	100
1109	1	0	18	8	24	101
1110	1	0	17	8	24	102
1111	1	0	16	8	24	103
1112	1	0	15	8	24	104
1113	1	0	14	8	24	105
1114	1	0	13	8	24	106
1115	1	0	12	8	24	107
1116	1	0	11	8	24	108
1117	1	0	10	8	24	109
1118	1	0	9	8	24	110
1119	1	0	8	8	24	111
1120	1	0	7	8	24	112
1121	1	0	6	8	24	113
1122	1	0	5	8	24	114
1123	1	0	4	8	24	115
1124	1	0	3	8	24	116
1125	1	0	2	8	24	117
1126	1	0	1	8	24	118
1127	1	0	0	8	24	119
1032	3	0	23	2	24	24
1033	3	0	22	2	24	25
1034	3	0	21	2	24	26
1035	3	0	20	2	24	27
1036	3	0	19	2	24	28
1037	3	0	18	2	24	29
1038	3	0	17	2	24	30
1039	3	0	16	2	24	31
1040	3	0	15	2	24	32
1041	3	0	14	2	24	33
1042	3	0	13	2	24	34
1043	3	0	12	2	24	35
1044	3	0	11	2	24	36
1045	3	0	10	2	24	37
1046	3	0	9	2	24	38
1047	3	0	8	2	24	39
1048	3	0	7	2	24	40
1049	3	0	6	2	24	41
1050	3	0	5	2	24	42
1051	3	0	4	2	24	43
1052	3	0	3	2	24	44
1053	3	0	2	2	24	45
1054	3	0	1	2	24	46
1055	3	0	0	2	24	47
1080	3	0	23	5	24	72
1081	3	0	22	5	24	73
1082	3	0	21	5	24	74
1083	3	0	20	5	24	75
1084	3	0	19	5	24	76
1085	3	0	18	5	24	77
1086	3	0	17	5	24	78
1087	3	0	16	5	24	79
1088	3	0	15	5	24	80
1089	3	0	14	5	24	81
1090	3	0	13	5	24	82
1091	3	0	12	5	24	83
1092	3	0	11	5	24	84
1093	3	0	10	5	24	85
1094	3	0	9	5	24	86
1095	3	0	8	5	24	87
1096	3	0	7	5	24	88
1097	3	0	6	5	24	89
1098	3	0	5	5	24	90
1099	3	0	4	5	24	91
1100	3	0	3	5	24	92
1101	3	0	2	5	24	93
1102	3	0	1	5	24	94
1103	3	0	0	5	24	95
1128	3	0	23	8	24	120
1129	3	0	22	8	24	121
1130	3	0	21	8	24	122
1131	3	0	20	8	24	123
1132	3	0	19	8	24	124
1133	3	0	18	8	24	125
1134	3	0	17	8	24	126
1135	3	0	16	8	24	127
1136	3	0	15	8	24	128
1137	3	0	14	8	24	129
1138	3	0	13	8	24	130
1139	3	0	12	8	24	131
1140	3	0	11	8	24	132
1141	3	0	10	8	24	133
1142	3	0	9	8	24	134
1143	3	0	8	8	24	135
1144	3	0	7	8	24	136
1145	3	0	6	8	24	137
1146	3	0	5	8	24	138
1147	3	0	4	8	24	139
1148	3	0	3	8	24	140
1149	3	0	2	8	24	141
1150	3	0	1	8	24	142
1151	3	0	0	8	24	143
1152	5	0	0	2	25	0
1153	5	0	1	2	25	1
1154	5	0	2	2	25	2
1155	5	0	3	2	25	3
1156	5	0	4	2	25	4
1157	5	0	5	2	25	5
1158	5	0	6	2	25	6
1159	5	0	7	2	25	7
1160	5	0	8	2	25	8
1161	5	0	9	2	25	9
1162	5	0	10	2	25	10
1163	5	0	11	2	25	11
1164	5	0	12	2	25	12
1165	5	0	13	2	25	13
1166	5	0	14	2	25	14
1167	5	0	15	2	25	15
1168	5	0	16	2	25	16
1169	5	0	17	2	25	17
1170	5	0	18	2	25	18
1171	5	0	19	2	25	19
1172	5	0	20	2	25	20
1173	5	0	21	2	25	21
1174	5	0	22	2	25	22
1175	5	0	23	2	25	23
1200	5	0	0	5	25	48
1201	5	0	1	5	25	49
1202	5	0	2	5	25	50
1203	5	0	3	5	25	51
1204	5	0	4	5	25	52
1205	5	0	5	5	25	53
1206	5	0	6	5	25	54
1207	5	0	7	5	25	55
1208	5	0	8	5	25	56
1209	5	0	9	5	25	57
1210	5	0	10	5	25	58
1211	5	0	11	5	25	59
1212	5	0	12	5	25	60
1213	5	0	13	5	25	61
1214	5	0	14	5	25	62
1215	5	0	15	5	25	63
1216	5	0	16	5	25	64
1217	5	0	17	5	25	65
1218	5	0	18	5	25	66
1219	5	0	19	5	25	67
1220	5	0	20	5	25	68
1221	5	0	21	5	25	69
1222	5	0	22	5	25	70
1223	5	0	23	5	25	71
1248	5	0	0	8	25	96
1249	5	0	1	8	25	97
1250	5	0	2	8	25	98
1251	5	0	3	8	25	99
1252	5	0	4	8	25	100
1253	5	0	5	8	25	101
1254	5	0	6	8	25	102
1255	5	0	7	8	25	103
1256	5	0	8	8	25	104
1257	5	0	9	8	25	105
1258	5	0	10	8	25	106
1259	5	0	11	8	25	107
1260	5	0	12	8	25	108
1261	5	0	13	8	25	109
1262	5	0	14	8	25	110
1263	5	0	15	8	25	111
1264	5	0	16	8	25	112
1265	5	0	17	8	25	113
1266	5	0	18	8	25	114
1267	5	0	19	8	25	115
1268	5	0	20	8	25	116
1269	5	0	21	8	25	117
1270	5	0	22	8	25	118
1271	5	0	23	8	25	119
1176	7	0	23	2	25	24
1177	7	0	22	2	25	25
1178	7	0	21	2	25	26
1179	7	0	20	2	25	27
1180	7	0	19	2	25	28
1181	7	0	18	2	25	29
1182	7	0	17	2	25	30
1183	7	0	16	2	25	31
1184	7	0	15	2	25	32
1185	7	0	14	2	25	33
1186	7	0	13	2	25	34
1187	7	0	12	2	25	35
1188	7	0	11	2	25	36
1189	7	0	10	2	25	37
1190	7	0	9	2	25	38
1191	7	0	8	2	25	39
1192	7	0	7	2	25	40
1193	7	0	6	2	25	41
1194	7	0	5	2	25	42
1195	7	0	4	2	25	43
1196	7	0	3	2	25	44
1197	7	0	2	2	25	45
1198	7	0	1	2	25	46
1199	7	0	0	2	25	47
1224	7	0	23	5	25	72
1225	7	0	22	5	25	73
1226	7	0	21	5	25	74
1227	7	0	20	5	25	75
1228	7	0	19	5	25	76
1229	7	0	18	5	25	77
1230	7	0	17	5	25	78
1231	7	0	16	5	25	79
1232	7	0	15	5	25	80
1233	7	0	14	5	25	81
1234	7	0	13	5	25	82
1235	7	0	12	5	25	83
1236	7	0	11	5	25	84
1237	7	0	10	5	25	85
1238	7	0	9	5	25	86
1239	7	0	8	5	25	87
1240	7	0	7	5	25	88
1241	7	0	6	5	25	89
1242	7	0	5	5	25	90
1243	7	0	4	5	25	91
1244	7	0	3	5	25	92
1245	7	0	2	5	25	93
1246	7	0	1	5	25	94
1247	7	0	0	5	25	95
1272	7	0	23	8	25	120
1273	7	0	22	8	25	121
1274	7	0	21	8	25	122
1275	7	0	20	8	25	123
1276	7	0	19	8	25	124
1277	7	0	18	8	25	125
1278	7	0	17	8	25	126
1279	7	0	16	8	25	127
1280	7	0	15	8	25	128
1281	7	0	14	8	25	129
1282	7	0	13	8	25	130
1283	7	0	12	8	25	131
1284	7	0	11	8	25	132
1285	7	0	10	8	25	133
1286	7	0	9	8	25	134
1287	7	0	8	8	25	135
1288	7	0	7	8	25	136
1289	7	0	6	8	25	137
1290	7	0	5	8	25	138
1291	7	0	4	8	25	139
1292	7	0	3	8	25	140
1293	7	0	2	8	25	141
1294	7	0	1	8	25	142
1295	7	0	0	8	25	143
1296	9	0	23	2	26	0
1297	9	0	22	2	26	1
1298	9	0	21	2	26	2
1299	9	0	20	2	26	3
1300	9	0	19	2	26	4
1301	9	0	18	2	26	5
1302	9	0	17	2	26	6
1303	9	0	16	2	26	7
1304	9	0	15	2	26	8
1305	9	0	14	2	26	9
1306	9	0	13	2	26	10
1307	9	0	12	2	26	11
1308	9	0	11	2	26	12
1309	9	0	10	2	26	13
1310	9	0	9	2	26	14
1311	9	0	8	2	26	15
1312	9	0	7	2	26	16
1313	9	0	6	2	26	17
1314	9	0	5	2	26	18
1315	9	0	4	2	26	19
1316	9	0	3	2	26	20
1317	9	0	2	2	26	21
1318	9	0	1	2	26	22
1319	9	0	0	2	26	23
1320	9	0	23	5	26	24
1321	9	0	22	5	26	25
1322	9	0	21	5	26	26
1323	9	0	20	5	26	27
1324	9	0	19	5	26	28
1325	9	0	18	5	26	29
1326	9	0	17	5	26	30
1327	9	0	16	5	26	31
1328	9	0	15	5	26	32
1329	9	0	14	5	26	33
1330	9	0	13	5	26	34
1331	9	0	12	5	26	35
1332	9	0	11	5	26	36
1333	9	0	10	5	26	37
1334	9	0	9	5	26	38
1335	9	0	8	5	26	39
1336	9	0	7	5	26	40
1337	9	0	6	5	26	41
1338	9	0	5	5	26	42
1339	9	0	4	5	26	43
1340	9	0	3	5	26	44
1341	9	0	2	5	26	45
1342	9	0	1	5	26	46
1343	9	0	0	5	26	47
1344	9	0	23	8	26	48
1345	9	0	22	8	26	49
1346	9	0	21	8	26	50
1347	9	0	20	8	26	51
1348	9	0	19	8	26	52
1349	9	0	18	8	26	53
1350	9	0	17	8	26	54
1351	9	0	16	8	26	55
1352	9	0	15	8	26	56
1353	9	0	14	8	26	57
1354	9	0	13	8	26	58
1355	9	0	12	8	26	59
1356	9	0	11	8	26	60
1357	9	0	10	8	26	61
1358	9	0	9	8	26	62
1359	9	0	8	8	26	63
1360	9	0	7	8	26	64
1361	9	0	6	8	26	65
1362	9	0	5	8	26	66
1363	9	0	4	8	26	67
1364	9	0	3	8	26	68
1365	9	0	2	8	26	69
1366	9	0	1	8	26	70
1367	9	0	0	8	26	71
1368	11	0	23	2	27	0
1369	11	0	22	2	27	1
1370	11	0	21	2	27	2
1371	11	0	20	2	27	3
1372	11	0	19	2	27	4
1373	11	0	18	2	27	5
1374	11	0	17	2	27	6
1375	11	0	16	2	27	7
1376	11	0	15	2	27	8
1377	11	0	14	2	27	9
1378	11	0	13	2	27	10
1379	11	0	12	2	27	11
1380	11	0	11	2	27	12
1381	11	0	10	2	27	13
1382	11	0	9	2	27	14
1383	11	0	8	2	27	15
1384	11	0	7	2	27	16
1385	11	0	6	2	27	17
1386	11	0	5	2	27	18
1387	11	0	4	2	27	19
1388	11	0	3	2	27	20
1389	11	0	2	2	27	21
1390	11	0	1	2	27	22
1391	11	0	0	2	27	23
1416	11	0	23	5	27	48
1417	11	0	22	5	27	49
1418	11	0	21	5	27	50
1419	11	0	20	5	27	51
1420	11	0	19	5	27	52
1421	11	0	18	5	27	53
1422	11	0	17	5	27	54
1423	11	0	16	5	27	55
1424	11	0	15	5	27	56
1425	11	0	14	5	27	57
1426	11	0	13	5	27	58
1427	11	0	12	5	27	59
1428	11	0	11	5	27	60
1429	11	0	10	5	27	61
1430	11	0	9	5	27	62
1431	11	0	8	5	27	63
1432	11	0	7	5	27	64
1433	11	0	6	5	27	65
1434	11	0	5	5	27	66
1435	11	0	4	5	27	67
1436	11	0	3	5	27	68
1437	11	0	2	5	27	69
1438	11	0	1	5	27	70
1439	11	0	0	5	27	71
1464	11	0	23	8	27	96
1465	11	0	22	8	27	97
1466	11	0	21	8	27	98
1467	11	0	20	8	27	99
1468	11	0	19	8	27	100
1469	11	0	18	8	27	101
1470	11	0	17	8	27	102
1471	11	0	16	8	27	103
1472	11	0	15	8	27	104
1473	11	0	14	8	27	105
1474	11	0	13	8	27	106
1475	11	0	12	8	27	107
1476	11	0	11	8	27	108
1477	11	0	10	8	27	109
1478	11	0	9	8	27	110
1479	11	0	8	8	27	111
1480	11	0	7	8	27	112
1481	11	0	6	8	27	113
1482	11	0	5	8	27	114
1483	11	0	4	8	27	115
1484	11	0	3	8	27	116
1485	11	0	2	8	27	117
1486	11	0	1	8	27	118
1487	11	0	0	8	27	119
1392	13	0	23	2	27	24
1393	13	0	22	2	27	25
1394	13	0	21	2	27	26
1395	13	0	20	2	27	27
1396	13	0	19	2	27	28
1397	13	0	18	2	27	29
1398	13	0	17	2	27	30
1399	13	0	16	2	27	31
1400	13	0	15	2	27	32
1401	13	0	14	2	27	33
1402	13	0	13	2	27	34
1403	13	0	12	2	27	35
1404	13	0	11	2	27	36
1405	13	0	10	2	27	37
1406	13	0	9	2	27	38
1407	13	0	8	2	27	39
1408	13	0	7	2	27	40
1409	13	0	6	2	27	41
1410	13	0	5	2	27	42
1411	13	0	4	2	27	43
1412	13	0	3	2	27	44
1413	13	0	2	2	27	45
1414	13	0	1	2	27	46
1415	13	0	0	2	27	47
1440	13	0	23	5	27	72
1441	13	0	22	5	27	73
1442	13	0	21	5	27	74
1443	13	0	20	5	27	75
1444	13	0	19	5	27	76
1445	13	0	18	5	27	77
1446	13	0	17	5	27	78
1447	13	0	16	5	27	79
1448	13	0	15	5	27	80
1449	13	0	14	5	27	81
1450	13	0	13	5	27	82
1451	13	0	12	5	27	83
1452	13	0	11	5	27	84
1453	13	0	10	5	27	85
1454	13	0	9	5	27	86
1455	13	0	8	5	27	87
1456	13	0	7	5	27	88
1457	13	0	6	5	27	89
1458	13	0	5	5	27	90
1459	13	0	4	5	27	91
1460	13	0	3	5	27	92
1461	13	0	2	5	27	93
1462	13	0	1	5	27	94
1463	13	0	0	5	27	95
1488	13	0	23	8	27	120
1489	13	0	22	8	27	121
1490	13	0	21	8	27	122
1491	13	0	20	8	27	123
1492	13	0	19	8	27	124
1493	13	0	18	8	27	125
1494	13	0	17	8	27	126
1495	13	0	16	8	27	127
1496	13	0	15	8	27	128
1497	13	0	14	8	27	129
1498	13	0	13	8	27	130
1499	13	0	12	8	27	131
1500	13	0	11	8	27	132
1501	13	0	10	8	27	133
1502	13	0	9	8	27	134
1503	13	0	8	8	27	135
1504	13	0	7	8	27	136
1505	13	0	6	8	27	137
1506	13	0	5	8	27	138
1507	13	0	4	8	27	139
1508	13	0	3	8	27	140
1509	13	0	2	8	27	141
1510	13	0	1	8	27	142
1511	13	0	0	8	27	143
1512	1	1	0	2	28	0
1513	1	1	1	2	28	1
1514	1	1	2	2	28	2
1515	1	1	3	2	28	3
1516	1	1	4	2	28	4
1517	1	1	5	2	28	5
1518	1	1	6	2	28	6
1519	1	1	7	2	28	7
1520	1	1	8	2	28	8
1521	1	1	9	2	28	9
1522	1	1	10	2	28	10
1523	1	1	11	2	28	11
1524	1	1	12	2	28	12
1525	1	1	13	2	28	13
1526	1	1	14	2	28	14
1527	1	1	15	2	28	15
1528	1	1	16	2	28	16
1529	1	1	17	2	28	17
1530	1	1	18	2	28	18
1531	1	1	19	2	28	19
1532	1	1	20	2	28	20
1533	1	1	21	2	28	21
1534	1	1	22	2	28	22
1535	1	1	23	2	28	23
1560	1	1	0	5	28	48
1561	1	1	1	5	28	49
1562	1	1	2	5	28	50
1563	1	1	3	5	28	51
1564	1	1	4	5	28	52
1565	1	1	5	5	28	53
1566	1	1	6	5	28	54
1567	1	1	7	5	28	55
1568	1	1	8	5	28	56
1569	1	1	9	5	28	57
1570	1	1	10	5	28	58
1571	1	1	11	5	28	59
1572	1	1	12	5	28	60
1573	1	1	13	5	28	61
1574	1	1	14	5	28	62
1575	1	1	15	5	28	63
1576	1	1	16	5	28	64
1577	1	1	17	5	28	65
1578	1	1	18	5	28	66
1579	1	1	19	5	28	67
1580	1	1	20	5	28	68
1581	1	1	21	5	28	69
1582	1	1	22	5	28	70
1583	1	1	23	5	28	71
1608	1	1	0	8	28	96
1609	1	1	1	8	28	97
1610	1	1	2	8	28	98
1611	1	1	3	8	28	99
1612	1	1	4	8	28	100
1613	1	1	5	8	28	101
1614	1	1	6	8	28	102
1615	1	1	7	8	28	103
1616	1	1	8	8	28	104
1617	1	1	9	8	28	105
1618	1	1	10	8	28	106
1619	1	1	11	8	28	107
1620	1	1	12	8	28	108
1621	1	1	13	8	28	109
1622	1	1	14	8	28	110
1623	1	1	15	8	28	111
1624	1	1	16	8	28	112
1625	1	1	17	8	28	113
1626	1	1	18	8	28	114
1627	1	1	19	8	28	115
1628	1	1	20	8	28	116
1629	1	1	21	8	28	117
1630	1	1	22	8	28	118
1631	1	1	23	8	28	119
1536	3	1	0	2	28	24
1537	3	1	1	2	28	25
1538	3	1	2	2	28	26
1539	3	1	3	2	28	27
1540	3	1	4	2	28	28
1541	3	1	5	2	28	29
1542	3	1	6	2	28	30
1543	3	1	7	2	28	31
1544	3	1	8	2	28	32
1545	3	1	9	2	28	33
1546	3	1	10	2	28	34
1547	3	1	11	2	28	35
1548	3	1	12	2	28	36
1549	3	1	13	2	28	37
1550	3	1	14	2	28	38
1551	3	1	15	2	28	39
1552	3	1	16	2	28	40
1553	3	1	17	2	28	41
1554	3	1	18	2	28	42
1555	3	1	19	2	28	43
1556	3	1	20	2	28	44
1557	3	1	21	2	28	45
1558	3	1	22	2	28	46
1559	3	1	23	2	28	47
1584	3	1	0	5	28	72
1585	3	1	1	5	28	73
1586	3	1	2	5	28	74
1587	3	1	3	5	28	75
1588	3	1	4	5	28	76
1589	3	1	5	5	28	77
1590	3	1	6	5	28	78
1591	3	1	7	5	28	79
1592	3	1	8	5	28	80
1593	3	1	9	5	28	81
1594	3	1	10	5	28	82
1595	3	1	11	5	28	83
1596	3	1	12	5	28	84
1597	3	1	13	5	28	85
1598	3	1	14	5	28	86
1599	3	1	15	5	28	87
1600	3	1	16	5	28	88
1601	3	1	17	5	28	89
1602	3	1	18	5	28	90
1603	3	1	19	5	28	91
1604	3	1	20	5	28	92
1605	3	1	21	5	28	93
1606	3	1	22	5	28	94
1607	3	1	23	5	28	95
1632	3	1	0	8	28	120
1633	3	1	1	8	28	121
1634	3	1	2	8	28	122
1635	3	1	3	8	28	123
1636	3	1	4	8	28	124
1637	3	1	5	8	28	125
1638	3	1	6	8	28	126
1639	3	1	7	8	28	127
1640	3	1	8	8	28	128
1641	3	1	9	8	28	129
1642	3	1	10	8	28	130
1643	3	1	11	8	28	131
1644	3	1	12	8	28	132
1645	3	1	13	8	28	133
1646	3	1	14	8	28	134
1647	3	1	15	8	28	135
1648	3	1	16	8	28	136
1649	3	1	17	8	28	137
1650	3	1	18	8	28	138
1651	3	1	19	8	28	139
1652	3	1	20	8	28	140
1653	3	1	21	8	28	141
1654	3	1	22	8	28	142
1655	3	1	23	8	28	143
1656	5	1	23	2	29	0
1657	5	1	22	2	29	1
1658	5	1	21	2	29	2
1659	5	1	20	2	29	3
1660	5	1	19	2	29	4
1661	5	1	18	2	29	5
1662	5	1	17	2	29	6
1663	5	1	16	2	29	7
1664	5	1	15	2	29	8
1665	5	1	14	2	29	9
1666	5	1	13	2	29	10
1667	5	1	12	2	29	11
1668	5	1	11	2	29	12
1669	5	1	10	2	29	13
1670	5	1	9	2	29	14
1671	5	1	8	2	29	15
1672	5	1	7	2	29	16
1673	5	1	6	2	29	17
1674	5	1	5	2	29	18
1675	5	1	4	2	29	19
1676	5	1	3	2	29	20
1677	5	1	2	2	29	21
1678	5	1	1	2	29	22
1679	5	1	0	2	29	23
1704	5	1	23	5	29	48
1705	5	1	22	5	29	49
1706	5	1	21	5	29	50
1707	5	1	20	5	29	51
1708	5	1	19	5	29	52
1709	5	1	18	5	29	53
1710	5	1	17	5	29	54
1711	5	1	16	5	29	55
1712	5	1	15	5	29	56
1713	5	1	14	5	29	57
1714	5	1	13	5	29	58
1715	5	1	12	5	29	59
1716	5	1	11	5	29	60
1717	5	1	10	5	29	61
1718	5	1	9	5	29	62
1719	5	1	8	5	29	63
1720	5	1	7	5	29	64
1721	5	1	6	5	29	65
1722	5	1	5	5	29	66
1723	5	1	4	5	29	67
1724	5	1	3	5	29	68
1725	5	1	2	5	29	69
1726	5	1	1	5	29	70
1727	5	1	0	5	29	71
1752	5	1	23	8	29	96
1753	5	1	22	8	29	97
1754	5	1	21	8	29	98
1755	5	1	20	8	29	99
1756	5	1	19	8	29	100
1757	5	1	18	8	29	101
1758	5	1	17	8	29	102
1759	5	1	16	8	29	103
1760	5	1	15	8	29	104
1761	5	1	14	8	29	105
1762	5	1	13	8	29	106
1763	5	1	12	8	29	107
1764	5	1	11	8	29	108
1765	5	1	10	8	29	109
1766	5	1	9	8	29	110
1767	5	1	8	8	29	111
1768	5	1	7	8	29	112
1769	5	1	6	8	29	113
1770	5	1	5	8	29	114
1771	5	1	4	8	29	115
1772	5	1	3	8	29	116
1773	5	1	2	8	29	117
1774	5	1	1	8	29	118
1775	5	1	0	8	29	119
1680	7	1	0	2	29	24
1681	7	1	1	2	29	25
1682	7	1	2	2	29	26
1683	7	1	3	2	29	27
1684	7	1	4	2	29	28
1685	7	1	5	2	29	29
1686	7	1	6	2	29	30
1687	7	1	7	2	29	31
1688	7	1	8	2	29	32
1689	7	1	9	2	29	33
1690	7	1	10	2	29	34
1691	7	1	11	2	29	35
1692	7	1	12	2	29	36
1693	7	1	13	2	29	37
1694	7	1	14	2	29	38
1695	7	1	15	2	29	39
1696	7	1	16	2	29	40
1697	7	1	17	2	29	41
1698	7	1	18	2	29	42
1699	7	1	19	2	29	43
1700	7	1	20	2	29	44
1701	7	1	21	2	29	45
1702	7	1	22	2	29	46
1703	7	1	23	2	29	47
1728	7	1	0	5	29	72
1729	7	1	1	5	29	73
1730	7	1	2	5	29	74
1731	7	1	3	5	29	75
1732	7	1	4	5	29	76
1733	7	1	5	5	29	77
1734	7	1	6	5	29	78
1735	7	1	7	5	29	79
1736	7	1	8	5	29	80
1737	7	1	9	5	29	81
1738	7	1	10	5	29	82
1739	7	1	11	5	29	83
1740	7	1	12	5	29	84
1741	7	1	13	5	29	85
1742	7	1	14	5	29	86
1743	7	1	15	5	29	87
1744	7	1	16	5	29	88
1745	7	1	17	5	29	89
1746	7	1	18	5	29	90
1747	7	1	19	5	29	91
1748	7	1	20	5	29	92
1749	7	1	21	5	29	93
1750	7	1	22	5	29	94
1751	7	1	23	5	29	95
1776	7	1	0	8	29	120
1777	7	1	1	8	29	121
1778	7	1	2	8	29	122
1779	7	1	3	8	29	123
1780	7	1	4	8	29	124
1781	7	1	5	8	29	125
1782	7	1	6	8	29	126
1783	7	1	7	8	29	127
1784	7	1	8	8	29	128
1785	7	1	9	8	29	129
1786	7	1	10	8	29	130
1787	7	1	11	8	29	131
1788	7	1	12	8	29	132
1789	7	1	13	8	29	133
1790	7	1	14	8	29	134
1791	7	1	15	8	29	135
1792	7	1	16	8	29	136
1793	7	1	17	8	29	137
1794	7	1	18	8	29	138
1795	7	1	19	8	29	139
1796	7	1	20	8	29	140
1797	7	1	21	8	29	141
1798	7	1	22	8	29	142
1799	7	1	23	8	29	143
1800	9	1	0	2	30	0
1801	9	1	1	2	30	1
1802	9	1	2	2	30	2
1803	9	1	3	2	30	3
1804	9	1	4	2	30	4
1805	9	1	5	2	30	5
1806	9	1	6	2	30	6
1807	9	1	7	2	30	7
1808	9	1	8	2	30	8
1809	9	1	9	2	30	9
1810	9	1	10	2	30	10
1811	9	1	11	2	30	11
1812	9	1	12	2	30	12
1813	9	1	13	2	30	13
1814	9	1	14	2	30	14
1815	9	1	15	2	30	15
1816	9	1	16	2	30	16
1817	9	1	17	2	30	17
1818	9	1	18	2	30	18
1819	9	1	19	2	30	19
1820	9	1	20	2	30	20
1821	9	1	21	2	30	21
1822	9	1	22	2	30	22
1823	9	1	23	2	30	23
1824	9	1	0	5	30	24
1825	9	1	1	5	30	25
1826	9	1	2	5	30	26
1827	9	1	3	5	30	27
1828	9	1	4	5	30	28
1829	9	1	5	5	30	29
1830	9	1	6	5	30	30
1831	9	1	7	5	30	31
1832	9	1	8	5	30	32
1833	9	1	9	5	30	33
1834	9	1	10	5	30	34
1835	9	1	11	5	30	35
1836	9	1	12	5	30	36
1837	9	1	13	5	30	37
1838	9	1	14	5	30	38
1839	9	1	15	5	30	39
1840	9	1	16	5	30	40
1841	9	1	17	5	30	41
1842	9	1	18	5	30	42
1843	9	1	19	5	30	43
1844	9	1	20	5	30	44
1845	9	1	21	5	30	45
1846	9	1	22	5	30	46
1847	9	1	23	5	30	47
1848	9	1	0	8	30	48
1849	9	1	1	8	30	49
1850	9	1	2	8	30	50
1851	9	1	3	8	30	51
1852	9	1	4	8	30	52
1853	9	1	5	8	30	53
1854	9	1	6	8	30	54
1855	9	1	7	8	30	55
1856	9	1	8	8	30	56
1857	9	1	9	8	30	57
1858	9	1	10	8	30	58
1859	9	1	11	8	30	59
1860	9	1	12	8	30	60
1861	9	1	13	8	30	61
1862	9	1	14	8	30	62
1863	9	1	15	8	30	63
1864	9	1	16	8	30	64
1865	9	1	17	8	30	65
1866	9	1	18	8	30	66
1867	9	1	19	8	30	67
1868	9	1	20	8	30	68
1869	9	1	21	8	30	69
1870	9	1	22	8	30	70
1871	9	1	23	8	30	71
1872	11	1	0	2	31	0
1873	11	1	1	2	31	1
1874	11	1	2	2	31	2
1875	11	1	3	2	31	3
1876	11	1	4	2	31	4
1877	11	1	5	2	31	5
1878	11	1	6	2	31	6
1879	11	1	7	2	31	7
1880	11	1	8	2	31	8
1881	11	1	9	2	31	9
1882	11	1	10	2	31	10
1883	11	1	11	2	31	11
1884	11	1	12	2	31	12
1885	11	1	13	2	31	13
1886	11	1	14	2	31	14
1887	11	1	15	2	31	15
1888	11	1	16	2	31	16
1889	11	1	17	2	31	17
1890	11	1	18	2	31	18
1891	11	1	19	2	31	19
1892	11	1	20	2	31	20
1893	11	1	21	2	31	21
1894	11	1	22	2	31	22
1895	11	1	23	2	31	23
1920	11	1	0	5	31	48
1921	11	1	1	5	31	49
1922	11	1	2	5	31	50
1923	11	1	3	5	31	51
1924	11	1	4	5	31	52
1925	11	1	5	5	31	53
1926	11	1	6	5	31	54
1927	11	1	7	5	31	55
1928	11	1	8	5	31	56
1929	11	1	9	5	31	57
1930	11	1	10	5	31	58
1931	11	1	11	5	31	59
1932	11	1	12	5	31	60
1933	11	1	13	5	31	61
1934	11	1	14	5	31	62
1935	11	1	15	5	31	63
1936	11	1	16	5	31	64
1937	11	1	17	5	31	65
1938	11	1	18	5	31	66
1939	11	1	19	5	31	67
1940	11	1	20	5	31	68
1941	11	1	21	5	31	69
1942	11	1	22	5	31	70
1943	11	1	23	5	31	71
1968	11	1	0	8	31	96
1969	11	1	1	8	31	97
1970	11	1	2	8	31	98
1971	11	1	3	8	31	99
1972	11	1	4	8	31	100
1973	11	1	5	8	31	101
1974	11	1	6	8	31	102
1975	11	1	7	8	31	103
1976	11	1	8	8	31	104
1977	11	1	9	8	31	105
1978	11	1	10	8	31	106
1979	11	1	11	8	31	107
1980	11	1	12	8	31	108
1981	11	1	13	8	31	109
1982	11	1	14	8	31	110
1983	11	1	15	8	31	111
1984	11	1	16	8	31	112
1985	11	1	17	8	31	113
1986	11	1	18	8	31	114
1987	11	1	19	8	31	115
1988	11	1	20	8	31	116
1989	11	1	21	8	31	117
1990	11	1	22	8	31	118
1991	11	1	23	8	31	119
1896	13	1	0	2	31	24
1897	13	1	1	2	31	25
1898	13	1	2	2	31	26
1899	13	1	3	2	31	27
1900	13	1	4	2	31	28
1901	13	1	5	2	31	29
1902	13	1	6	2	31	30
1903	13	1	7	2	31	31
1904	13	1	8	2	31	32
1905	13	1	9	2	31	33
1906	13	1	10	2	31	34
1907	13	1	11	2	31	35
1908	13	1	12	2	31	36
1909	13	1	13	2	31	37
1910	13	1	14	2	31	38
1911	13	1	15	2	31	39
1912	13	1	16	2	31	40
1913	13	1	17	2	31	41
1914	13	1	18	2	31	42
1915	13	1	19	2	31	43
1916	13	1	20	2	31	44
1917	13	1	21	2	31	45
1918	13	1	22	2	31	46
1919	13	1	23	2	31	47
1944	13	1	0	5	31	72
1945	13	1	1	5	31	73
1946	13	1	2	5	31	74
1947	13	1	3	5	31	75
1948	13	1	4	5	31	76
1949	13	1	5	5	31	77
1950	13	1	6	5	31	78
1951	13	1	7	5	31	79
1952	13	1	8	5	31	80
1953	13	1	9	5	31	81
1954	13	1	10	5	31	82
1955	13	1	11	5	31	83
1956	13	1	12	5	31	84
1957	13	1	13	5	31	85
1958	13	1	14	5	31	86
1959	13	1	15	5	31	87
1960	13	1	16	5	31	88
1961	13	1	17	5	31	89
1962	13	1	18	5	31	90
1963	13	1	19	5	31	91
1964	13	1	20	5	31	92
1965	13	1	21	5	31	93
1966	13	1	22	5	31	94
1967	13	1	23	5	31	95
1992	13	1	0	8	31	120
1993	13	1	1	8	31	121
1994	13	1	2	8	31	122
1995	13	1	3	8	31	123
1996	13	1	4	8	31	124
1997	13	1	5	8	31	125
1998	13	1	6	8	31	126
1999	13	1	7	8	31	127
2000	13	1	8	8	31	128
2001	13	1	9	8	31	129
2002	13	1	10	8	31	130
2003	13	1	11	8	31	131
2004	13	1	12	8	31	132
2005	13	1	13	8	31	133
2006	13	1	14	8	31	134
2007	13	1	15	8	31	135
2008	13	1	16	8	31	136
2009	13	1	17	8	31	137
2010	13	1	18	8	31	138
2011	13	1	19	8	31	139
2012	13	1	20	8	31	140
2013	13	1	21	8	31	141
2014	13	1	22	8	31	142
2015	13	1	23	8	31	143
504	0	1	23	2	20	0
505	0	1	22	2	20	1
506	0	1	21	2	20	2
507	0	1	20	2	20	3
508	0	1	19	2	20	4
509	0	1	18	2	20	5
510	0	1	17	2	20	6
511	0	1	16	2	20	7
512	0	1	15	2	20	8
513	0	1	14	2	20	9
514	0	1	13	2	20	10
515	0	1	12	2	20	11
516	0	1	11	2	20	12
517	0	1	10	2	20	13
518	0	1	9	2	20	14
519	0	1	8	2	20	15
520	0	1	7	2	20	16
521	0	1	6	2	20	17
522	0	1	5	2	20	18
523	0	1	4	2	20	19
524	0	1	3	2	20	20
525	0	1	2	2	20	21
526	0	1	1	2	20	22
527	0	1	0	2	20	23
552	0	1	23	5	20	48
553	0	1	22	5	20	49
554	0	1	21	5	20	50
555	0	1	20	5	20	51
556	0	1	19	5	20	52
557	0	1	18	5	20	53
558	0	1	17	5	20	54
559	0	1	16	5	20	55
560	0	1	15	5	20	56
561	0	1	14	5	20	57
562	0	1	13	5	20	58
563	0	1	12	5	20	59
564	0	1	11	5	20	60
565	0	1	10	5	20	61
566	0	1	9	5	20	62
567	0	1	8	5	20	63
568	0	1	7	5	20	64
569	0	1	6	5	20	65
570	0	1	5	5	20	66
571	0	1	4	5	20	67
572	0	1	3	5	20	68
573	0	1	2	5	20	69
574	0	1	1	5	20	70
575	0	1	0	5	20	71
600	0	1	23	8	20	96
601	0	1	22	8	20	97
602	0	1	21	8	20	98
603	0	1	20	8	20	99
604	0	1	19	8	20	100
605	0	1	18	8	20	101
606	0	1	17	8	20	102
607	0	1	16	8	20	103
608	0	1	15	8	20	104
609	0	1	14	8	20	105
610	0	1	13	8	20	106
611	0	1	12	8	20	107
612	0	1	11	8	20	108
613	0	1	10	8	20	109
614	0	1	9	8	20	110
615	0	1	8	8	20	111
616	0	1	7	8	20	112
617	0	1	6	8	20	113
618	0	1	5	8	20	114
619	0	1	4	8	20	115
620	0	1	3	8	20	116
621	0	1	2	8	20	117
622	0	1	1	8	20	118
623	0	1	0	8	20	119
528	2	1	23	2	20	24
529	2	1	22	2	20	25
530	2	1	21	2	20	26
531	2	1	20	2	20	27
532	2	1	19	2	20	28
533	2	1	18	2	20	29
534	2	1	17	2	20	30
535	2	1	16	2	20	31
536	2	1	15	2	20	32
537	2	1	14	2	20	33
538	2	1	13	2	20	34
539	2	1	12	2	20	35
540	2	1	11	2	20	36
541	2	1	10	2	20	37
542	2	1	9	2	20	38
543	2	1	8	2	20	39
544	2	1	7	2	20	40
545	2	1	6	2	20	41
546	2	1	5	2	20	42
547	2	1	4	2	20	43
548	2	1	3	2	20	44
549	2	1	2	2	20	45
550	2	1	1	2	20	46
551	2	1	0	2	20	47
576	2	1	23	5	20	72
577	2	1	22	5	20	73
578	2	1	21	5	20	74
579	2	1	20	5	20	75
580	2	1	19	5	20	76
581	2	1	18	5	20	77
582	2	1	17	5	20	78
583	2	1	16	5	20	79
584	2	1	15	5	20	80
585	2	1	14	5	20	81
586	2	1	13	5	20	82
587	2	1	12	5	20	83
588	2	1	11	5	20	84
589	2	1	10	5	20	85
590	2	1	9	5	20	86
591	2	1	8	5	20	87
592	2	1	7	5	20	88
593	2	1	6	5	20	89
594	2	1	5	5	20	90
595	2	1	4	5	20	91
596	2	1	3	5	20	92
597	2	1	2	5	20	93
598	2	1	1	5	20	94
599	2	1	0	5	20	95
624	2	1	23	8	20	120
625	2	1	22	8	20	121
626	2	1	21	8	20	122
627	2	1	20	8	20	123
628	2	1	19	8	20	124
629	2	1	18	8	20	125
630	2	1	17	8	20	126
631	2	1	16	8	20	127
632	2	1	15	8	20	128
633	2	1	14	8	20	129
634	2	1	13	8	20	130
635	2	1	12	8	20	131
636	2	1	11	8	20	132
637	2	1	10	8	20	133
638	2	1	9	8	20	134
639	2	1	8	8	20	135
640	2	1	7	8	20	136
641	2	1	6	8	20	137
642	2	1	5	8	20	138
643	2	1	4	8	20	139
644	2	1	3	8	20	140
645	2	1	2	8	20	141
646	2	1	1	8	20	142
647	2	1	0	8	20	143
648	4	1	0	2	21	0
649	4	1	1	2	21	1
650	4	1	2	2	21	2
651	4	1	3	2	21	3
652	4	1	4	2	21	4
653	4	1	5	2	21	5
654	4	1	6	2	21	6
655	4	1	7	2	21	7
656	4	1	8	2	21	8
657	4	1	9	2	21	9
658	4	1	10	2	21	10
659	4	1	11	2	21	11
660	4	1	12	2	21	12
661	4	1	13	2	21	13
662	4	1	14	2	21	14
663	4	1	15	2	21	15
664	4	1	16	2	21	16
665	4	1	17	2	21	17
666	4	1	18	2	21	18
667	4	1	19	2	21	19
668	4	1	20	2	21	20
669	4	1	21	2	21	21
670	4	1	22	2	21	22
671	4	1	23	2	21	23
696	4	1	0	5	21	48
697	4	1	1	5	21	49
698	4	1	2	5	21	50
699	4	1	3	5	21	51
700	4	1	4	5	21	52
701	4	1	5	5	21	53
702	4	1	6	5	21	54
703	4	1	7	5	21	55
704	4	1	8	5	21	56
705	4	1	9	5	21	57
706	4	1	10	5	21	58
707	4	1	11	5	21	59
708	4	1	12	5	21	60
709	4	1	13	5	21	61
710	4	1	14	5	21	62
711	4	1	15	5	21	63
712	4	1	16	5	21	64
713	4	1	17	5	21	65
714	4	1	18	5	21	66
715	4	1	19	5	21	67
716	4	1	20	5	21	68
717	4	1	21	5	21	69
718	4	1	22	5	21	70
719	4	1	23	5	21	71
744	4	1	0	8	21	96
745	4	1	1	8	21	97
746	4	1	2	8	21	98
747	4	1	3	8	21	99
748	4	1	4	8	21	100
749	4	1	5	8	21	101
750	4	1	6	8	21	102
751	4	1	7	8	21	103
752	4	1	8	8	21	104
753	4	1	9	8	21	105
754	4	1	10	8	21	106
755	4	1	11	8	21	107
756	4	1	12	8	21	108
757	4	1	13	8	21	109
758	4	1	14	8	21	110
759	4	1	15	8	21	111
760	4	1	16	8	21	112
761	4	1	17	8	21	113
762	4	1	18	8	21	114
763	4	1	19	8	21	115
764	4	1	20	8	21	116
765	4	1	21	8	21	117
766	4	1	22	8	21	118
767	4	1	23	8	21	119
672	6	1	23	2	21	24
673	6	1	22	2	21	25
674	6	1	21	2	21	26
675	6	1	20	2	21	27
676	6	1	19	2	21	28
677	6	1	18	2	21	29
678	6	1	17	2	21	30
679	6	1	16	2	21	31
680	6	1	15	2	21	32
681	6	1	14	2	21	33
682	6	1	13	2	21	34
683	6	1	12	2	21	35
684	6	1	11	2	21	36
685	6	1	10	2	21	37
686	6	1	9	2	21	38
687	6	1	8	2	21	39
688	6	1	7	2	21	40
689	6	1	6	2	21	41
690	6	1	5	2	21	42
691	6	1	4	2	21	43
692	6	1	3	2	21	44
693	6	1	2	2	21	45
694	6	1	1	2	21	46
695	6	1	0	2	21	47
720	6	1	23	5	21	72
721	6	1	22	5	21	73
722	6	1	21	5	21	74
723	6	1	20	5	21	75
724	6	1	19	5	21	76
725	6	1	18	5	21	77
726	6	1	17	5	21	78
727	6	1	16	5	21	79
728	6	1	15	5	21	80
729	6	1	14	5	21	81
730	6	1	13	5	21	82
731	6	1	12	5	21	83
732	6	1	11	5	21	84
733	6	1	10	5	21	85
734	6	1	9	5	21	86
735	6	1	8	5	21	87
736	6	1	7	5	21	88
737	6	1	6	5	21	89
738	6	1	5	5	21	90
739	6	1	4	5	21	91
740	6	1	3	5	21	92
741	6	1	2	5	21	93
742	6	1	1	5	21	94
743	6	1	0	5	21	95
768	6	1	23	8	21	120
769	6	1	22	8	21	121
770	6	1	21	8	21	122
771	6	1	20	8	21	123
772	6	1	19	8	21	124
773	6	1	18	8	21	125
774	6	1	17	8	21	126
775	6	1	16	8	21	127
776	6	1	15	8	21	128
777	6	1	14	8	21	129
778	6	1	13	8	21	130
779	6	1	12	8	21	131
780	6	1	11	8	21	132
781	6	1	10	8	21	133
782	6	1	9	8	21	134
783	6	1	8	8	21	135
784	6	1	7	8	21	136
785	6	1	6	8	21	137
786	6	1	5	8	21	138
787	6	1	4	8	21	139
788	6	1	3	8	21	140
789	6	1	2	8	21	141
790	6	1	1	8	21	142
791	6	1	0	8	21	143
792	8	1	23	2	22	0
793	8	1	22	2	22	1
794	8	1	21	2	22	2
795	8	1	20	2	22	3
796	8	1	19	2	22	4
797	8	1	18	2	22	5
798	8	1	17	2	22	6
799	8	1	16	2	22	7
800	8	1	15	2	22	8
801	8	1	14	2	22	9
802	8	1	13	2	22	10
803	8	1	12	2	22	11
804	8	1	11	2	22	12
805	8	1	10	2	22	13
806	8	1	9	2	22	14
807	8	1	8	2	22	15
808	8	1	7	2	22	16
809	8	1	6	2	22	17
810	8	1	5	2	22	18
811	8	1	4	2	22	19
812	8	1	3	2	22	20
813	8	1	2	2	22	21
814	8	1	1	2	22	22
815	8	1	0	2	22	23
816	8	1	23	5	22	24
817	8	1	22	5	22	25
818	8	1	21	5	22	26
819	8	1	20	5	22	27
820	8	1	19	5	22	28
821	8	1	18	5	22	29
822	8	1	17	5	22	30
823	8	1	16	5	22	31
824	8	1	15	5	22	32
825	8	1	14	5	22	33
826	8	1	13	5	22	34
827	8	1	12	5	22	35
828	8	1	11	5	22	36
829	8	1	10	5	22	37
830	8	1	9	5	22	38
831	8	1	8	5	22	39
832	8	1	7	5	22	40
833	8	1	6	5	22	41
834	8	1	5	5	22	42
835	8	1	4	5	22	43
836	8	1	3	5	22	44
837	8	1	2	5	22	45
838	8	1	1	5	22	46
839	8	1	0	5	22	47
840	8	1	23	8	22	48
841	8	1	22	8	22	49
842	8	1	21	8	22	50
843	8	1	20	8	22	51
844	8	1	19	8	22	52
845	8	1	18	8	22	53
846	8	1	17	8	22	54
847	8	1	16	8	22	55
848	8	1	15	8	22	56
849	8	1	14	8	22	57
850	8	1	13	8	22	58
851	8	1	12	8	22	59
852	8	1	11	8	22	60
853	8	1	10	8	22	61
854	8	1	9	8	22	62
855	8	1	8	8	22	63
856	8	1	7	8	22	64
857	8	1	6	8	22	65
858	8	1	5	8	22	66
859	8	1	4	8	22	67
860	8	1	3	8	22	68
861	8	1	2	8	22	69
862	8	1	1	8	22	70
863	8	1	0	8	22	71
864	10	1	23	2	23	0
865	10	1	22	2	23	1
866	10	1	21	2	23	2
867	10	1	20	2	23	3
868	10	1	19	2	23	4
869	10	1	18	2	23	5
870	10	1	17	2	23	6
871	10	1	16	2	23	7
872	10	1	15	2	23	8
873	10	1	14	2	23	9
874	10	1	13	2	23	10
875	10	1	12	2	23	11
876	10	1	11	2	23	12
877	10	1	10	2	23	13
878	10	1	9	2	23	14
879	10	1	8	2	23	15
880	10	1	7	2	23	16
881	10	1	6	2	23	17
882	10	1	5	2	23	18
883	10	1	4	2	23	19
884	10	1	3	2	23	20
885	10	1	2	2	23	21
886	10	1	1	2	23	22
887	10	1	0	2	23	23
912	10	1	23	5	23	48
913	10	1	22	5	23	49
914	10	1	21	5	23	50
915	10	1	20	5	23	51
916	10	1	19	5	23	52
917	10	1	18	5	23	53
918	10	1	17	5	23	54
919	10	1	16	5	23	55
920	10	1	15	5	23	56
921	10	1	14	5	23	57
922	10	1	13	5	23	58
923	10	1	12	5	23	59
924	10	1	11	5	23	60
925	10	1	10	5	23	61
926	10	1	9	5	23	62
927	10	1	8	5	23	63
928	10	1	7	5	23	64
929	10	1	6	5	23	65
930	10	1	5	5	23	66
931	10	1	4	5	23	67
932	10	1	3	5	23	68
933	10	1	2	5	23	69
934	10	1	1	5	23	70
935	10	1	0	5	23	71
960	10	1	23	8	23	96
961	10	1	22	8	23	97
962	10	1	21	8	23	98
963	10	1	20	8	23	99
964	10	1	19	8	23	100
965	10	1	18	8	23	101
966	10	1	17	8	23	102
967	10	1	16	8	23	103
968	10	1	15	8	23	104
969	10	1	14	8	23	105
970	10	1	13	8	23	106
971	10	1	12	8	23	107
972	10	1	11	8	23	108
973	10	1	10	8	23	109
974	10	1	9	8	23	110
975	10	1	8	8	23	111
976	10	1	7	8	23	112
977	10	1	6	8	23	113
978	10	1	5	8	23	114
979	10	1	4	8	23	115
980	10	1	3	8	23	116
981	10	1	2	8	23	117
982	10	1	1	8	23	118
983	10	1	0	8	23	119
888	12	1	23	2	23	24
889	12	1	22	2	23	25
890	12	1	21	2	23	26
891	12	1	20	2	23	27
892	12	1	19	2	23	28
893	12	1	18	2	23	29
894	12	1	17	2	23	30
895	12	1	16	2	23	31
896	12	1	15	2	23	32
897	12	1	14	2	23	33
898	12	1	13	2	23	34
899	12	1	12	2	23	35
900	12	1	11	2	23	36
901	12	1	10	2	23	37
902	12	1	9	2	23	38
903	12	1	8	2	23	39
904	12	1	7	2	23	40
905	12	1	6	2	23	41
906	12	1	5	2	23	42
907	12	1	4	2	23	43
908	12	1	3	2	23	44
909	12	1	2	2	23	45
910	12	1	1	2	23	46
911	12	1	0	2	23	47
936	12	1	23	5	23	72
937	12	1	22	5	23	73
938	12	1	21	5	23	74
939	12	1	20	5	23	75
940	12	1	19	5	23	76
941	12	1	18	5	23	77
942	12	1	17	5	23	78
943	12	1	16	5	23	79
944	12	1	15	5	23	80
945	12	1	14	5	23	81
946	12	1	13	5	23	82
947	12	1	12	5	23	83
948	12	1	11	5	23	84
949	12	1	10	5	23	85
950	12	1	9	5	23	86
951	12	1	8	5	23	87
952	12	1	7	5	23	88
953	12	1	6	5	23	89
954	12	1	5	5	23	90
955	12	1	4	5	23	91
956	12	1	3	5	23	92
957	12	1	2	5	23	93
958	12	1	1	5	23	94
959	12	1	0	5	23	95
984	12	1	23	8	23	120
985	12	1	22	8	23	121
986	12	1	21	8	23	122
987	12	1	20	8	23	123
988	12	1	19	8	23	124
989	12	1	18	8	23	125
990	12	1	17	8	23	126
991	12	1	16	8	23	127
992	12	1	15	8	23	128
993	12	1	14	8	23	129
994	12	1	13	8	23	130
995	12	1	12	8	23	131
996	12	1	11	8	23	132
997	12	1	10	8	23	133
998	12	1	9	8	23	134
999	12	1	8	8	23	135
1000	12	1	7	8	23	136
1001	12	1	6	8	23	137
1002	12	1	5	8	23	138
1003	12	1	4	8	23	139
1004	12	1	3	8	23	140
1005	12	1	2	8	23	141
1006	12	1	1	8	23	142
1007	12	1	0	8	23	143

